ID YEAR COMPANYAGE RnDEXPEND REVENUE
1 1994 0.441818181818182 0.470022213845634 4.68124942872153
1 1995 0.487272727272727 0.123655871658284 3.31947215531169
1 1996 0.532727272727273 0.17608490483863 3.50837826278183
1 1997 0.578181818181818 0.206715088545935 3.62034181058871
1 1998 0.623636363636364 0.109349145012769 3.23281288814245
1 1999 0.669090909090909 0.254166689946656 3.78119912042199
1 2000 0.714545454545455 0.192267858683389 3.52373584104161
1 2001 0.76 0.323093256669884 4.03629937741333
1 2002 0.805454545454545 0.373370248065952 4.18901650955577
2 1994 0.0327272727272727 0.480345822480505 4.84057777838254
2 1995 0.0781818181818182 0.444510130014373 4.69267897951761
2 1996 0.123636363636364 0.210456547578131 3.7737740085678
2 1997 0.169090909090909 0.208582751356843 3.76487673505259
2 1998 0.214545454545455 0.122071195825295 3.39927186582548
2 1999 0.26 0.362774918820845 4.31893785971033
2 2000 0.305454545454545 0.288789519533911 4.00735043125712
2 2001 0.350909090909091 0.364092238478523 4.31603764925333
2 2002 0.396363636363636 0.469354477242602 4.69279550054804
3 1994 0.578181818181818 0.256517220425403 3.81080289238701
3 1995 0.623636363636364 0.240507752791485 3.73234505817187
3 1996 0.669090909090909 0.609314369971138 5.164735737098
3 1997 0.714545454545455 0.225529616505255 3.67366029670992
3 1998 0.76 0.297139733901785 3.90151303832592
3 1999 0.805454545454545 0.440514362435054 4.4405168647088
3 2000 0.850909090909091 0.266381022184105 3.77385692289209
3 2001 0.896363636363636 0.470406458897531 4.54253952612884
3 2002 0.941818181818182 0.232207580627999 3.59599896535331
4 1994 0.521363636363636 0.167139561567184 3.47443491686523
4 1995 0.566818181818182 0.280843180452084 3.90168539926338
4 1996 0.612272727272727 0.0698452922988028 3.07821556518233
4 1997 0.657727272727273 0.404106504708537 4.36573616968051
4 1998 0.703181818181818 0.327178452832099 4.04652370052307
4 1999 0.748636363636364 0.14322347848924 3.30697503457961
4 2000 0.794090909090909 0.269891403693388 3.79873799414548
4 2001 0.839545454545455 0.196304317241263 3.49587785519331
4 2002 0.885 0.359686119258911 4.10172235779352
5 1994 0.0327272727272727 0.244842809758075 3.94045622949638
5 1995 0.0781818181818182 0.177746726487074 3.66279901368314
5 1996 0.123636363636364 0.107819839957843 3.37204694870862
5 1997 0.169090909090909 0.320945496020772 4.18950685765265
5 1998 0.214545454545455 0.151055731429356 3.5249246522856
5 1999 0.26 0.35390519014912 4.27001837710789
5 2000 0.305454545454545 0.659461985069885 5.45724929794847
5 2001 0.350909090909091 0.289888864271068 4.03399007871076
5 2002 0.396363636363636 0.606684535978284 5.22219867556897
7 1994 0.373636363636364 0.347234696853146 4.21733906440518
7 1995 0.419090909090909 0.422129745158325 4.49052163635328
7 1996 0.464545454545455 0.333843576444499 4.13913325883983
7 1997 0.51 0.244988089156063 3.78918400786464
7 1998 0.555454545454545 0.152151260339078 3.42445311919923
7 1999 0.600909090909091 0.528667432329439 4.86386837923752
7 2000 0.646363636363636 0.508516876652311 4.76846124409315
7 2001 0.691818181818182 0.406752059895831 4.36382404044545
7 2002 0.737272727272727 0.180175914183082 3.46657019163557
8 1994 0.01 0.507787933261717 4.93889614988167
8 1995 0.0554545454545455 0.437731506384838 4.66535206887052
8 1996 0.100909090909091 0.285904468629318 4.07260428026779
8 1997 0.146363636363636 0.315721414752373 4.17761804371605
8 1998 0.191818181818182 0.350822056129002 4.31612501067566
8 1999 0.237272727272727 0.499026770563358 4.85582971810063
8 2000 0.282727272727273 0.32806537990457 4.18995599671732
8 2001 0.328181818181818 0.0940128899358672 3.26974210600129
8 2002 0.373636363636364 0.250520695976274 3.85305060459894
9 1994 0.521363636363636 0.288676609509475 3.94165081818366
9 1995 0.566818181818182 0.265698965232337 3.84670202327233
9 1996 0.612272727272727 0.278905443005074 3.88655304534611
9 1997 0.657727272727273 0.343225958822963 4.11969320754644
9 1998 0.703181818181818 0.176185852861303 3.45887860963632
9 1999 0.748636363636364 0.328164788566838 4.04244430131311
9 2000 0.794090909090909 0.285236489890222 3.84379113407931
9 2001 0.839545454545455 0.15582048475223 3.33924751335533
9 2002 0.885 0.371680708553 4.14482733105747
10 1994 0.0440909090909091 0.397183885938543 4.517078342938
10 1995 0.0895454545454545 0.250830285489562 3.94677313006773
10 1996 0.135 0.30224858870797 4.11567918494202
10 1997 0.180454545454545 0.361962838367142 4.32992250188252
10 1998 0.225909090909091 0.402821849530872 4.48242685195651
10 1999 0.271363636363636 0.51995383301626 4.91491765930748
10 2000 0.316818181818182 0.314299592694853 4.12099023430066
10 2001 0.362272727272727 0.303549134090781 4.05291813263993
10 2002 0.407727272727273 0.326727398821642 4.13593234355294
11 1994 0.555454545454545 0.191212718274268 3.55958794102804
11 1995 0.600909090909091 0.358451403787387 4.18793536754061
11 1996 0.646363636363636 0.25373452893527 3.78752761152251
11 1997 0.691818181818182 0.309676940125261 3.97119799895851
11 1998 0.737272727272727 0.247488069539671 3.73579726778847
11 1999 0.782727272727273 0.393476055841962 4.28318922012745
11 2000 0.828181818181818 0.271324010518903 3.78990749416972
11 2001 0.873636363636364 0.409833540716644 4.31342981250279
11 2002 0.919090909090909 0.285661255831601 3.81208043207984
18 1994 0.294090909090909 0.115731839700227 3.36258097070272
18 1995 0.339545454545455 0.293581738486031 4.03976073777858
18 1996 0.385 0.175215189371195 3.57610373453311
18 1997 0.430454545454545 0.158357482632068 3.4602236190417
18 1998 0.475909090909091 0.563372930387306 5.04573845235334
18 1999 0.521363636363636 0.188186443623162 3.56174569340387
18 2000 0.566818181818182 0.282787264763475 3.89822424914848
18 2001 0.612272727272727 0.0635488310803384 3.08335646084383
18 2002 0.657727272727273 0.415406938270041 4.39117154089711
19 1994 0.373636363636364 0.439381110447671 4.59017508778481
19 1995 0.419090909090909 0.44160700306796 4.56372597236255
19 1996 0.464545454545455 0.274568799634771 3.91002169428763
19 1997 0.51 0.364904571551938 4.2542059152386
19 1998 0.555454545454545 0.691135722645688 5.49814891919025
19 1999 0.600909090909091 0.286981766100047 3.91868714761751
19 2000 0.646363636363636 0.311622463375964 4.01889339483729
19 2001 0.691818181818182 0.309335896449934 3.97554519821481
19 2002 0.737272727272727 0.294102896854876 3.91358878332925
22 1994 0.01 0.116698535583584 3.44878833321941
22 1995 0.0554545454545455 0.410033724843613 4.5564415206253
22 1996 0.100909090909091 0.138752252793946 3.48308708983363
22 1997 0.146363636363636 0.383917289950561 4.43686346977429
22 1998 0.191818181818182 0.343570903574325 4.26324595527554
22 1999 0.237272727272727 0.402544203758887 4.47748977654228
22 2000 0.282727272727273 0.470206425974492 4.73502041768339
22 2001 0.328181818181818 0.218285785325895 3.74854583062908
22 2002 0.373636363636364 0.173848778453047 3.53226641484652
24 1994 0.237272727272727 0.369348390889712 4.34130466323853
24 1995 0.282727272727273 0.310180689638007 4.0962466432868
24 1996 0.328181818181818 0.371655158838097 4.31675263738467
24 1997 0.373636363636364 0.225713433742487 3.76712735601114
24 1998 0.419090909090909 0.385086464970948 4.35393259806753
24 1999 0.464545454545455 0.449662822591043 4.58473201477263
24 2000 0.51 0.0884701640097409 3.19073206184193
24 2001 0.555454545454545 0.352787857426082 4.18817499007911
24 2002 0.600909090909091 0.222691147661133 3.68563933349889
26 1994 0.294090909090909 0.232155155208188 3.80090389691944
26 1995 0.339545454545455 0.157215360892555 3.50699442747665
26 1996 0.385 0.278720575769783 3.96045147865305
26 1997 0.430454545454545 0.229666167109696 3.75390828997956
26 1998 0.475909090909091 0.297597463028768 4.00573856751311
26 1999 0.521363636363636 0.413010501662607 4.45910690984451
26 2000 0.566818181818182 0.547054243724738 4.91516375088229
26 2001 0.612272727272727 0.53312410347 4.87692586329784
26 2002 0.657727272727273 0.119344536303765 3.25645570644955
29 1994 0.180454545454545 0.174110152826491 3.63112665268786
29 1995 0.225909090909091 0.301052527898184 4.10654440872438
29 1996 0.271363636363636 0.298973829616941 4.08767745167316
29 1997 0.316818181818182 0.223162035590517 3.76855902970512
29 1998 0.362272727272727 0.278835626607797 3.96889214714708
29 1999 0.407727272727273 0.24457448177172 3.81614726518662
29 2000 0.453181818181818 0.297190713165418 4.01505071643715
29 2001 0.498636363636364 0.317029575085347 4.06487050749214
29 2002 0.544090909090909 0.638146424427923 5.27068075473254
31 1994 0.464545454545455 0.258178448257049 3.85379964057367
31 1995 0.51 0.317161191148272 4.0856782527686
31 1996 0.555454545454545 0.42027957251783 4.43198829788089
31 1997 0.600909090909091 0.308943341748846 4.00413819584533
31 1998 0.646363636363636 0.180999857436748 3.49833524043147
31 1999 0.691818181818182 0.359289270324822 4.16531230525121
31 2000 0.737272727272727 0.291031857894943 3.88502974294581
31 2001 0.782727272727273 0.258281708237901 3.77115042508107
31 2002 0.828181818181818 0.419996232444717 4.36682870498233
32 1994 0.589545454545455 0.235831132145243 3.72711989267177
32 1995 0.635 0.427762499522199 4.45775959134426
32 1996 0.680454545454545 0.343215854094375 4.13357907180704
32 1997 0.725909090909091 0.274476380775261 3.84569361089071
32 1998 0.771363636363636 0.489557305198963 4.6467603506733
32 1999 0.816818181818182 0.457332316767637 4.49916543071975
32 2000 0.862272727272727 0.24385567288048 3.68622107814662
32 2001 0.907727272727273 0.41496367537558 4.32303408185555
32 2002 0.953181818181818 0.206473826699833 3.50307923188558
34 1994 0.316818181818182 0.0984927397324715 3.29301767518777
34 1995 0.362272727272727 0.176617250016097 3.58134703137352
34 1996 0.407727272727273 0.247797862847642 3.83434329385356
34 1997 0.453181818181818 0.436412124624665 4.55530169791097
34 1998 0.498636363636364 0.319701002484865 4.07604538601129
34 1999 0.544090909090909 0.407409435443945 4.41620657033913
34 2000 0.589545454545455 0.285612628604877 3.9097751454766
34 2001 0.635 0.120707073682495 3.2519903802811
34 2002 0.680454545454545 0.273281316901368 3.83542690846141
37 1994 0.578181818181818 0.458830897358217 4.59412949243467
37 1995 0.623636363636364 0.546081566029863 4.93426681628738
37 1996 0.669090909090909 0.267257104570529 3.82466915633572
37 1997 0.714545454545455 0.30815989917555 3.9774488049238
37 1998 0.76 0.255838013325955 3.74296965299215
37 1999 0.805454545454545 0.601367076857256 5.07172570395368
37 2000 0.850909090909091 0.477873379211189 4.57782398332263
37 2001 0.896363636363636 0.346994814389375 4.0483212895055
37 2002 0.941818181818182 0.31320741502797 3.91724005744352
40 1994 0.521363636363636 0.35424379135657 4.19421257678814
40 1995 0.566818181818182 0.435508675063558 4.51286078284345
40 1996 0.612272727272727 0.104948841845575 3.19816740587425
40 1997 0.657727272727273 0.153019191574518 3.36793952865432
40 1998 0.703181818181818 0.650886233786205 5.28794698913574
40 1999 0.748636363636364 0.588219507762885 5.03969694379756
40 2000 0.794090909090909 0.489344856801826 4.64158649680565
40 2001 0.839545454545455 0.535689655490352 4.80814697997524
40 2002 0.885 0.152763227576979 3.31313033408509
46 1994 0.350909090909091 0.482783822641323 4.75381918369694
46 1995 0.396363636363636 0.223551429891773 3.7465634193296
46 1996 0.441818181818182 0.444337797225707 4.58829182401861
46 1997 0.487272727272727 0.390770305170231 4.37717419114538
46 1998 0.532727272727273 0.23345054613719 3.74356935678268
46 1999 0.578181818181818 0.194898422849411 3.56938993834193
46 2000 0.623636363636364 0.292045907175449 3.91852092298327
46 2001 0.669090909090909 0.222040295507655 3.63930818107259
46 2002 0.714545454545455 0.334569574931583 4.08104406405374
48 1994 0.328181818181818 0.073823765310757 3.16933606875778
48 1995 0.373636363636364 0.347685252460057 4.24469537307474
48 1996 0.419090909090909 0.320562731002648 4.10194894312429
48 1997 0.464545454545455 0.232437117385579 3.77038299336193
48 1998 0.51 0.17040259737267 3.50911199858146
48 1999 0.555454545454545 0.423248564115702 4.46964244025728
48 2000 0.600909090909091 0.282117122751575 3.9083462225427
48 2001 0.646363636363636 0.646413849964391 5.28395414135925
48 2002 0.691818181818182 0.199170549614697 3.55190638997439
51 1994 0.0327272727272727 0.494606184098134 4.88404177312201
51 1995 0.0781818181818182 0.0660774445866041 3.22738473713683
51 1996 0.123636363636364 0.479560407922604 4.81192187822041
51 1997 0.169090909090909 0.49424373972669 4.85595299587554
51 1998 0.214545454545455 0.347534751368386 4.27529366018929
51 1999 0.26 0.512530519470113 4.89940498436212
51 2000 0.305454545454545 0.0989329646727297 3.27822697977156
51 2001 0.350909090909091 0.30261969555241 4.06676572787212
51 2002 0.396363636363636 0.27307070435895 3.93790410833488
52 1994 0.282727272727273 0.378658497338658 4.36782457896644
52 1995 0.328181818181818 0.296652462135713 4.04396253869371
52 1996 0.373636363636364 0.311308503802829 4.08591714002813
52 1997 0.419090909090909 0.631423798285953 5.31604024331089
52 1998 0.464545454545455 0.547798559962204 4.96682035342865
52 1999 0.51 0.251263227985384 3.80935542089892
52 2000 0.555454545454545 0.234073348424999 3.74415341527233
52 2001 0.600909090909091 0.146892947794335 3.36816609118299
52 2002 0.646363636363636 0.441135498554833 4.50189300045486
53 1994 0.396363636363636 0.401686781356377 4.44283263345385
53 1995 0.441818181818182 0.421951486406622 4.49414408472052
53 1996 0.487272727272727 0.481937732051818 4.70041767553491
53 1997 0.532727272727273 0.447342054395551 4.56370609592837
53 1998 0.578181818181818 0.344155355255456 4.13999837797123
53 1999 0.623636363636364 0.346070098600151 4.14269744378255
53 2000 0.669090909090909 0.340822477586903 4.09986057589406
53 2001 0.714545454545455 0.146389247731716 3.34069366368522
53 2002 0.76 0.332670792609639 4.05407373784438
54 1994 0.362272727272727 0.16684286739927 3.51311185114158
54 1995 0.407727272727273 0.277031548997464 3.95416990132403
54 1996 0.453181818181818 0.251746493501419 3.83850614334622
54 1997 0.498636363636364 0.134339495191792 3.35555008368983
54 1998 0.544090909090909 0.332120373148316 4.11241346820429
54 1999 0.589545454545455 0.367397665075594 4.21664405073343
54 2000 0.635 0.722467866923458 5.57793424642909
54 2001 0.680454545454545 0.429992896105964 4.4485789516719
54 2002 0.725909090909091 0.238342789016298 3.68632715579246
55 1994 0.237272727272727 0.398191775257396 4.45114036868902
55 1995 0.282727272727273 0.380689365688093 4.39413503858193
55 1996 0.328181818181818 0.383688126452581 4.36219245455962
55 1997 0.373636363636364 0.299218063233182 4.05599345134482
55 1998 0.419090909090909 0.225530367767134 3.74442869374648
55 1999 0.464545454545455 0.578507487991407 5.08257120539801
55 2000 0.51 0.50568604063629 4.78889075384312
55 2001 0.555454545454545 0.679858635600786 5.44756697299467
55 2002 0.600909090909091 0.272594816856424 3.87126058835202
57 1994 0.589545454545455 0.259167393490316 3.80540512428366
57 1995 0.635 0.314374296800518 4.00946269005796
57 1996 0.680454545454545 0.227869751543036 3.66542582787159
57 1997 0.725909090909091 0.228489086821498 3.66666766933516
57 1998 0.771363636363636 0.255918391142442 3.75725376695824
57 1999 0.816818181818182 0.428523987455698 4.41298228660206
57 2000 0.862272727272727 0.392722592633945 4.23757647631703
57 2001 0.907727272727273 0.376974858161402 4.1810830994851
57 2002 0.953181818181818 0.160167475918484 3.32258609761457
58 1994 0.0668181818181818 0.336311868503207 4.29305223385741
58 1995 0.112272727272727 0.545497950454183 5.07054935503952
58 1996 0.157727272727273 0.491535635466413 4.86031942307178
58 1997 0.203181818181818 0.320679908869909 4.16665726765198
58 1998 0.248636363636364 0.263889178117473 3.93954896799341
58 1999 0.294090909090909 0.22816281712411 3.78953086116277
58 2000 0.339545454545455 0.288656922143375 4.02111878311704
58 2001 0.385 0.337623489308861 4.19332779548598
58 2002 0.430454545454545 0.423330226967949 4.48915259790152
60 1994 0.578181818181818 0.295610826300994 3.97763405602644
60 1995 0.623636363636364 0.309162518255129 4.01252152050768
60 1996 0.669090909090909 0.645186827491727 5.28662526347116
60 1997 0.714545454545455 0.318419656048758 4.02202394234374
60 1998 0.76 0.50381146407645 4.69851220755724
60 1999 0.805454545454545 0.184528438987666 3.46480756012107
60 2000 0.850909090909091 0.323377142917417 3.98789494109448
60 2001 0.896363636363636 0.316140937816276 3.94464228346883
60 2002 0.941818181818182 0.204833145210614 3.48166552627666
61 1994 0.146363636363636 0.135489186626581 3.48601782066786
61 1995 0.191818181818182 0.284017455756339 4.02274134962101
61 1996 0.237272727272727 0.238507856302019 3.86065962318558
61 1997 0.282727272727273 0.400495131319488 4.46857064803542
61 1998 0.328181818181818 0.2305709465223 3.79165643468015
61 1999 0.373636363636364 0.154931758475668 3.47999947497785
61 2000 0.419090909090909 0.633162771130758 5.31794123202989
61 2001 0.464545454545455 0.332026879753059 4.13362845912687
61 2002 0.51 0.247627090760986 3.81243311274736
62 1994 0.623636363636364 0.278967981091356 3.87785678746674
62 1995 0.669090909090909 0.229948235586554 3.68249845144518
62 1996 0.714545454545455 0.338946228790004 4.08737496131236
62 1997 0.76 0.237207493213348 3.6837383058757
62 1998 0.805454545454545 0.357552585913337 4.1318858399944
62 1999 0.850909090909091 0.37756451543491 4.20731869618869
62 2000 0.896363636363636 0.306106686683161 3.90940651323442
62 2001 0.941818181818182 0.32778673402653 3.96392746747338
62 2002 0.987272727272727 0.491156599088145 4.60512212361425
63 1994 0.0668181818181818 0.279394798953774 4.06322482942295
63 1995 0.112272727272727 0.377972737553072 4.41989196548036
63 1996 0.157727272727273 0.27906522248374 4.04830501583252
63 1997 0.203181818181818 0.177504822333096 3.62251593056991
63 1998 0.248636363636364 0.442562513122467 4.62596062465725
63 1999 0.294090909090909 0.489652614733653 4.80150274914346
63 2000 0.339545454545455 0.296646897228972 4.03153137402113
63 2001 0.385 0.287264030953988 3.99111893144169
63 2002 0.430454545454545 0.110624494214025 3.29520505642786
64 1994 0.350909090909091 0.384812019534863 4.37708315409669
64 1995 0.396363636363636 0.322779039335394 4.09770493243298
64 1996 0.441818181818182 0.0407650364737893 3.01916715002082
64 1997 0.487272727272727 0.360040753893751 4.24458467550551
64 1998 0.532727272727273 0.332821267159742 4.11391805653774
64 1999 0.578181818181818 0.18158877686772 3.49964338789604
64 2000 0.623636363636364 0.153736240050064 3.42027329178212
64 2001 0.669090909090909 0.50380410906969 4.72837155960275
64 2002 0.714545454545455 0.280247594079692 3.86052714094044
67 1994 0.237272727272727 0.156629737472587 3.54170815577409
67 1995 0.282727272727273 0.178273063044846 3.60638280714997
67 1996 0.328181818181818 0.268490858547323 3.92808939715225
67 1997 0.373636363636364 0.216851440149344 3.70043652274372
67 1998 0.419090909090909 0.46161392089481 4.65158592115334
67 1999 0.464545454545455 0.241859983106347 3.76711466643764
67 2000 0.51 0.266643767998336 3.89058132978615
67 2001 0.555454545454545 0.184762381450358 3.53636217989805
67 2002 0.600909090909091 0.293860193265599 3.93911877995297
68 1994 0.555454545454545 0.204793014160624 3.63984616419912
68 1995 0.600909090909091 0.486592962372395 4.71238778235531
68 1996 0.646363636363636 0.492600105756949 4.69519312420763
68 1997 0.691818181818182 0.400446133235665 4.31836117904353
68 1998 0.737272727272727 0.406713658459406 4.33956299198915
68 1999 0.782727272727273 0.341232942394343 4.07743103714676
68 2000 0.828181818181818 0.514758715098213 4.72725009866745
68 2001 0.873636363636364 0.428828589346237 4.38761823152796
68 2002 0.919090909090909 0.367906578296982 4.13113389207212
69 1994 0.328181818181818 0.641368907341691 5.3481380901722
69 1995 0.373636363636364 0.174503309446627 3.55652296624013
69 1996 0.419090909090909 0.601458166042297 5.19811333912784
69 1997 0.464545454545455 0.329752982841735 4.1344216548416
69 1998 0.51 0.288485109452149 3.95491516861564
69 1999 0.555454545454545 0.305767154536648 4.00435354212109
69 2000 0.600909090909091 0.404140441339815 4.38596194070017
69 2001 0.646363636363636 0.481009043597954 4.66351846775102
69 2002 0.691818181818182 0.581813457453834 5.05050921126191
75 1994 0.350909090909091 0.305507715540992 4.0860683694259
75 1995 0.396363636363636 0.157061250075258 3.49949783891583
75 1996 0.441818181818182 0.370167295779236 4.29273217897694
75 1997 0.487272727272727 0.338543478320191 4.16150166391811
75 1998 0.532727272727273 0.172254567500911 3.47981230272921
75 1999 0.578181818181818 0.497466643467432 4.73820585222639
75 2000 0.623636363636364 0.248243609776299 3.77276608080133
75 2001 0.669090909090909 0.212497701802149 3.59766571253889
75 2002 0.714545454545455 0.150145302732619 3.35350612533808
76 1994 0.589545454545455 0.38913951872162 4.33284887524424
76 1995 0.635 0.426668714992653 4.44164738304049
76 1996 0.680454545454545 0.213003669837996 3.61186504129426
76 1997 0.725909090909091 0.429624424475044 4.43717898642121
76 1998 0.771363636363636 0.167830134534295 3.40357288912607
76 1999 0.816818181818182 0.307076012325013 3.91719425707199
76 2000 0.862272727272727 0.270809183977131 3.76522305855883
76 2001 0.907727272727273 0.326994450609727 3.97920513539568
76 2002 0.953181818181818 0.347595156315474 4.04374011710973
78 1994 0.566818181818182 0.487228964096733 4.70063055754536
78 1995 0.612272727272727 0.0921431144472106 3.1526014518532
78 1996 0.657727272727273 0.259652291321278 3.79940359597961
78 1997 0.703181818181818 0.366820958778435 4.19683210457473
78 1998 0.748636363636364 0.358368756182885 4.15555393518391
78 1999 0.794090909090909 0.466307126905529 4.55140546417225
78 2000 0.839545454545455 0.146434671883638 3.31368111894413
78 2001 0.885 0.221040868861027 3.55618961020596
78 2002 0.930454545454545 0.430838646451362 4.36495329255044
79 1994 0.26 0.276368345359542 3.99575924106749
79 1995 0.305454545454545 0.239724212911277 3.83963041373446
79 1996 0.350909090909091 0.631913501584501 5.34827350041414
79 1997 0.396363636363636 0.22768860374727 3.76833105990458
79 1998 0.441818181818182 0.434557988096774 4.54751123208378
79 1999 0.487272727272727 0.671433985999284 5.44427695762012
79 2000 0.532727272727273 0.234028156184613 3.72761653079544
79 2001 0.578181818181818 0.4502832305588 4.55129566017628
79 2002 0.623636363636364 0.203103356553841 3.57591616526311
80 1994 0.487272727272727 0.453081963045937 4.58683824432462
80 1995 0.532727272727273 0.214234187214209 3.68935933749261
80 1996 0.578181818181818 0.190299182575942 3.56595947505545
80 1997 0.623636363636364 0.217538436335134 3.64746048567941
80 1998 0.669090909090909 0.369219335307182 4.2205238390289
80 1999 0.714545454545455 0.23409985503392 3.67606377403121
80 2000 0.76 0.376719055496806 4.21657684935174
80 2001 0.805454545454545 0.573038959750892 4.96373989153382
80 2002 0.850909090909091 0.115971088652363 3.17953585614309
83 1994 0.146363636363636 0.371932718215366 4.39475478670681
83 1995 0.191818181818182 0.487199508274707 4.80381161865647
83 1996 0.237272727272727 0.383730125436621 4.41136515577116
83 1997 0.282727272727273 0.274271113946558 3.9805710512324
83 1998 0.328181818181818 0.506158933731058 4.84197059289827
83 1999 0.373636363636364 0.145455930151946 3.43757119259345
83 2000 0.419090909090909 0.31834377062468 4.10061467582745
83 2001 0.464545454545455 0.232005162455119 3.76498197410594
83 2002 0.51 0.422888611705373 4.47402021350513
84 1994 0.498636363636364 0.405480410103878 4.40339478367988
84 1995 0.544090909090909 0.301326356480619 3.99538247115133
84 1996 0.589545454545455 0.434653948864231 4.51624584654415
84 1997 0.635 0.330786866650605 4.08184972965686
84 1998 0.680454545454545 0.153113975383198 3.37321143575097
84 1999 0.725909090909091 0.194953546515697 3.53017198131291
84 2000 0.771363636363636 0.289953583551924 3.88860995153298
84 2001 0.816818181818182 0.308507741502103 3.93191906205526
84 2002 0.862272727272727 0.227408435979779 3.61051235525454
87 1994 0.544090909090909 0.217053380726031 3.66214336071571
87 1995 0.589545454545455 0.198166305484768 3.59996742758626
87 1996 0.635 0.266104382266082 3.83122456774106
87 1997 0.680454545454545 0.072928756531585 3.07321065217103
87 1998 0.725909090909091 0.236755741429207 3.70992462305799
87 1999 0.771363636363636 0.112471431101056 3.18993927569543
87 2000 0.816818181818182 0.19281117590937 3.49683113120942
87 2001 0.862272727272727 0.168931833347794 3.38072789023653
87 2002 0.907727272727273 0.32716256354898 3.99549126788047
88 1994 0.600909090909091 0.409717232258531 4.39611620290636
88 1995 0.646363636363636 0.148954800205371 3.38410491774286
88 1996 0.691818181818182 0.300890403931229 3.95524727965166
88 1997 0.737272727272727 0.288315546019288 3.87907731644693
88 1998 0.782727272727273 0.583985791237877 5.01163895389242
88 1999 0.828181818181818 0.165253729978943 3.37113369867156
88 2000 0.873636363636364 0.224157257565696 3.59049746621409
88 2001 0.919090909090909 0.47208226938448 4.55220433220386
88 2002 0.964545454545455 0.307302401494167 3.87935795412585
90 1994 0.203181818181818 0.355703602391196 4.31557512517296
90 1995 0.248636363636364 0.357525050878364 4.28244243486953
90 1996 0.294090909090909 0.579155454825282 5.14470739279425
90 1997 0.339545454545455 0.299351377538324 4.05048434181952
90 1998 0.385 0.128461969048301 3.38586567968449
90 1999 0.430454545454545 0.216074458789073 3.69501009081768
90 2000 0.475909090909091 0.387965032385226 4.35532120170233
90 2001 0.521363636363636 0.535782986150928 4.91888143284846
90 2002 0.566818181818182 0.54195863799236 4.9241755732566
92 1994 0.26 0.145112873721646 3.4861817656275
92 1995 0.305454545454545 0.337806932484296 4.22679736021369
92 1996 0.350909090909091 0.468443717760376 4.69065493010973
92 1997 0.396363636363636 0.467742759706046 4.67013491821452
92 1998 0.441818181818182 0.551086713392189 4.98610297866531
92 1999 0.487272727272727 0.45609513000199 4.60672239060539
92 2000 0.532727272727273 0.290741490324254 3.95109076500554
92 2001 0.578181818181818 0.597503617797753 5.14129759040634
92 2002 0.623636363636364 0.140501270337533 3.34272279936144
93 1994 0.01 0.19235479629804 3.73848589158266
93 1995 0.0554545454545455 0.177874906048737 3.67566347148404
93 1996 0.100909090909091 0.235447586848472 3.88134037593086
93 1997 0.146363636363636 0.0625653619972763 3.1997054252626
93 1998 0.191818181818182 0.409623122726589 4.51683277011035
93 1999 0.237272727272727 0.56937867175027 5.12104123886896
93 2000 0.282727272727273 0.135724975685676 3.4263178820189
93 2001 0.328181818181818 0.221412669112728 3.75096798060969
93 2002 0.373636363636364 0.158977369706315 3.50090954468873
94 1994 0.316818181818182 0.190609274413944 3.6468131446145
94 1995 0.362272727272727 0.486176107294992 4.75968454154704
94 1996 0.407727272727273 0.38037007426839 4.33959786676232
94 1997 0.453181818181818 0.440923235265755 4.56702687659448
94 1998 0.498636363636364 0.25975077951947 3.85562253187112
94 1999 0.544090909090909 0.424783356632377 4.46468206328876
94 2000 0.589545454545455 0.15551235642477 3.42251199419475
94 2001 0.635 0.409559776277189 4.39456429299923
94 2002 0.680454545454545 0.252677124160399 3.77387059786486
95 1994 0.555454545454545 0.311934574871848 4.03268985601687
95 1995 0.600909090909091 0.271509501636524 3.85607450321587
95 1996 0.646363636363636 0.284935774958392 3.89106565958821
95 1997 0.691818181818182 0.112036353905113 3.21752272621167
95 1998 0.737272727272727 0.481310177747806 4.63178358163892
95 1999 0.782727272727273 0.249820653163268 3.72438511645643
95 2000 0.828181818181818 0.318242604570609 3.99486134971686
95 2001 0.873636363636364 0.416510656705987 4.35982481378033
95 2002 0.919090909090909 0.496594125881409 4.625152326989
96 1994 0.0213636363636364 0.602938748118832 5.31601597288692
96 1995 0.0668181818181818 0.441959107967795 4.67703115638358
96 1996 0.112272727272727 0.306734317365505 4.13456063036954
96 1997 0.157727272727273 0.796373957045983 6.03457872605077
96 1998 0.203181818181818 0.124479574741294 3.41140808905794
96 1999 0.248636363636364 0.358080934301112 4.29537835653878
96 2000 0.294090909090909 0.431369124868702 4.58064149486588
96 2001 0.339545454545455 0.322677847592888 4.14413182825893
96 2002 0.385 0.327797488186356 4.13090076102996
97 1994 0.157727272727273 0.384684786157258 4.43389279825872
97 1995 0.203181818181818 0.299059788176184 4.0926960158719
97 1996 0.248636363636364 0.247029436590574 3.88928460463522
97 1997 0.294090909090909 0.411778967338499 4.50118488401448
97 1998 0.339545454545455 0.202597427212612 3.67857557087182
97 1999 0.385 0.31731363730132 4.10264997395718
97 2000 0.430454545454545 0.361521232569541 4.2510520170808
97 2001 0.475909090909091 0.233375915102366 3.75253508583838
97 2002 0.521363636363636 0.228352213448105 3.71506215388328
98 1994 0.555454545454545 0.15058064313659 3.39134629309141
98 1995 0.600909090909091 0.467518209284265 4.62667188483228
98 1996 0.646363636363636 0.680843703273593 5.41595142744662
98 1997 0.691818181818182 0.396222099250114 4.32735245560329
98 1998 0.737272727272727 0.521515089007534 4.78935993322674
98 1999 0.782727272727273 0.181458119742746 3.45561996407918
98 2000 0.828181818181818 0.417196521145501 4.35255632151242
98 2001 0.873636363636364 0.290867441624903 3.86177545548033
98 2002 0.919090909090909 0.347149571829297 4.0585383366659
99 1994 0.555454545454545 0.679383719706213 5.45214264628079
99 1995 0.600909090909091 0.353121619721387 4.17334939172887
99 1996 0.646363636363636 0.450652195029817 4.54021062415951
99 1997 0.691818181818182 0.316000196703135 4.01094676283116
99 1998 0.737272727272727 0.203531348467108 3.54729352715012
99 1999 0.782727272727273 0.322595325066597 3.99737570276164
99 2000 0.828181818181818 0.564219681201646 4.92275497642215
99 2001 0.873636363636364 0.489635924939546 4.61176141188363
99 2002 0.919090909090909 0.169986157466231 3.36886748321378
100 1994 0.600909090909091 0.367796516473003 4.24241504469462
100 1995 0.646363636363636 0.378852096332246 4.25449539458959
100 1996 0.691818181818182 0.372655869942209 4.234225513742
100 1997 0.737272727272727 0.39582671220875 4.28669805555305
100 1998 0.782727272727273 0.134334900968343 3.27593556479138
100 1999 0.828181818181818 0.4224600844926 4.37505362695473
100 2000 0.873636363636364 0.128088811597147 3.21608853159317
100 2001 0.919090909090909 0.203525328955794 3.50308360352162
100 2002 0.964545454545455 0.309666272488981 3.88195033983626
101 1994 0.578181818181818 0.312263611366233 4.03347578318644
101 1995 0.623636363636364 0.236000166054736 3.71400185753207
101 1996 0.669090909090909 0.290100801748607 3.90428587088543
101 1997 0.714545454545455 0.279972964007304 3.85523084267833
101 1998 0.76 0.406832426638713 4.33515432991487
101 1999 0.805454545454545 0.315207710893954 3.93375074695034
101 2000 0.850909090909091 0.403336962577197 4.29318710929469
101 2001 0.896363636363636 0.378057133341297 4.172127088212
101 2002 0.941818181818182 0.336915544487075 4.01423130576868
102 1994 0.0213636363636364 0.294058561493887 4.12626746516439
102 1995 0.0668181818181818 0.584203206916409 5.21615777752433
102 1996 0.112272727272727 0.527584866051935 4.98957250042535
102 1997 0.157727272727273 0.217524618386316 3.78697233272415
102 1998 0.203181818181818 0.507135073646229 4.89704567089205
102 1999 0.248636363636364 0.240801118077217 3.86180268711537
102 2000 0.294090909090909 0.165800062746097 3.55373657425611
102 2001 0.339545454545455 0.570624077306372 5.11741175061965
102 2002 0.385 0.433237484576761 4.53690128169278
105 1994 0.407727272727273 0.298103940885622 4.01558792173046
105 1995 0.453181818181818 0.254658924888465 3.84647828743779
105 1996 0.498636363636364 0.184300795464524 3.58077919220179
105 1997 0.544090909090909 0.26013255767249 3.83289628103776
105 1998 0.589545454545455 0.216127994028799 3.66054649140154
105 1999 0.635 0.168071037491151 3.44446925201593
105 2000 0.680454545454545 0.369858600876615 4.22139332337806
105 2001 0.725909090909091 0.329032925864122 4.04993422236027
105 2002 0.771363636363636 0.309003400442826 3.97431374270558
113 1994 0.191818181818182 0.215864718089187 3.80200827740256
113 1995 0.237272727272727 0.293339512431388 4.0481267740598
113 1996 0.282727272727273 0.296357990276087 4.05236663575751
113 1997 0.328181818181818 0.380833046617561 4.37145442900992
113 1998 0.373636363636364 0.390370459934759 4.37064813778529
113 1999 0.419090909090909 0.327013763528611 4.1294705920716
113 2000 0.464545454545455 0.355850614276125 4.2281512840455
113 2001 0.51 0.433649176833486 4.50136288313117
113 2002 0.555454545454545 0.337351887147418 4.1270787683512
114 1994 0.01 0.19875086080323 3.76813989906422
114 1995 0.0554545454545455 0.39127449469392 4.49641784096136
114 1996 0.100909090909091 0.378639065215772 4.43650929736016
114 1997 0.146363636363636 0.160134378195167 3.57347873689157
114 1998 0.191818181818182 0.598283598944109 5.25164657481812
114 1999 0.237272727272727 0.349906790151263 4.28969870097274
114 2000 0.282727272727273 0.392284663166643 4.4229597572734
114 2001 0.328181818181818 0.370203326645522 4.32390142308373
114 2002 0.373636363636364 0.39051884666015 4.39034641260907
115 1994 0.487272727272727 0.489496130504411 4.74166910248137
115 1995 0.532727272727273 0.336738447740996 4.11918128674411
115 1996 0.578181818181818 0.292681283313543 3.95126086741625
115 1997 0.623636363636364 0.158262872841093 3.43034615274048
115 1998 0.669090909090909 0.557819672778505 4.94111664431399
115 1999 0.714545454545455 0.549316884786323 4.89475895905783
115 2000 0.76 0.262949729315229 3.77607337320458
115 2001 0.805454545454545 0.22348381918542 3.60072809863399
115 2002 0.850909090909091 0.344912215833411 4.07413949308559
116 1994 0.135 0.56156838970579 5.12703313676548
116 1995 0.180454545454545 0.170994579711155 3.62547007118464
116 1996 0.225909090909091 0.230996688322155 3.82353559230396
116 1997 0.271363636363636 0.356171613805659 4.29657481693691
116 1998 0.316818181818182 0.22142104587525 3.75392834870822
116 1999 0.362272727272727 0.595750539287654 5.19772622496251
116 2000 0.407727272727273 0.223565563370997 3.73560326810866
116 2001 0.453181818181818 0.535563705642841 4.90302998214898
116 2002 0.498636363636364 0.319304607317591 4.07162723194093
120 1994 0.0213636363636364 0.341731463987572 4.33328590700392
120 1995 0.0668181818181818 0.237869707630982 3.90484369063731
120 1996 0.112272727272727 0.295516247365962 4.11869672090035
120 1997 0.157727272727273 0.192637708319536 3.69170487349427
120 1998 0.203181818181818 0.563949255370954 5.1095742233758
120 1999 0.248636363636364 0.3920627948184 4.44847245068854
120 2000 0.294090909090909 0.287619715020243 4.030893104349
120 2001 0.339545454545455 0.287409281414133 4.00278310342432
120 2002 0.385 0.273103334839962 3.94508985100085
121 1994 0.0668181818181818 0.147121699201211 3.54681796863901
121 1995 0.112272727272727 0.421570925616053 4.59330706080857
121 1996 0.157727272727273 0.476585961227785 4.79011057578794
121 1997 0.203181818181818 0.236755980166652 3.86181715030154
121 1998 0.248636363636364 0.391911441774078 4.43428333286091
121 1999 0.294090909090909 0.491157977336483 4.82859238392549
121 2000 0.339545454545455 0.209911044299004 3.71067366044321
121 2001 0.385 0.38229220678334 4.34884045933657
121 2002 0.430454545454545 0.365384083310918 4.27773089497478
123 1994 0.589545454545455 0.322664204522537 4.0490172997381
123 1995 0.635 0.248316359441232 3.78117980674533
123 1996 0.680454545454545 0.448800608668203 4.52434909463246
123 1997 0.725909090909091 0.267545807780841 3.79787067947388
123 1998 0.771363636363636 0.237824063550811 3.67473019272385
123 1999 0.816818181818182 0.241987617367923 3.66942721213531
123 2000 0.862272727272727 0.313712699614346 3.95140277153582
123 2001 0.907727272727273 0.654449572309805 5.24421404276685
123 2002 0.953181818181818 0.376066491254813 4.15820360611077
124 1994 0.487272727272727 0.317711262406344 4.09032514280692
124 1995 0.532727272727273 0.304065785086528 4.00644530890329
124 1996 0.578181818181818 0.330175678530366 4.08066357482472
124 1997 0.623636363636364 0.188162753006849 3.51616864808534
124 1998 0.669090909090909 0.476637526780032 4.63260335789532
124 1999 0.714545454545455 0.148125931193621 3.35460477662957
124 2000 0.76 0.32140916324834 3.99964919324227
124 2001 0.805454545454545 0.228958207219878 3.64116573454098
124 2002 0.850909090909091 0.306605281308175 3.92027884953936
129 1994 0.419090909090909 0.466549476842172 4.67986673659429
129 1995 0.464545454545455 0.327917987271926 4.12736611642114
129 1996 0.51 0.456010250255622 4.59408803323584
129 1997 0.555454545454545 0.372783155548178 4.26142843909722
129 1998 0.600909090909091 0.3194200971504 4.04893656276178
129 1999 0.646363636363636 0.179815589531564 3.4888692025546
129 2000 0.691818181818182 0.331383238193067 4.06833826437003
129 2001 0.737272727272727 0.262439899743433 3.78646511117462
129 2002 0.782727272727273 0.251345579193074 3.73655302396846
130 1994 0.532727272727273 0.0739172438390934 3.10623311965529
130 1995 0.578181818181818 0.359479894145877 4.20501967683528
130 1996 0.623636363636364 0.297209204096545 3.94858186849711
130 1997 0.669090909090909 0.548271832519911 4.91245530546671
130 1998 0.714545454545455 0.132330873679807 3.29455593505367
130 1999 0.76 0.334285089463568 4.05506233210048
130 2000 0.805454545454545 0.242357928297324 3.69526083789376
130 2001 0.850909090909091 0.104282874752783 3.13484373408922
130 2002 0.896363636363636 0.540059628815696 4.78811744385416
135 1994 0.01 0.198515959845186 3.7541731707787
135 1995 0.0554545454545455 0.29779431849505 4.15425411531444
135 1996 0.100909090909091 0.34848110534017 4.31103273446606
135 1997 0.146363636363636 0.164763684955031 3.59365533633647
135 1998 0.191818181818182 0.568642651310021 5.14204579551948
135 1999 0.237272727272727 0.583748881927616 5.19262386977362
135 2000 0.282727272727273 0.0917059461527561 3.26558404589661
135 2001 0.328181818181818 0.171959357386679 3.56673911379491
135 2002 0.373636363636364 0.149805369645052 3.46759029519791
139 1994 0.350909090909091 0.407928506453894 4.45697990149567
139 1995 0.396363636363636 0.234266959642801 3.77849673394449
139 1996 0.441818181818182 0.332604793077868 4.13952620429504
139 1997 0.487272727272727 0.258146883412264 3.84722244531409
139 1998 0.532727272727273 0.172560484380158 3.49531318979438
139 1999 0.578181818181818 0.1329781730455 3.33287850276593
139 2000 0.623636363636364 0.188962129718768 3.53504349152275
139 2001 0.669090909090909 0.261728684257865 3.8106153680502
139 2002 0.714545454545455 0.339043961645153 4.08483199892879
141 1994 0.225909090909091 0.313031153406072 4.13744197123336
141 1995 0.271363636363636 0.276233571288602 3.99241704017289
141 1996 0.316818181818182 0.21153864766625 3.71906922894065
141 1997 0.362272727272727 0.238288136785294 3.8169052898182
141 1998 0.407727272727273 0.405728593077584 4.44075984382591
141 1999 0.453181818181818 0.141236502610558 3.397407165518
141 2000 0.498636363636364 0.450713686061285 4.57805875028974
141 2001 0.544090909090909 0.479329843433 4.68674519518543
141 2002 0.589545454545455 0.263255263217085 3.81182040948226
143 1994 0.635 0.375834887934611 4.25507219837513
143 1995 0.680454545454545 0.239659276851838 3.70531812790529
143 1996 0.725909090909091 0.338310180944142 4.08824734568365
143 1997 0.771363636363636 0.288008161281825 3.86363499257932
143 1998 0.816818181818182 0.450211177386108 4.48633189399236
143 1999 0.862272727272727 0.28202818984698 3.81947386478452
143 2000 0.907727272727273 0.219201899136381 3.56907379853327
143 2001 0.953181818181818 0.328966274367724 3.96365041262556
143 2002 0.998636363636364 0.388233120601096 4.18689767038326
145 1994 0.407727272727273 0.325041345482786 4.1143439881566
145 1995 0.453181818181818 0.346718975645694 4.19132026831382
145 1996 0.498636363636364 0.591450675937654 5.12745367162525
145 1997 0.544090909090909 0.506540250048151 4.78889878104701
145 1998 0.589545454545455 0.29651167069408 3.95495447103194
145 1999 0.635 0.34117041728512 4.1259308689355
145 2000 0.680454545454545 0.214957531954767 3.61971126611261
145 2001 0.725909090909091 0.357416648792429 4.14944675378871
145 2002 0.771363636363636 0.371883641782314 4.2018269752904
146 1994 0.566818181818182 0.368638695740121 4.24938462845888
146 1995 0.612272727272727 0.286080336999506 3.92974116759578
146 1996 0.657727272727273 0.444350431540123 4.52578166548735
146 1997 0.703181818181818 0.273224066436585 3.83891404151653
146 1998 0.748636363636364 0.267275038153962 3.79452475710288
146 1999 0.794090909090909 0.554569119423255 4.89382989415698
146 2000 0.839545454545455 0.215443165205355 3.57755002728134
146 2001 0.885 0.392143092589057 4.23502711091122
146 2002 0.930454545454545 0.369168888762902 4.13410837043149
148 1994 0.180454545454545 0.111882855351808 3.37574924247235
148 1995 0.225909090909091 0.179779791872536 3.6393293739448
148 1996 0.271363636363636 0.0997349408041417 3.29041574099312
148 1997 0.316818181818182 0.224137308418755 3.75676088196749
148 1998 0.362272727272727 0.56003842136086 5.05365215160527
148 1999 0.407727272727273 0.508858199350724 4.83834575668207
148 2000 0.453181818181818 0.237193084405358 3.76702406660726
148 2001 0.498636363636364 0.396808134061866 4.3890349340283
148 2002 0.544090909090909 0.468666287964844 4.63872719807317
149 1994 0.157727272727273 0.111105759188172 3.39701426036935
149 1995 0.203181818181818 0.532420794688678 4.99402138376199
149 1996 0.248636363636364 0.359855204911288 4.31034685781426
149 1997 0.294090909090909 0.245315175190595 3.83457116757341
149 1998 0.339545454545455 0.363253426171946 4.29605697370255
149 1999 0.385 0.422217468092168 4.52144487359829
149 2000 0.430454545454545 0.366626128766899 4.28181314806229
149 2001 0.475909090909091 0.354744397541631 4.23649206741608
149 2002 0.521363636363636 0.170125979687204 3.48952656620354
150 1994 0.146363636363636 0.17231265133603 3.60477426339702
150 1995 0.191818181818182 0.259782384673996 3.96038380617176
150 1996 0.237272727272727 0.264978747558483 3.93976103128696
150 1997 0.282727272727273 0.361123497561585 4.3136790447489
150 1998 0.328181818181818 0.473230966753538 4.74814697557759
150 1999 0.373636363636364 0.435507315353387 4.58335961137864
150 2000 0.419090909090909 0.0839943483690381 3.1941893860635
150 2001 0.464545454545455 0.233827959305909 3.73599655557054
150 2002 0.51 0.453564739691556 4.59414403729256
151 1994 0.51 0.276110419635158 3.91379834550685
151 1995 0.555454545454545 0.221024620654441 3.68580293382913
151 1996 0.600909090909091 0.362962608838203 4.19492500026962
151 1997 0.646363636363636 0.288354538014503 3.92300641325665
151 1998 0.691818181818182 0.573369035959253 4.99453843308953
151 1999 0.737272727272727 0.25398813679405 3.75102242028986
151 2000 0.782727272727273 0.297255685088426 3.91846990718311
151 2001 0.828181818181818 0.348317865982644 4.08971991900326
151 2002 0.873636363636364 0.331245290170967 4.01748450272508
152 1994 0.0213636363636364 0.272190863534551 4.03875273203112
152 1995 0.0668181818181818 0.332582056702659 4.27326416017225
152 1996 0.112272727272727 0.182245823564659 3.66119470526042
152 1997 0.157727272727273 0.321531572954543 4.18693302050884
152 1998 0.203181818181818 0.493813090835308 4.84025590468001
152 1999 0.248636363636364 0.226629252964834 3.80197358545741
152 2000 0.294090909090909 0.237545020117104 3.82722805724452
152 2001 0.339545454545455 0.334351627024097 4.1883921039242
152 2002 0.385 0.442217004973465 4.570526328253
153 1994 0.635 0.224282413753157 3.65616555749324
153 1995 0.680454545454545 0.286985799853764 3.9049354226794
153 1996 0.725909090909091 0.227678540954193 3.67442703233396
153 1997 0.771363636363636 0.491386805181258 4.65974127839315
153 1998 0.816818181818182 0.514858197639044 4.74528580034096
153 1999 0.862272727272727 0.255876860627457 3.71274780432799
153 2000 0.907727272727273 0.427476731537371 4.34054958565586
153 2001 0.953181818181818 0.496439762214808 4.61392457312879
153 2002 0.998636363636364 0.423841877094087 4.33439949157865
154 1994 0.146363636363636 0.185805834931153 3.67252193859117
154 1995 0.191818181818182 0.091075316086438 3.27976699945126
154 1996 0.237272727272727 0.329362295784887 4.20511804857192
154 1997 0.282727272727273 0.216058107456604 3.74967447639978
154 1998 0.328181818181818 0.448255049868356 4.63223266246323
154 1999 0.373636363636364 0.354131387402642 4.26164856429107
154 2000 0.419090909090909 0.198140874983684 3.65758530189815
154 2001 0.464545454545455 0.378755780397144 4.32060272510973
154 2002 0.51 0.264992759221967 3.86762617464304
156 1994 0.464545454545455 0.219262893923402 3.69054502656911
156 1995 0.51 0.16035211007368 3.45988335985775
156 1996 0.555454545454545 0.331172309791932 4.11908675842553
156 1997 0.600909090909091 0.344934932944196 4.13236887111304
156 1998 0.646363636363636 0.268176208583777 3.83968707284694
156 1999 0.691818181818182 0.314249549111904 4.00301476240924
156 2000 0.737272727272727 0.349888914490874 4.11167379785241
156 2001 0.782727272727273 0.165619061777056 3.39192672473391
156 2002 0.828181818181818 0.427236397298372 4.39568826619007
158 1994 0.532727272727273 0.334573157330453 4.11392149567349
158 1995 0.578181818181818 0.235014537227362 3.71802331560197
158 1996 0.623636363636364 0.411867647619446 4.38946856893715
158 1997 0.669090909090909 0.120168553443365 3.25311484596568
158 1998 0.714545454545455 0.188303969895372 3.51016951109225
158 1999 0.76 0.517849698936253 4.77010112661434
158 2000 0.805454545454545 0.29851426233627 3.90853040817288
158 2001 0.850909090909091 0.376200101204549 4.18570925206792
158 2002 0.896363636363636 0.369286215642494 4.13560440695263
160 1994 0.237272727272727 0.559180330526359 5.08637202311722
160 1995 0.282727272727273 0.485127236824779 4.78861818475035
160 1996 0.328181818181818 0.639160743937243 5.34709212440996
160 1997 0.373636363636364 0.30232075460915 4.05065706150356
160 1998 0.419090909090909 0.473431027247286 4.69219297910711
160 1999 0.464545454545455 0.571198141982782 5.05296903416145
160 2000 0.51 0.237208537519111 3.74860168273712
160 2001 0.555454545454545 0.542395628485264 4.92217490729796
160 2002 0.600909090909091 0.651662659859948 5.3327758325378
161 1994 0.339545454545455 0.591674662647344 5.17082584067058
161 1995 0.385 0.365830506963872 4.28898896684463
161 1996 0.430454545454545 0.419851248754191 4.4820801022433
161 1997 0.475909090909091 0.199589913943247 3.60474431396911
161 1998 0.521363636363636 0.456376707425813 4.60112290159464
161 1999 0.566818181818182 0.139305536188904 3.3707909670896
161 2000 0.612272727272727 0.315200473955546 4.0404080070315
161 2001 0.657727272727273 0.304476537782805 3.97102059441014
161 2002 0.703181818181818 0.346490555766995 4.13870769478321
162 1994 0.521363636363636 0.0778801762426528 3.13994080501391
162 1995 0.566818181818182 0.449340865557204 4.56208394815383
162 1996 0.612272727272727 0.244078728933393 3.76322217032195
162 1997 0.657727272727273 0.519713167550559 4.79021613851793
162 1998 0.703181818181818 0.305289021073821 3.9734676385022
162 1999 0.748636363636364 0.230724053477041 3.65175820557012
162 2000 0.794090909090909 0.283345683747703 3.83780400383585
162 2001 0.839545454545455 0.417563874298396 4.34130629012556
162 2002 0.885 0.347873053306946 4.07414454778235
164 1994 0.0213636363636364 0.537795680122554 5.06401096853707
164 1995 0.0668181818181818 0.293358689417702 4.10307947076159
164 1996 0.112272727272727 0.208722150596016 3.77110604955239
164 1997 0.157727272727273 0.378547513374243 4.41970414886897
164 1998 0.203181818181818 0.264826696588618 3.95630053365855
164 1999 0.248636363636364 0.408202757128549 4.50128366581596
164 2000 0.294090909090909 0.220002436600765 3.76772698803097
164 2001 0.339545454545455 0.413286752598026 4.48449830461848
164 2002 0.385 0.396541087896799 4.41349619583045
165 1994 0.373636363636364 0.302380586709802 4.04936040824615
165 1995 0.419090909090909 0.0897351284280024 3.22955956738747
165 1996 0.464545454545455 0.443860761417711 4.5775454454441
165 1997 0.51 0.495090706415676 4.75480326148713
165 1998 0.555454545454545 0.42515582375346 4.46189864717435
165 1999 0.600909090909091 0.351686745153227 4.17372364668149
165 2000 0.646363636363636 0.375614366399385 4.23294914174189
165 2001 0.691818181818182 0.229595987822094 3.66625447475804
165 2002 0.737272727272727 0.331133815779534 4.03923748042183
166 1994 0.237272727272727 0.395106465145217 4.45603985918473
166 1995 0.282727272727273 0.456316879531949 4.6782963862065
166 1996 0.328181818181818 0.397105682557342 4.42671015645602
166 1997 0.373636363636364 0.280276002651512 3.97689443226898
166 1998 0.419090909090909 0.0648114939100369 3.10721735689667
166 1999 0.464545454545455 0.208008158848669 3.65964321063625
166 2000 0.51 0.327767783266029 4.09763843700812
166 2001 0.555454545454545 0.390339181310877 4.32619317120651
166 2002 0.600909090909091 0.358380243683824 4.18333779050749
167 1994 0.600909090909091 0.349117126725506 4.16863243653011
167 1995 0.646363636363636 0.275468189239115 3.87823849525329
167 1996 0.691818181818182 0.442331640451377 4.47237609055791
167 1997 0.737272727272727 0.049982624524998 2.96427817270564
167 1998 0.782727272727273 0.231186655961859 3.64616295831972
167 1999 0.828181818181818 0.377915645260901 4.19635593846033
167 2000 0.873636363636364 0.327206213067209 3.98430593046829
167 2001 0.919090909090909 0.280855111327026 3.80372494395788
167 2002 0.964545454545455 0.254238566697909 3.68273128668121
168 1994 0.0895454545454545 0.394541183611966 4.50513540225064
168 1995 0.135 0.40676902119329 4.54293959050119
168 1996 0.180454545454545 0.480568636984848 4.78160537645157
168 1997 0.225909090909091 0.151938790399848 3.50697277028001
168 1998 0.271363636363636 0.432031490029143 4.58720916043678
168 1999 0.316818181818182 0.199832781192133 3.67581476168658
168 2000 0.362272727272727 0.30046747308293 4.06301476549316
168 2001 0.407727272727273 0.24919133333046 3.82585989798164
168 2002 0.453181818181818 0.232767625725044 3.76384030314392
169 1994 0.135 0.246743253311371 3.90491124235042
169 1995 0.180454545454545 0.273882443733493 3.98477420027723
169 1996 0.225909090909091 0.207621261233106 3.73406512280182
169 1997 0.271363636363636 0.228131726914635 3.80066927160309
169 1998 0.316818181818182 0.391440027557586 4.42086311614112
169 1999 0.362272727272727 0.337159618025143 4.19611187292723
169 2000 0.407727272727273 0.612395406996456 5.24160244544863
169 2001 0.453181818181818 0.323859095209394 4.10694226002027
169 2002 0.498636363636364 0.225749672372272 3.71669510546765
172 1994 0.180454545454545 0.425410094400644 4.58153414170528
172 1995 0.225909090909091 0.207122914841488 3.71201426292477
172 1996 0.271363636363636 0.368613379542115 4.33761956241614
172 1997 0.316818181818182 0.542604601372645 4.98737341052126
172 1998 0.362272727272727 0.232545707092833 3.78350663735591
172 1999 0.407727272727273 0.374185466028112 4.31752950463531
172 2000 0.453181818181818 0.454579077417516 4.62951118009365
172 2001 0.498636363636364 0.209520163032357 3.65828875922938
172 2002 0.544090909090909 0.44542744503454 4.53641956577228
177 1994 0.521363636363636 0.379551298347546 4.31188454891949
177 1995 0.566818181818182 0.382720678309453 4.30545110802366
177 1996 0.612272727272727 0.403198738137214 4.36310917399405
177 1997 0.657727272727273 0.143650225880366 3.34504326112894
177 1998 0.703181818181818 0.244645769941571 3.7246856641133
177 1999 0.748636363636364 0.158507819815579 3.38348230038479
177 2000 0.794090909090909 0.662634997054563 5.29838055548407
177 2001 0.839545454545455 0.353048243030144 4.09037288540353
177 2002 0.885 0.189445173666888 3.45104956388876
178 1994 0.169090909090909 0.18792807250399 3.6743987714104
178 1995 0.214545454545455 0.266751734031181 3.9745059134956
178 1996 0.26 0.271682009957075 3.96821554412038
178 1997 0.305454545454545 0.311801576064398 4.11724125341523
178 1998 0.350909090909091 0.273185803660473 3.94715000250076
178 1999 0.396363636363636 0.424093001782974 4.50629939901036
178 2000 0.441818181818182 0.209835882869362 3.68077572376338
178 2001 0.487272727272727 0.69775710182107 5.54672120901062
178 2002 0.532727272727273 0.374607467580864 4.28015772080171
179 1994 0.191818181818182 0.357171260488736 4.31814395216716
179 1995 0.237272727272727 0.335813787517624 4.23520961492923
179 1996 0.282727272727273 0.254321184530333 3.87856790342842
179 1997 0.328181818181818 0.312120256883858 4.09981940709966
179 1998 0.373636363636364 0.674002857065287 5.48483364917613
179 1999 0.419090909090909 0.418055619973478 4.5014789306159
179 2000 0.464545454545455 0.580707442689029 5.08651818851431
179 2001 0.51 0.333235287879394 4.11552572243408
179 2002 0.555454545454545 0.431233563365745 4.48213055880888
180 1994 0.339545454545455 0.126156872947237 3.36754483268854
180 1995 0.385 0.247677853438281 3.83413747660855
180 1996 0.430454545454545 0.345584282855129 4.19242905509059
180 1997 0.475909090909091 0.349031464778382 4.19077749898558
180 1998 0.521363636363636 0.146798120825849 3.3961785352524
180 1999 0.566818181818182 0.130087570571187 3.31915913442302
180 2000 0.612272727272727 0.508733316263208 4.77132222600641
180 2001 0.657727272727273 0.113055916896429 3.22970529434067
180 2002 0.703181818181818 0.351415287647157 4.14115631090854
181 1994 0.203181818181818 0.146090334359055 3.4979483514552
181 1995 0.248636363636364 0.402773990202323 4.47542901570753
181 1996 0.294090909090909 0.310522035598842 4.10320493683325
181 1997 0.339545454545455 0.297099968017012 4.04982532814631
181 1998 0.385 0.382460849219306 4.34812262376389
181 1999 0.430454545454545 0.236385020332962 3.78230608749041
181 2000 0.475909090909091 0.192353001888705 3.59591226333315
181 2001 0.521363636363636 0.251026500407989 3.8011538730532
181 2002 0.566818181818182 0.189344998093396 3.55727937481938
182 1994 0.112272727272727 0.170963287000997 3.63257040970314
182 1995 0.157727272727273 0.227077984223011 3.83739218618004
182 1996 0.203181818181818 0.433536123628253 4.59282107699851
182 1997 0.248636363636364 0.454311066557618 4.6534130042898
182 1998 0.294090909090909 0.241310842991965 3.84181868862174
182 1999 0.339545454545455 0.349943546947869 4.22668407026374
182 2000 0.385 0.302776428389745 4.04419842483432
182 2001 0.430454545454545 0.309970575782247 4.07489372233407
182 2002 0.475909090909091 0.103533774933934 3.23374470027295
183 1994 0.0554545454545455 0.1639125574827 3.62261916423648
183 1995 0.100909090909091 0.392118307885098 4.49370108086219
183 1996 0.146363636363636 0.311286282754066 4.15295908021994
183 1997 0.191818181818182 0.378018455325548 4.39195329889481
183 1998 0.237272727272727 0.324453785959018 4.16847975841091
183 1999 0.282727272727273 0.490732720630536 4.81735393373693
183 2000 0.328181818181818 0.588940779704588 5.17309898444675
183 2001 0.373636363636364 0.413761174433833 4.47956570346036
183 2002 0.419090909090909 0.10836215440108 3.31120045422044
184 1994 0.498636363636364 0.176878816892765 3.52584570498323
184 1995 0.544090909090909 0.161282328523652 3.45355608528837
184 1996 0.589545454545455 0.362259525605557 4.22106742755907
184 1997 0.635 0.29889153056348 3.95948015814154
184 1998 0.680454545454545 0.143935654545484 3.35434487123795
184 1999 0.725909090909091 0.384150743649225 4.25066474630027
184 2000 0.771363636363636 0.234001094488733 3.66337302383733
184 2001 0.816818181818182 0.509960396485417 4.70226233433631
184 2002 0.862272727272727 0.334696461250665 4.02013028185101
190 1994 0.521363636363636 0.111628246215967 3.25828909787055
190 1995 0.566818181818182 0.187294746865303 3.54968967512485
190 1996 0.612272727272727 0.24077960647524 3.72757261632654
190 1997 0.657727272727273 0.255733719658576 3.77910058133161
190 1998 0.703181818181818 0.387094060865504 4.2726918701292
190 1999 0.748636363636364 0.317184677904171 3.97948704993629
190 2000 0.794090909090909 0.0719929965847764 3.03210087925454
190 2001 0.839545454545455 0.487384194319389 4.62692412229047
190 2002 0.885 0.259791962578429 3.74044415170367
192 1994 0.191818181818182 0.226952349211139 3.81784612243706
192 1995 0.237272727272727 0.364956655850959 4.33295578309329
192 1996 0.282727272727273 0.557074112696381 5.05975173948733
192 1997 0.328181818181818 0.29745274210422 4.04428269610439
192 1998 0.373636363636364 0.317351752030154 4.09900203238457
192 1999 0.419090909090909 0.345009882477436 4.20794761856751
192 2000 0.464545454545455 0.445655596329618 4.56060064564328
192 2001 0.51 0.609148031544503 5.20060896865523
192 2002 0.555454545454545 0.569631648352941 5.0238219346339
193 1994 0.146363636363636 0.496075493847341 4.85298393258642
193 1995 0.191818181818182 0.268464321261979 3.9924209224903
193 1996 0.237272727272727 0.348286169772945 4.27264663178681
193 1997 0.282727272727273 0.250753139811886 3.86733984276031
193 1998 0.328181818181818 0.169485288038894 3.55379948432306
193 1999 0.373636363636364 0.365376110524669 4.2972791535216
193 2000 0.419090909090909 0.262765872966134 3.8749342082933
193 2001 0.464545454545455 0.238641115637774 3.77499249175067
193 2002 0.51 0.497400988812173 4.76333617126573
196 1994 0.453181818181818 0.302952011765367 4.02064507419774
196 1995 0.498636363636364 0.30630524193311 4.03227534311871
196 1996 0.544090909090909 0.22670841855781 3.70884303516438
196 1997 0.589545454545455 0.48040655144324 4.65961846562443
196 1998 0.635 0.357266511909047 4.17669864668543
196 1999 0.680454545454545 0.260562419076224 3.79779377096303
196 2000 0.725909090909091 0.261203948431016 3.76228504968547
196 2001 0.771363636363636 0.425000099011756 4.41207791061997
196 2002 0.816818181818182 0.45692134178037 4.53190429351525
198 1994 0.373636363636364 0.353005096621009 4.24173053384668
198 1995 0.419090909090909 0.386594675414706 4.37176554476249
198 1996 0.464545454545455 0.379559708104612 4.3311710466629
198 1997 0.51 0.153245433141682 3.42082299906933
198 1998 0.555454545454545 0.389967465026868 4.33277123572335
198 1999 0.600909090909091 0.257970064358883 3.82095673588261
198 2000 0.646363636363636 0.301288055201409 3.96480346456255
198 2001 0.691818181818182 0.370086593942518 4.20401139867897
198 2002 0.737272727272727 0.334841994425553 4.06159017230754
201 1994 0.271363636363636 0.318182902124793 4.15002396692404
201 1995 0.316818181818182 0.146923029177321 3.47215319313669
201 1996 0.362272727272727 0.426847957956657 4.53218862346674
201 1997 0.407727272727273 0.339908172039585 4.184881342727
201 1998 0.453181818181818 0.187577493670831 3.58430441753343
201 1999 0.498636363636364 0.46648349914555 4.64386938142295
201 2000 0.544090909090909 0.381846573284242 4.29710208873389
201 2001 0.589545454545455 0.297275783569888 3.96009887016554
201 2002 0.635 0.504226937885986 4.75096966894665
202 1994 0.294090909090909 0.140342166738309 3.44252735942611
202 1995 0.339545454545455 0.381814836471622 4.35372203052327
202 1996 0.385 0.354337445129982 4.23637050410593
202 1997 0.430454545454545 0.34368284831179 4.18355362960247
202 1998 0.475909090909091 0.136012071214484 3.3816475452306
202 1999 0.521363636363636 0.211331006655641 3.6517761364415
202 2000 0.566818181818182 0.298822459151656 3.98554737637956
202 2001 0.612272727272727 0.309281135925931 4.0147712632496
202 2002 0.657727272727273 0.324635927884969 4.04959331826454
204 1994 0.339545454545455 0.268800083897193 3.93240464869122
204 1995 0.385 0.23149636566093 3.7719955829425
204 1996 0.430454545454545 0.293530422067975 3.97828151600811
204 1997 0.475909090909091 0.17200617322373 3.50684940051977
204 1998 0.521363636363636 0.479299060386928 4.70371403480581
204 1999 0.566818181818182 0.320016594534648 4.06259263528255
204 2000 0.612272727272727 0.240435423941033 3.72510059193464
204 2001 0.657727272727273 0.264759669090975 3.81729531883915
204 2002 0.703181818181818 0.0812828159201704 3.10820552645942
205 1994 0.0554545454545455 0.321088971799043 4.2334534528462
205 1995 0.100909090909091 0.321818457080141 4.2075713574901
205 1996 0.146363636363636 0.433849303172356 4.62150970133823
205 1997 0.191818181818182 0.289079342131362 4.05601969761737
205 1998 0.237272727272727 0.3004047570842 4.08382191884912
205 1999 0.282727272727273 0.444091306806254 4.626765588142
205 2000 0.328181818181818 0.312847894112733 4.11243466203108
205 2001 0.373636363636364 0.256168703141333 3.88037588132472
205 2002 0.419090909090909 0.516904303220051 4.85779787043035
206 1994 0.0895454545454545 0.364874303223254 4.37849153021734
206 1995 0.135 0.271355659929688 3.99102201197929
206 1996 0.180454545454545 0.180442236919815 3.64611721914737
206 1997 0.225909090909091 0.270997650508246 3.97409160437137
206 1998 0.271363636363636 0.101559762407465 3.29067442072657
206 1999 0.316818181818182 0.13845057477465 3.43223258845101
206 2000 0.362272727272727 0.267443988933605 3.91760504850618
206 2001 0.407727272727273 0.491821755320283 4.78995743619128
206 2002 0.453181818181818 0.252647104038002 3.8337803100593
207 1994 0.112272727272727 0.401462862798783 4.52762315593282
207 1995 0.157727272727273 0.260519185861444 3.9615605496458
207 1996 0.203181818181818 0.426694505991532 4.59259195687865
207 1997 0.248636363636364 0.0950507735834506 3.29281235790054
207 1998 0.294090909090909 0.221727372929933 3.76854565514342
207 1999 0.339545454545455 0.108987387104442 3.32073279617665
207 2000 0.385 0.169485215752524 3.54844282087002
207 2001 0.430454545454545 0.228160051948208 3.74168914412382
207 2002 0.475909090909091 0.460084704583559 4.62499997821186
209 1994 0.362272727272727 0.271891968095414 3.93026339001449
209 1995 0.407727272727273 0.286355456050369 3.98155667786523
209 1996 0.453181818181818 0.234575699487685 3.7641962076561
209 1997 0.498636363636364 0.154455650505055 3.4289716910845
209 1998 0.544090909090909 0.33983502856092 4.15696231239625
209 1999 0.589545454545455 0.245697367030515 3.75858318804138
209 2000 0.635 0.327004383901046 4.06063455843157
209 2001 0.680454545454545 0.377481124536995 4.25098043153377
209 2002 0.725909090909091 0.177786815293138 3.46069463283493
210 1994 0.430454545454545 0.289298309314918 3.99232974575702
210 1995 0.475909090909091 0.272288041363436 3.92056778557764
210 1996 0.521363636363636 0.344617521695116 4.17067297773411
210 1997 0.566818181818182 0.130831163480721 3.33145239229661
210 1998 0.612272727272727 0.138254891834192 3.35906224316006
210 1999 0.657727272727273 0.53671032331321 4.87023083014729
210 2000 0.703181818181818 0.264414154945715 3.80129646611814
210 2001 0.748636363636364 0.379024313076102 4.22699246555918
210 2002 0.794090909090909 0.275472563670801 3.8357667328464
211 1994 0.635 0.282912179125439 3.90490250730965
211 1995 0.680454545454545 0.239096305895792 3.71678941535357
211 1996 0.725909090909091 0.258504524218351 3.76690210394619
211 1997 0.771363636363636 0.102656760415474 3.15650793150185
211 1998 0.816818181818182 0.267373072242068 3.78190563686994
211 1999 0.862272727272727 0.239216641316647 3.6582606932566
211 2000 0.907727272727273 0.17846202386699 3.40680869089538
211 2001 0.953181818181818 0.486384663588533 4.56119854729574
211 2002 0.998636363636364 0.268220217629079 3.72039675863866
212 1994 0.396363636363636 0.374502619661283 4.32157446622573
212 1995 0.441818181818182 0.372878738120652 4.28503010340501
212 1996 0.487272727272727 0.511610144388354 4.81458499888304
212 1997 0.532727272727273 0.537946004047463 4.89414310763605
212 1998 0.578181818181818 0.505970714351762 4.76903584230825
212 1999 0.623636363636364 0.432085440419598 4.47331551271162
212 2000 0.669090909090909 0.267509269873117 3.84371185324844
212 2001 0.714545454545455 0.278124655926926 3.84881742947501
212 2002 0.76 0.316641382050146 3.9890551110257
213 1994 0.135 0.419118812089511 4.56605641759997
213 1995 0.180454545454545 0.167046050559564 3.57783825964193
213 1996 0.225909090909091 0.286049625786949 4.02299721544782
213 1997 0.271363636363636 0.493191104400101 4.82581590879755
213 1998 0.316818181818182 0.700120346915209 5.59955372591623
213 1999 0.362272727272727 0.342488645112211 4.20383349457596
213 2000 0.407727272727273 0.418107862737249 4.49695123990135
213 2001 0.453181818181818 0.217493143350964 3.6969726357048
213 2002 0.498636363636364 0.403808654193344 4.41609139410879
215 1994 0.237272727272727 0.39679550866123 4.46373088212338
215 1995 0.282727272727273 0.265212107594116 3.94095914919578
215 1996 0.328181818181818 0.443492212347786 4.61944583098994
215 1997 0.373636363636364 0.302358155424453 4.03590611824906
215 1998 0.419090909090909 0.050401978290972 3.06660999338642
215 1999 0.464545454545455 0.142187750835489 3.40723209092422
215 2000 0.51 0.218952659574625 3.68043057895556
215 2001 0.555454545454545 0.239350327577893 3.75180185200578
215 2002 0.600909090909091 0.292935991466556 3.92898398800864
218 1994 0.612272727272727 0.236579278072469 3.73206329362679
218 1995 0.657727272727273 0.158808617726979 3.39243509428179
218 1996 0.703181818181818 0.32430892364745 4.01091814377798
218 1997 0.748636363636364 0.444394584516473 4.47091099707369
218 1998 0.794090909090909 0.392304432872686 4.26076889099318
218 1999 0.839545454545455 0.306601181799855 3.92810155436561
218 2000 0.885 0.144128380461278 3.28387679483224
218 2001 0.930454545454545 0.2615821614874 3.71631462990573
218 2002 0.975909090909091 0.303971933226517 3.86666768064179
219 1994 0.419090909090909 0.500503806502083 4.80423679795312
219 1995 0.464545454545455 0.335474133922111 4.14723911999147
219 1996 0.51 0.324912004830906 4.09422033189028
219 1997 0.555454545454545 0.602507766471106 5.15890367870898
219 1998 0.600909090909091 0.269409383775627 3.85533887522384
219 1999 0.646363636363636 0.39909168631717 4.34301646031884
219 2000 0.691818181818182 0.452569251534883 4.53626984828446
219 2001 0.737272727272727 0.304962076229857 3.92784712395698
219 2002 0.782727272727273 0.520752046904429 4.78295235875868
220 1994 0.339545454545455 0.369924011832915 4.32059412134002
220 1995 0.385 0.1423743884118 3.4262818619703
220 1996 0.430454545454545 0.489112283088611 4.75045759460901
220 1997 0.475909090909091 0.296250031498733 3.99068665668549
220 1998 0.521363636363636 0.259702165745011 3.82853132398061
220 1999 0.566818181818182 0.388305506288933 4.30673911845364
220 2000 0.612272727272727 0.220847112924456 3.65072881459145
220 2001 0.657727272727273 0.374235713717546 4.24332022546045
220 2002 0.703181818181818 0.614604881687737 5.13383078646212
221 1994 0.362272727272727 0.319692773301314 4.11104320978068
221 1995 0.407727272727273 0.359633945200443 4.23800551455398
221 1996 0.453181818181818 0.321456625901487 4.09938027327595
221 1997 0.498636363636364 0.153901433352404 3.4235159844307
221 1998 0.544090909090909 0.384450620032718 4.31080430610891
221 1999 0.589545454545455 0.398125446736272 4.35844093529589
221 2000 0.635 0.29044417574694 3.94225829320078
221 2001 0.680454545454545 0.36292060893225 4.18939480861601
221 2002 0.725909090909091 0.44035799299432 4.46415685077315
222 1994 0.0213636363636364 0.123839790681854 3.47785420853167
222 1995 0.0668181818181818 0.433447443807751 4.65736993046767
222 1996 0.112272727272727 0.296750261538812 4.09741054907061
222 1997 0.157727272727273 0.185733859723496 3.67054298155642
222 1998 0.203181818181818 0.260270177265956 3.95030182957176
222 1999 0.248636363636364 0.288855286459846 4.05670989992949
222 2000 0.294090909090909 0.243383923646535 3.85138956423188
222 2001 0.339545454545455 0.262427237600315 3.88976646609178
222 2002 0.385 0.231257435534342 3.77062660171971
223 1994 0.407727272727273 0.233060625157398 3.77093739078381
223 1995 0.453181818181818 0.265235160551923 3.88147376014866
223 1996 0.498636363636364 0.453103491489644 4.59868937168833
223 1997 0.544090909090909 0.27202615761951 3.87529664292533
223 1998 0.589545454545455 0.37127763193175 4.24397864759248
223 1999 0.635 0.139323862782445 3.32908782717588
223 2000 0.680454545454545 0.417240331499957 4.39724171346006
223 2001 0.725909090909091 0.256023582028409 3.76773241023497
223 2002 0.771363636363636 0.30791023041492 3.94749975401194
225 1994 0.475909090909091 0.194198695114534 3.60474987396573
225 1995 0.521363636363636 0.389131438197867 4.34190388677419
225 1996 0.566818181818182 0.207118161688986 3.63103279944656
225 1997 0.612272727272727 0.530878440689857 4.88144137428861
225 1998 0.657727272727273 0.210099593045495 3.61724946865
225 1999 0.703181818181818 0.380640074315565 4.24968255649538
225 2000 0.748636363636364 0.281093818589392 3.85044958990807
225 2001 0.794090909090909 0.31082333984646 3.95615788977879
225 2002 0.839545454545455 0.31460715179246 3.96103841952348
227 1994 0.282727272727273 0.30499847244089 4.09452847116587
227 1995 0.328181818181818 0.13789287770116 3.42208669104282
227 1996 0.373636363636364 0.217173705162828 3.71789303647068
227 1997 0.419090909090909 0.226258837899912 3.73793584106222
227 1998 0.464545454545455 0.215558293503805 3.69975351356609
227 1999 0.51 0.345421885136817 4.18003422756428
227 2000 0.555454545454545 0.459773556590252 4.60206944715903
227 2001 0.600909090909091 0.254951188164986 3.79755861499453
227 2002 0.646363636363636 0.311664565992049 3.99504225854687
229 1994 0.237272727272727 0.412004811196361 4.51494362054674
229 1995 0.282727272727273 0.234976449596562 3.82025254824518
229 1996 0.328181818181818 0.458894955423549 4.67765173739133
229 1997 0.373636363636364 0.36580625080422 4.28663067655561
229 1998 0.419090909090909 0.0878473930958472 3.21561507777114
229 1999 0.464545454545455 0.183470344325195 3.56573163937027
229 2000 0.51 0.310716453176928 4.04386671297618
229 2001 0.555454545454545 0.438478190468708 4.52373940198638
229 2002 0.600909090909091 0.33795688230397 4.12564474924696
231 1994 0.282727272727273 0.427331204306587 4.55528593373819
231 1995 0.328181818181818 0.236086236825262 3.81113332040467
231 1996 0.373636363636364 0.265260786060043 3.90820283994809
231 1997 0.419090909090909 0.250393194797697 3.82249614755478
231 1998 0.464545454545455 0.395497953061865 4.40150308082238
231 1999 0.51 0.183093390577049 3.54856822212982
231 2000 0.555454545454545 0.117322308725813 3.26320772538579
231 2001 0.600909090909091 0.311579573327152 4.00827851471116
231 2002 0.646363636363636 0.0700375821270782 3.07459775793697
232 1994 0.01 0.479313510414718 4.85275005042353
232 1995 0.0554545454545455 0.137644719700042 3.52612976745934
232 1996 0.100909090909091 0.404064859871318 4.52682434487483
232 1997 0.146363636363636 0.418906343898599 4.55567478042205
232 1998 0.191818181818182 0.240080765645108 3.87156518860711
232 1999 0.237272727272727 0.233702274190738 3.82430246163197
232 2000 0.282727272727273 0.346058725496464 4.24270441766985
232 2001 0.328181818181818 0.36745093439687 4.3281511270551
232 2002 0.373636363636364 0.182496416516849 3.58187722461956
235 1994 0.305454545454545 0.275157875942997 3.98610701306768
235 1995 0.350909090909091 0.347179181105491 4.21991795292899
235 1996 0.396363636363636 0.283178686236999 3.96389950040555
235 1997 0.441818181818182 0.160265085199805 3.49000669545599
235 1998 0.487272727272727 0.327577626287967 4.12250658010783
235 1999 0.532727272727273 0.560277062710993 5.00634622067128
235 2000 0.578181818181818 0.252728377592655 3.77769784153205
235 2001 0.623636363636364 0.132746062067851 3.30145989369143
235 2002 0.669090909090909 0.203285020579284 3.58876278313838
237 1994 0.373636363636364 0.264676580448573 3.89767613271948
237 1995 0.419090909090909 0.267043114606895 3.90391715075825
237 1996 0.464545454545455 0.261047019206535 3.85692907372977
237 1997 0.51 0.455454098971171 4.5982784564342
237 1998 0.555454545454545 0.361500305736308 4.23069515174993
237 1999 0.600909090909091 0.156162188047701 3.42293479083727
237 2000 0.646363636363636 0.272941123342484 3.85575854107183
237 2001 0.691818181818182 0.36012713044788 4.18134590554659
237 2002 0.737272727272727 0.309947073432173 3.95446603115939
238 1994 0.169090909090909 0.1062446697068 3.34813407330163
238 1995 0.214545454545455 0.274011409228282 3.98332500563817
238 1996 0.26 0.317301200865882 4.15538512769036
238 1997 0.305454545454545 0.529015372997722 4.93231661375677
238 1998 0.350909090909091 0.533120493880575 4.95233125000483
238 1999 0.396363636363636 0.251271139633849 3.87586211890601
238 2000 0.441818181818182 0.394675841969311 4.38966098019925
238 2001 0.487272727272727 0.233348671868153 3.73551976791314
238 2002 0.532727272727273 0.424478852651314 4.48769587415066
240 1994 0.612272727272727 0.26412942941785 3.82865090264557
240 1995 0.657727272727273 0.341732704693155 4.12260864482777
240 1996 0.703181818181818 0.391985843728506 4.2865495337681
240 1997 0.748636363636364 0.19935791718388 3.54648095162104
240 1998 0.794090909090909 0.375647261439695 4.20174573317842
240 1999 0.839545454545455 0.234375018796236 3.65033385296463
240 2000 0.885 0.408551235775364 4.31171866623589
240 2001 0.930454545454545 0.525217357459527 4.73118026492514
240 2002 0.975909090909091 0.310847308304119 3.89372589552996
241 1994 0.282727272727273 0.216730711342085 3.74606636836928
241 1995 0.328181818181818 0.223774275936129 3.77132773623466
241 1996 0.373636363636364 0.167671675573053 3.53001839742154
241 1997 0.419090909090909 0.262726073380898 3.89351500309149
241 1998 0.464545454545455 0.287694842530908 3.96651306863822
241 1999 0.51 0.240241476920935 3.76275210993093
241 2000 0.555454545454545 0.322362643203252 4.06900952083638
241 2001 0.600909090909091 0.300655388800284 3.97048874013672
241 2002 0.646363636363636 0.322700216857349 4.03900448881406
243 1994 0.0213636363636364 0.434599165999237 4.68068102722817
243 1995 0.0668181818181818 0.28448583897447 4.06223220153847
243 1996 0.112272727272727 0.290748523917576 4.080327655724
243 1997 0.157727272727273 0.428777210705996 4.57371310443181
243 1998 0.203181818181818 0.158305298896346 3.54706229820367
243 1999 0.248636363636364 0.3006556510804 4.0977468133173
243 2000 0.294090909090909 0.667221220815879 5.50324766617624
243 2001 0.339545454545455 0.373307498164205 4.3501282590903
243 2002 0.385 0.372470420567981 4.31342228639035
244 1994 0.112272727272727 0.445736909302193 4.67626871402923
244 1995 0.157727272727273 0.105273962695 3.35770855021656
244 1996 0.203181818181818 0.458080971686362 4.71001010490005
244 1997 0.248636363636364 0.409557734338064 4.49148633433545
244 1998 0.294090909090909 0.409080849241217 4.47844204937216
244 1999 0.339545454545455 0.228493817986683 3.77043480197327
244 2000 0.385 0.339301416562596 4.18712922680786
244 2001 0.430454545454545 0.14589386741999 3.43100184837007
244 2002 0.475909090909091 0.293923704641662 3.9866670297984
245 1994 0.487272727272727 0.434588922880007 4.52096801322129
245 1995 0.532727272727273 0.592832454010619 5.11367913365979
245 1996 0.578181818181818 0.307499954988649 4.00977114703791
245 1997 0.623636363636364 0.162958885838849 3.42995570622633
245 1998 0.669090909090909 0.394635703308405 4.3247180141077
245 1999 0.714545454545455 0.32362462577276 4.03236770551313
245 2000 0.76 0.436843112883898 4.44910674655059
245 2001 0.805454545454545 0.446753535469498 4.47598786487714
245 2002 0.850909090909091 0.0908236644014992 3.08790891776734
247 1994 0.532727272727273 0.163893710166002 3.45706465373606
247 1995 0.578181818181818 0.499912746963293 4.75674364009832
247 1996 0.623636363636364 0.581413913220796 5.04693095827226
247 1997 0.669090909090909 0.280022504842316 3.87734921469695
247 1998 0.714545454545455 0.12028728793182 3.24366007749526
247 1999 0.76 0.534498229010022 4.8267218998168
247 2000 0.805454545454545 0.492997553262727 4.64643441416099
247 2001 0.850909090909091 0.169734869807551 3.38318890967849
247 2002 0.896363636363636 0.193647902906671 3.45673762996559
249 1994 0.248636363636364 0.28712082653431 4.03423972896675
249 1995 0.294090909090909 0.587212395527777 5.18208145503043
249 1996 0.339545454545455 0.414074035537697 4.477568275243
249 1997 0.385 0.182949306806564 3.56914464257035
249 1998 0.430454545454545 0.334076975762142 4.14483408845949
249 1999 0.475909090909091 0.389110596727116 4.35675025687463
249 2000 0.521363636363636 0.370525581781006 4.27340375132232
249 2001 0.566818181818182 0.306375700888639 4.01884055026488
249 2002 0.612272727272727 0.305455694320694 3.98979831867293
252 1994 0.464545454545455 0.354542406027145 4.21494172489663
252 1995 0.51 0.284254127271456 3.94266037578035
252 1996 0.555454545454545 0.354574457108537 4.19495299541876
252 1997 0.600909090909091 0.286134342996466 3.91500675728787
252 1998 0.646363636363636 0.289674910069485 3.90399478022428
252 1999 0.691818181818182 0.247301603202986 3.73367317215704
252 2000 0.737272727272727 0.222135785741654 3.62987812607032
252 2001 0.782727272727273 0.435533118766307 4.42854043822366
252 2002 0.828181818181818 0.235815338193911 3.65518781214478
255 1994 0.430454545454545 0.110000755766415 3.29064806855349
255 1995 0.475909090909091 0.224041778707485 3.71450641271638
255 1996 0.521363636363636 0.0929991006565953 3.19189158444023
255 1997 0.566818181818182 0.141424708453981 3.35578041407496
255 1998 0.612272727272727 0.493119329300906 4.70904337477813
255 1999 0.657727272727273 0.168268030226518 3.43249912030727
255 2000 0.703181818181818 0.488687809818551 4.67040767552643
255 2001 0.748636363636364 0.0901042315821622 3.1053735596452
255 2002 0.794090909090909 0.179774384998496 3.44027805274017
256 1994 0.339545454545455 0.364479212836882 4.2961881470116
256 1995 0.385 0.0798332874678656 3.18325163028666
256 1996 0.430454545454545 0.267140696740994 3.90490657143318
256 1997 0.475909090909091 0.0973600535582243 3.24154015234791
256 1998 0.521363636363636 0.361106609181837 4.22782377443869
256 1999 0.566818181818182 0.0999865366859315 3.21129449016089
256 2000 0.612272727272727 0.378123666237366 4.26503006111673
256 2001 0.657727272727273 0.119339908190067 3.23625076602006
256 2002 0.703181818181818 0.252810175028388 3.75804004229811
258 1994 0.01 0.293948877941777 4.13883656933896
258 1995 0.0554545454545455 0.431164824742614 4.63793591016415
258 1996 0.100909090909091 0.362059319352416 4.38812734360537
258 1997 0.146363636363636 0.337555539895468 4.25526654336998
258 1998 0.191818181818182 0.436606920446194 4.6222898903993
258 1999 0.237272727272727 0.359470608251683 4.30269166880102
258 2000 0.282727272727273 0.0580558973774243 3.13695321112731
258 2001 0.328181818181818 0.278587377161376 3.97516080394632
258 2002 0.373636363636364 0.213148623709835 3.68707270870767
259 1994 0.0327272727272727 0.513851790356056 4.96560745653248
259 1995 0.0781818181818182 0.153404566323533 3.57773646840549
259 1996 0.123636363636364 0.314091686278149 4.17939234741179
259 1997 0.169090909090909 0.305148137113755 4.1158495817574
259 1998 0.214545454545455 0.360856959464626 4.32032794373
259 1999 0.26 0.22326307422502 3.77071637514205
259 2000 0.305454545454545 0.174536327385428 3.57228380040746
259 2001 0.350909090909091 0.501759521631816 4.83676810018502
259 2002 0.396363636363636 0.211068010158734 3.68555310059486
262 1994 0.248636363636364 0.384591781088784 4.40510662779647
262 1995 0.294090909090909 0.18135360169727 3.59370858411877
262 1996 0.339545454545455 0.421958443314257 4.5189864316036
262 1997 0.385 0.317386617701217 4.10743928822707
262 1998 0.430454545454545 0.771716108173307 5.84460331664445
262 1999 0.475909090909091 0.484081409636545 4.72212246279827
262 2000 0.521363636363636 0.282996467752377 3.93398866484515
262 2001 0.566818181818182 0.537677589764588 4.89544460374861
262 2002 0.612272727272727 0.465534235558198 4.60641994771817
263 1994 0.0668181818181818 0.293551823982797 4.11464652829272
263 1995 0.112272727272727 0.533711113443975 5.03861248090873
263 1996 0.157727272727273 0.374387762372911 4.37954180659227
263 1997 0.203181818181818 0.437995826195169 4.64030054715479
263 1998 0.248636363636364 0.238200333983137 3.83572589203479
263 1999 0.294090909090909 0.268144052633153 3.95179153525681
263 2000 0.339545454545455 0.307589905616136 4.08226020123615
263 2001 0.385 0.183510331470466 3.5892963131034
263 2002 0.430454545454545 0.374940180714125 4.3056913066948
264 1994 0.555454545454545 0.118764982283827 3.31057795629
264 1995 0.600909090909091 0.263343555902743 3.82470546122634
264 1996 0.646363636363636 0.282794013550288 3.89721898433601
264 1997 0.691818181818182 0.388123064241947 4.2816195580101
264 1998 0.737272727272727 0.151261421612859 3.36445370968826
264 1999 0.782727272727273 0.609283019495019 5.09422083652986
264 2000 0.828181818181818 0.186614633622583 3.45630132853782
264 2001 0.873636363636364 0.353379082740493 4.0925793991509
264 2002 0.919090909090909 0.259131490693046 3.71062579138749
265 1994 0.589545454545455 0.789313938139173 5.85432427503235
265 1995 0.635 0.28606877930544 3.91605954904824
265 1996 0.680454545454545 0.140767260855292 3.33795756981259
265 1997 0.725909090909091 0.232802493438508 3.66963990611598
265 1998 0.771363636363636 0.25212556990304 3.73094749092038
265 1999 0.816818181818182 0.403157938471027 4.3061489853103
265 2000 0.862272727272727 0.23245771165413 3.64966143841917
265 2001 0.907727272727273 0.320691509829492 3.96175182913388
265 2002 0.953181818181818 0.378294181020861 4.15902395786396
