ID YEAR COMPANYAGE RnDEXPEND REVENUE
1 1994 0.441818181818182 0.470022213845634 4.68124942872153
1 1995 0.487272727272727 0.123655871658284 3.31947215531169
1 1996 0.532727272727273 0.17608490483863 3.50837826278183
1 1997 0.578181818181818 0.206715088545935 3.62034181058871
1 1998 0.623636363636364 0.109349145012769 3.23281288814245
1 1999 0.669090909090909 0.254166689946656 3.78119912042199
1 2000 0.714545454545455 0.192267858683389 3.52373584104161
1 2001 0.76 0.323093256669884 4.03629937741333
1 2002 0.805454545454545 0.373370248065952 4.18901650955577
2 1994 0.0327272727272727 0.480345822480505 4.84057777838254
2 1995 0.0781818181818182 0.444510130014373 4.69267897951761
2 1996 0.123636363636364 0.210456547578131 3.7737740085678
2 1997 0.169090909090909 0.208582751356843 3.76487673505259
2 1998 0.214545454545455 0.122071195825295 3.39927186582548
2 1999 0.26 0.362774918820845 4.31893785971033
2 2000 0.305454545454545 0.288789519533911 4.00735043125712
2 2001 0.350909090909091 0.364092238478523 4.31603764925333
2 2002 0.396363636363636 0.469354477242602 4.69279550054804
5 1994 0.0327272727272727 0.244842809758075 3.94045622949638
5 1995 0.0781818181818182 0.177746726487074 3.66279901368314
5 1996 0.123636363636364 0.107819839957843 3.37204694870862
5 1997 0.169090909090909 0.320945496020772 4.18950685765265
5 1998 0.214545454545455 0.151055731429356 3.5249246522856
5 1999 0.26 0.35390519014912 4.27001837710789
5 2000 0.305454545454545 0.659461985069885 5.45724929794847
5 2001 0.350909090909091 0.289888864271068 4.03399007871076
5 2002 0.396363636363636 0.606684535978284 5.22219867556897
9 1994 0.521363636363636 0.288676609509475 3.94165081818366
9 1995 0.566818181818182 0.265698965232337 3.84670202327233
9 1996 0.612272727272727 0.278905443005074 3.88655304534611
9 1997 0.657727272727273 0.343225958822963 4.11969320754644
9 1998 0.703181818181818 0.176185852861303 3.45887860963632
9 1999 0.748636363636364 0.328164788566838 4.04244430131311
9 2000 0.794090909090909 0.285236489890222 3.84379113407931
9 2001 0.839545454545455 0.15582048475223 3.33924751335533
9 2002 0.885 0.371680708553 4.14482733105747
11 1994 0.555454545454545 0.191212718274268 3.55958794102804
11 1995 0.600909090909091 0.358451403787387 4.18793536754061
11 1996 0.646363636363636 0.25373452893527 3.78752761152251
11 1997 0.691818181818182 0.309676940125261 3.97119799895851
11 1998 0.737272727272727 0.247488069539671 3.73579726778847
11 1999 0.782727272727273 0.393476055841962 4.28318922012745
11 2000 0.828181818181818 0.271324010518903 3.78990749416972
11 2001 0.873636363636364 0.409833540716644 4.31342981250279
11 2002 0.919090909090909 0.285661255831601 3.81208043207984
13 1994 0.521363636363636 0.460461105333861 4.61654482119468
13 1995 0.566818181818182 0.313112368971057 4.03980861857901
13 1996 0.612272727272727 0.353600334253223 4.17453435850976
13 1997 0.657727272727273 0.55097441257202 4.90450520729181
13 1998 0.703181818181818 0.124142682300806 3.25615625211739
13 1999 0.748636363636364 0.457023265277467 4.55412001445619
13 2000 0.794090909090909 0.285297966059231 3.87195366894392
13 2001 0.839545454545455 0.415182663773836 4.32430082663897
13 2002 0.885 0.383407706009805 4.2121401598391
14 1994 0.407727272727273 0.329435688680313 4.12474461014614
14 1995 0.453181818181818 0.325134086008129 4.11321144422073
14 1996 0.498636363636364 0.296831586062065 3.98101533710962
14 1997 0.544090909090909 0.01 2.87209290109405
14 1998 0.589545454545455 0.23575277563204 3.72732951972373
14 1999 0.635 0.30857206936675 4.00130086254486
14 2000 0.680454545454545 0.461377955443968 4.55588206533521
14 2001 0.725909090909091 0.247956275137712 3.73903360410909
14 2002 0.771363636363636 0.112267148311449 3.18557637432201
17 1994 0.646363636363636 0.501314603447249 4.74288015823569
17 1995 0.691818181818182 0.355314899407879 4.14951791780122
17 1996 0.737272727272727 0.402399828024633 4.31964872497189
17 1997 0.782727272727273 0.243857443578288 3.71441296410103
17 1998 0.828181818181818 0.291320836433729 3.86109038690917
17 1999 0.873636363636364 0.164204962855179 3.3661782605095
17 2000 0.919090909090909 0.250839656782769 3.69014538603903
17 2001 0.964545454545455 0.195832484600133 3.46824619524767
17 2002 1.01 0.472011299822575 4.5108368512275
19 1994 0.373636363636364 0.439381110447671 4.59017508778481
19 1995 0.419090909090909 0.44160700306796 4.56372597236255
19 1996 0.464545454545455 0.274568799634771 3.91002169428763
19 1997 0.51 0.364904571551938 4.2542059152386
19 1998 0.555454545454545 0.691135722645688 5.49814891919025
19 1999 0.600909090909091 0.286981766100047 3.91868714761751
19 2000 0.646363636363636 0.311622463375964 4.01889339483729
19 2001 0.691818181818182 0.309335896449934 3.97554519821481
19 2002 0.737272727272727 0.294102896854876 3.91358878332925
21 1994 0.578181818181818 0.104048753566076 3.22088010549663
21 1995 0.623636363636364 0.538549189681024 4.89840923439137
21 1996 0.669090909090909 0.374700829918023 4.25750930149765
21 1997 0.714545454545455 0.318771962430028 4.01470255961948
21 1998 0.76 0.223886810336278 3.62878106417425
21 1999 0.805454545454545 0.289979015394507 3.87940537422028
21 2000 0.850909090909091 0.358417202633006 4.13372261463137
21 2001 0.896363636363636 0.405583094903007 4.29429060197391
21 2002 0.941818181818182 0.2945759278509 3.86044044292362
23 1994 0.487272727272727 0.325566886204022 4.10544586061772
23 1995 0.532727272727273 0.160602804006154 3.44875762742527
23 1996 0.578181818181818 0.390964374666469 4.33342652905498
23 1997 0.623636363636364 0.169878642621604 3.45958086909347
23 1998 0.669090909090909 0.586830383967459 5.05858037130901
23 1999 0.714545454545455 0.210758550376739 3.57734313875079
23 2000 0.76 0.64618306439991 5.24440649613662
23 2001 0.805454545454545 0.446116221680087 4.46249561068027
23 2002 0.850909090909091 0.432281408966691 4.40298725332733
24 1994 0.237272727272727 0.369348390889712 4.34130466323853
24 1995 0.282727272727273 0.310180689638007 4.0962466432868
24 1996 0.328181818181818 0.371655158838097 4.31675263738467
24 1997 0.373636363636364 0.225713433742487 3.76712735601114
24 1998 0.419090909090909 0.385086464970948 4.35393259806753
24 1999 0.464545454545455 0.449662822591043 4.58473201477263
24 2000 0.51 0.0884701640097409 3.19073206184193
24 2001 0.555454545454545 0.352787857426082 4.18817499007911
24 2002 0.600909090909091 0.222691147661133 3.68563933349889
26 1994 0.294090909090909 0.232155155208188 3.80090389691944
26 1995 0.339545454545455 0.157215360892555 3.50699442747665
26 1996 0.385 0.278720575769783 3.96045147865305
26 1997 0.430454545454545 0.229666167109696 3.75390828997956
26 1998 0.475909090909091 0.297597463028768 4.00573856751311
26 1999 0.521363636363636 0.413010501662607 4.45910690984451
26 2000 0.566818181818182 0.547054243724738 4.91516375088229
26 2001 0.612272727272727 0.53312410347 4.87692586329784
26 2002 0.657727272727273 0.119344536303765 3.25645570644955
27 1994 0.555454545454545 0.218771637884332 3.65862905461293
27 1995 0.600909090909091 0.214664526045129 3.65243802979241
27 1996 0.646363636363636 0.553535390456448 4.95479592128672
27 1997 0.691818181818182 0.545819966529653 4.9150951172286
27 1998 0.737272727272727 0.278667135407842 3.86242950669719
27 1999 0.782727272727273 0.364703814595578 4.15503873356453
27 2000 0.828181818181818 0.135905253176986 3.27478912903608
27 2001 0.873636363636364 0.195266062506267 3.48523551382191
27 2002 0.919090909090909 0.271535812359232 3.7627463359517
29 1994 0.180454545454545 0.174110152826491 3.63112665268786
29 1995 0.225909090909091 0.301052527898184 4.10654440872438
29 1996 0.271363636363636 0.298973829616941 4.08767745167316
29 1997 0.316818181818182 0.223162035590517 3.76855902970512
29 1998 0.362272727272727 0.278835626607797 3.96889214714708
29 1999 0.407727272727273 0.24457448177172 3.81614726518662
29 2000 0.453181818181818 0.297190713165418 4.01505071643715
29 2001 0.498636363636364 0.317029575085347 4.06487050749214
29 2002 0.544090909090909 0.638146424427923 5.27068075473254
32 1994 0.589545454545455 0.235831132145243 3.72711989267177
32 1995 0.635 0.427762499522199 4.45775959134426
32 1996 0.680454545454545 0.343215854094375 4.13357907180704
32 1997 0.725909090909091 0.274476380775261 3.84569361089071
32 1998 0.771363636363636 0.489557305198963 4.6467603506733
32 1999 0.816818181818182 0.457332316767637 4.49916543071975
32 2000 0.862272727272727 0.24385567288048 3.68622107814662
32 2001 0.907727272727273 0.41496367537558 4.32303408185555
32 2002 0.953181818181818 0.206473826699833 3.50307923188558
34 1994 0.316818181818182 0.0984927397324715 3.29301767518777
34 1995 0.362272727272727 0.176617250016097 3.58134703137352
34 1996 0.407727272727273 0.247797862847642 3.83434329385356
34 1997 0.453181818181818 0.436412124624665 4.55530169791097
34 1998 0.498636363636364 0.319701002484865 4.07604538601129
34 1999 0.544090909090909 0.407409435443945 4.41620657033913
34 2000 0.589545454545455 0.285612628604877 3.9097751454766
34 2001 0.635 0.120707073682495 3.2519903802811
34 2002 0.680454545454545 0.273281316901368 3.83542690846141
35 1994 0.635 0.378898890662089 4.27854340725345
35 1995 0.680454545454545 0.297914789195026 3.95408267522368
35 1996 0.725909090909091 0.202490368629584 3.55795375302036
35 1997 0.771363636363636 0.124867952626416 3.23710913778099
35 1998 0.816818181818182 0.258753448345024 3.726671977967
35 1999 0.862272727272727 0.222756341698163 3.59893973390014
35 2000 0.907727272727273 0.484119781151085 4.59009997525514
35 2001 0.953181818181818 0.137298079239031 3.23735706357014
35 2002 0.998636363636364 0.314674173185564 3.90747113178843
36 1994 0.100909090909091 0.454548148236065 4.71045686303084
36 1995 0.146363636363636 0.505703322449325 4.91242343633479
36 1996 0.191818181818182 0.386174197481234 4.4302462350475
36 1997 0.237272727272727 0.187404834979628 3.65536059465828
36 1998 0.282727272727273 0.537620930908226 4.97680920612377
36 1999 0.328181818181818 0.489780917584947 4.80249079681293
36 2000 0.373636363636364 0.149823874770513 3.4661304378508
36 2001 0.419090909090909 0.574035865741017 5.08129906495206
36 2002 0.464545454545455 0.189256642749437 3.59121266222565
37 1994 0.578181818181818 0.458830897358217 4.59412949243467
37 1995 0.623636363636364 0.546081566029863 4.93426681628738
37 1996 0.669090909090909 0.267257104570529 3.82466915633572
37 1997 0.714545454545455 0.30815989917555 3.9774488049238
37 1998 0.76 0.255838013325955 3.74296965299215
37 1999 0.805454545454545 0.601367076857256 5.07172570395368
37 2000 0.850909090909091 0.477873379211189 4.57782398332263
37 2001 0.896363636363636 0.346994814389375 4.0483212895055
37 2002 0.941818181818182 0.31320741502797 3.91724005744352
38 1994 0.566818181818182 0.266672547610129 3.86450901995641
38 1995 0.612272727272727 0.440892142487629 4.51108784409308
38 1996 0.657727272727273 0.323640012367627 4.03388105316771
38 1997 0.703181818181818 0.190488510279724 3.51692571776359
38 1998 0.748636363636364 0.264430961450536 3.78138608425414
38 1999 0.794090909090909 0.0501186192801534 2.9615225404302
38 2000 0.839545454545455 0.173094822820188 3.39358848568568
38 2001 0.885 0.262696307598442 3.74296957887392
38 2002 0.930454545454545 0.496504502559056 4.6408488097685
40 1994 0.521363636363636 0.35424379135657 4.19421257678814
40 1995 0.566818181818182 0.435508675063558 4.51286078284345
40 1996 0.612272727272727 0.104948841845575 3.19816740587425
40 1997 0.657727272727273 0.153019191574518 3.36793952865432
40 1998 0.703181818181818 0.650886233786205 5.28794698913574
40 1999 0.748636363636364 0.588219507762885 5.03969694379756
40 2000 0.794090909090909 0.489344856801826 4.64158649680565
40 2001 0.839545454545455 0.535689655490352 4.80814697997524
40 2002 0.885 0.152763227576979 3.31313033408509
42 1994 0.271363636363636 0.236601921899187 3.81566177164196
42 1995 0.316818181818182 0.346131166030476 4.23602639960584
42 1996 0.362272727272727 0.30353736916964 4.05518738436677
42 1997 0.407727272727273 0.213854736018951 3.70323358388408
42 1998 0.453181818181818 0.200388458249143 3.62059723613415
42 1999 0.498636363636364 0.162630375554596 3.46814221260855
42 2000 0.544090909090909 0.306933588424827 4.0256686621525
42 2001 0.589545454545455 0.315457513020029 4.03132075021423
42 2002 0.635 0.53004456758245 4.87313231200641
43 1994 0.169090909090909 0.359600731804922 4.32310698213031
43 1995 0.214545454545455 0.634317843894436 5.37127519824058
43 1996 0.26 0.249544321208047 3.87683018301702
43 1997 0.305454545454545 0.20120861832296 3.67592343353282
43 1998 0.350909090909091 0.227247680007145 3.77333316370425
43 1999 0.396363636363636 0.214330345235828 3.71578184932029
43 2000 0.441818181818182 0.104350125670975 3.28203034282464
43 2001 0.487272727272727 0.322085284621378 4.08467671491252
43 2002 0.532727272727273 0.250433049217401 3.82577215950781
44 1994 0.271363636363636 0.275729647764214 3.98581873241246
44 1995 0.316818181818182 0.306881850643912 4.10813433821472
44 1996 0.362272727272727 0.408555809065679 4.44052506598198
44 1997 0.407727272727273 0.0533185141298735 3.09165301635699
44 1998 0.453181818181818 0.241893756858559 3.79478662937786
44 1999 0.498636363636364 0.246330891096136 3.79786962904618
44 2000 0.544090909090909 0.262055878084815 3.83367266835298
44 2001 0.589545454545455 0.150768891568624 3.39781791237457
44 2002 0.635 0.38292891371645 4.28153260691373
45 1994 0.566818181818182 0.217671883423177 3.67788477863681
45 1995 0.612272727272727 0.221399080931405 3.65490434985304
45 1996 0.657727272727273 0.190550244590411 3.53443799034753
45 1997 0.703181818181818 0.125524274746396 3.25812063028783
45 1998 0.748636363636364 0.214054526275845 3.60219398078884
45 1999 0.794090909090909 0.295413987253143 3.88452331517208
45 2000 0.839545454545455 0.28541221351605 3.83728851371917
45 2001 0.885 0.183911144739103 3.43263489556767
45 2002 0.930454545454545 0.389289404764022 4.22323368603469
46 1994 0.350909090909091 0.482783822641323 4.75381918369694
46 1995 0.396363636363636 0.223551429891773 3.7465634193296
46 1996 0.441818181818182 0.444337797225707 4.58829182401861
46 1997 0.487272727272727 0.390770305170231 4.37717419114538
46 1998 0.532727272727273 0.23345054613719 3.74356935678268
46 1999 0.578181818181818 0.194898422849411 3.56938993834193
46 2000 0.623636363636364 0.292045907175449 3.91852092298327
46 2001 0.669090909090909 0.222040295507655 3.63930818107259
46 2002 0.714545454545455 0.334569574931583 4.08104406405374
48 1994 0.328181818181818 0.073823765310757 3.16933606875778
48 1995 0.373636363636364 0.347685252460057 4.24469537307474
48 1996 0.419090909090909 0.320562731002648 4.10194894312429
48 1997 0.464545454545455 0.232437117385579 3.77038299336193
48 1998 0.51 0.17040259737267 3.50911199858146
48 1999 0.555454545454545 0.423248564115702 4.46964244025728
48 2000 0.600909090909091 0.282117122751575 3.9083462225427
48 2001 0.646363636363636 0.646413849964391 5.28395414135925
48 2002 0.691818181818182 0.199170549614697 3.55190638997439
50 1994 0.385 0.18508920251009 3.59919358998957
50 1995 0.430454545454545 0.201748297710241 3.63362698042909
50 1996 0.475909090909091 0.175424753453946 3.53837291887054
50 1997 0.521363636363636 0.223559885381394 3.70496827715403
50 1998 0.566818181818182 0.317002671578814 4.04331386566733
50 1999 0.612272727272727 0.416416092610287 4.42266219724694
50 2000 0.657727272727273 0.262348781058127 3.82347018139909
50 2001 0.703181818181818 0.312638426248513 3.98284469944213
50 2002 0.748636363636364 0.342436351026547 4.10157578817417
54 1994 0.362272727272727 0.16684286739927 3.51311185114158
54 1995 0.407727272727273 0.277031548997464 3.95416990132403
54 1996 0.453181818181818 0.251746493501419 3.83850614334622
54 1997 0.498636363636364 0.134339495191792 3.35555008368983
54 1998 0.544090909090909 0.332120373148316 4.11241346820429
54 1999 0.589545454545455 0.367397665075594 4.21664405073343
54 2000 0.635 0.722467866923458 5.57793424642909
54 2001 0.680454545454545 0.429992896105964 4.4485789516719
54 2002 0.725909090909091 0.238342789016298 3.68632715579246
59 1994 0.248636363636364 0.270151649859324 3.95915267707151
59 1995 0.294090909090909 0.11133367796326 3.3363254061882
59 1996 0.339545454545455 0.369620926445484 4.3080273454912
59 1997 0.385 0.29720220637703 4.01456084496893
59 1998 0.430454545454545 0.23359280633193 3.77309047188983
59 1999 0.475909090909091 0.39865923515223 4.38990780983626
59 2000 0.521363636363636 0.320083025552956 4.09045191503754
59 2001 0.566818181818182 0.365762774369758 4.23345560929568
59 2002 0.612272727272727 0.111829444787578 3.24448076223821
63 1994 0.0668181818181818 0.279394798953774 4.06322482942295
63 1995 0.112272727272727 0.377972737553072 4.41989196548036
63 1996 0.157727272727273 0.27906522248374 4.04830501583252
63 1997 0.203181818181818 0.177504822333096 3.62251593056991
63 1998 0.248636363636364 0.442562513122467 4.62596062465725
63 1999 0.294090909090909 0.489652614733653 4.80150274914346
63 2000 0.339545454545455 0.296646897228972 4.03153137402113
63 2001 0.385 0.287264030953988 3.99111893144169
63 2002 0.430454545454545 0.110624494214025 3.29520505642786
64 1994 0.350909090909091 0.384812019534863 4.37708315409669
64 1995 0.396363636363636 0.322779039335394 4.09770493243298
64 1996 0.441818181818182 0.0407650364737893 3.01916715002082
64 1997 0.487272727272727 0.360040753893751 4.24458467550551
64 1998 0.532727272727273 0.332821267159742 4.11391805653774
64 1999 0.578181818181818 0.18158877686772 3.49964338789604
64 2000 0.623636363636364 0.153736240050064 3.42027329178212
64 2001 0.669090909090909 0.50380410906969 4.72837155960275
64 2002 0.714545454545455 0.280247594079692 3.86052714094044
69 1994 0.328181818181818 0.641368907341691 5.3481380901722
69 1995 0.373636363636364 0.174503309446627 3.55652296624013
69 1996 0.419090909090909 0.601458166042297 5.19811333912784
69 1997 0.464545454545455 0.329752982841735 4.1344216548416
69 1998 0.51 0.288485109452149 3.95491516861564
69 1999 0.555454545454545 0.305767154536648 4.00435354212109
69 2000 0.600909090909091 0.404140441339815 4.38596194070017
69 2001 0.646363636363636 0.481009043597954 4.66351846775102
69 2002 0.691818181818182 0.581813457453834 5.05050921126191
70 1994 0.169090909090909 0.413012927259537 4.55070019689726
70 1995 0.214545454545455 0.104371797423001 3.33193493277386
70 1996 0.26 0.0810811416340993 3.22702778515844
70 1997 0.305454545454545 0.260329610297272 3.91095909547131
70 1998 0.350909090909091 0.366826429507123 4.32140771577765
70 1999 0.396363636363636 0.337881461979271 4.19023607585898
70 2000 0.441818181818182 0.490137503927845 4.72257281588259
70 2001 0.487272727272727 0.291204185659424 3.98019217333289
70 2002 0.532727272727273 0.136728058412891 3.36108838945717
71 1994 0.191818181818182 0.334696129298975 4.21590630830655
71 1995 0.237272727272727 0.666929173727204 5.4935101484387
71 1996 0.282727272727273 0.210267580256467 3.7231873836057
71 1997 0.328181818181818 0.275400228716221 3.96365840075246
71 1998 0.373636363636364 0.31916905653847 4.13029317351432
71 1999 0.419090909090909 0.473174588273527 4.69412332139192
71 2000 0.464545454545455 0.329261852810308 4.11645735356375
71 2001 0.51 0.140078990387596 3.38795290222238
71 2002 0.555454545454545 0.50082901892146 4.74246345335251
72 1994 0.521363636363636 0.452356436539898 4.56571235330666
72 1995 0.566818181818182 0.323297347422602 4.06862568696771
72 1996 0.612272727272727 0.164949259532737 3.44077369137895
72 1997 0.657727272727273 0.275811756710844 3.84529129009629
72 1998 0.703181818181818 0.36490808497774 4.17679716342485
72 1999 0.748636363636364 0.553233656020553 4.91641179747086
72 2000 0.794090909090909 0.330815888938009 4.0288163604848
72 2001 0.839545454545455 0.121816444793012 3.21276635455495
72 2002 0.885 0.391379386167222 4.24265949736476
73 1994 0.100909090909091 0.555208044971157 5.10968265155066
73 1995 0.146363636363636 0.505718918462544 4.90923808945505
73 1996 0.191818181818182 0.453633975150048 4.69842193340268
73 1997 0.237272727272727 0.358926761581537 4.31842644954659
73 1998 0.282727272727273 0.433858240665534 4.57387652732662
73 1999 0.328181818181818 0.136887928290768 3.40998598143449
73 2000 0.373636363636364 0.449015469364332 4.61547491111581
73 2001 0.419090909090909 0.307589810270475 4.06447300545964
73 2002 0.464545454545455 0.524503237604909 4.90062891521975
74 1994 0.555454545454545 0.298250720214847 3.96500777074566
74 1995 0.600909090909091 0.273159532273117 3.87574412238252
74 1996 0.646363636363636 0.471258517514366 4.60953914017532
74 1997 0.691818181818182 0.162386637028227 3.40461879015366
74 1998 0.737272727272727 0.307390391034081 3.95526936156835
74 1999 0.782727272727273 0.152964271847593 3.32826211017382
74 2000 0.828181818181818 0.303343793273077 3.90796720381345
74 2001 0.873636363636364 0.350039644569406 4.09952804697161
74 2002 0.919090909090909 0.146322681372494 3.27531461703736
77 1994 0.328181818181818 0.250719795525188 3.86708813324259
77 1995 0.373636363636364 0.39322201546194 4.39856949889832
77 1996 0.419090909090909 0.235483749721167 3.77201804828662
77 1997 0.464545454545455 0.199437319047941 3.61310854227205
77 1998 0.51 0.457632683428163 4.62139130329378
77 1999 0.555454545454545 0.123042684483291 3.32261615220158
77 2000 0.600909090909091 0.173949459356733 3.47933866980726
77 2001 0.646363636363636 0.226396339700605 3.66836456208132
77 2002 0.691818181818182 0.370888564247168 4.21422660725471
79 1994 0.26 0.276368345359542 3.99575924106749
79 1995 0.305454545454545 0.239724212911277 3.83963041373446
79 1996 0.350909090909091 0.631913501584501 5.34827350041414
79 1997 0.396363636363636 0.22768860374727 3.76833105990458
79 1998 0.441818181818182 0.434557988096774 4.54751123208378
79 1999 0.487272727272727 0.671433985999284 5.44427695762012
79 2000 0.532727272727273 0.234028156184613 3.72761653079544
79 2001 0.578181818181818 0.4502832305588 4.55129566017628
79 2002 0.623636363636364 0.203103356553841 3.57591616526311
80 1994 0.487272727272727 0.453081963045937 4.58683824432462
80 1995 0.532727272727273 0.214234187214209 3.68935933749261
80 1996 0.578181818181818 0.190299182575942 3.56595947505545
80 1997 0.623636363636364 0.217538436335134 3.64746048567941
80 1998 0.669090909090909 0.369219335307182 4.2205238390289
80 1999 0.714545454545455 0.23409985503392 3.67606377403121
80 2000 0.76 0.376719055496806 4.21657684935174
80 2001 0.805454545454545 0.573038959750892 4.96373989153382
80 2002 0.850909090909091 0.115971088652363 3.17953585614309
81 1994 0.566818181818182 0.398249695794411 4.37646013869308
81 1995 0.612272727272727 0.452666414787865 4.55846307107021
81 1996 0.657727272727273 0.183574243462421 3.50116803027296
81 1997 0.703181818181818 0.185260527985154 3.49241542398247
81 1998 0.748636363636364 0.387921074515253 4.25640498454065
81 1999 0.794090909090909 0.378310345089688 4.22021588126099
81 2000 0.839545454545455 0.23047288302145 3.61960405067641
81 2001 0.885 0.192768640565367 3.46352855279805
81 2002 0.930454545454545 0.156437071748687 3.33721895333352
82 1994 0.271363636363636 0.485032451065527 4.7967887016714
82 1995 0.316818181818182 0.114688724557872 3.33560890310753
82 1996 0.362272727272727 0.291042395411151 3.99824132516511
82 1997 0.407727272727273 0.254279117060146 3.85909578028258
82 1998 0.453181818181818 0.492208386606791 4.75499291950414
82 1999 0.498636363636364 0.0944152194630808 3.24390772292073
82 2000 0.544090909090909 0.380162577461309 4.28294914404947
82 2001 0.589545454545455 0.257566585098124 3.81252718168225
82 2002 0.635 0.128066075181106 3.30429417308863
83 1994 0.146363636363636 0.371932718215366 4.39475478670681
83 1995 0.191818181818182 0.487199508274707 4.80381161865647
83 1996 0.237272727272727 0.383730125436621 4.41136515577116
83 1997 0.282727272727273 0.274271113946558 3.9805710512324
83 1998 0.328181818181818 0.506158933731058 4.84197059289827
83 1999 0.373636363636364 0.145455930151946 3.43757119259345
83 2000 0.419090909090909 0.31834377062468 4.10061467582745
83 2001 0.464545454545455 0.232005162455119 3.76498197410594
83 2002 0.51 0.422888611705373 4.47402021350513
84 1994 0.498636363636364 0.405480410103878 4.40339478367988
84 1995 0.544090909090909 0.301326356480619 3.99538247115133
84 1996 0.589545454545455 0.434653948864231 4.51624584654415
84 1997 0.635 0.330786866650605 4.08184972965686
84 1998 0.680454545454545 0.153113975383198 3.37321143575097
84 1999 0.725909090909091 0.194953546515697 3.53017198131291
84 2000 0.771363636363636 0.289953583551924 3.88860995153298
84 2001 0.816818181818182 0.308507741502103 3.93191906205526
84 2002 0.862272727272727 0.227408435979779 3.61051235525454
85 1994 0.203181818181818 0.109038726652212 3.36037120366838
85 1995 0.248636363636364 0.631426670524024 5.34354721493745
85 1996 0.294090909090909 0.341712858486854 4.24496325550188
85 1997 0.339545454545455 0.0826645021663679 3.22079443538055
85 1998 0.385 0.445010429867428 4.6066533766608
85 1999 0.430454545454545 0.382487092385186 4.34799282034901
85 2000 0.475909090909091 0.157556239997468 3.44791090385183
85 2001 0.521363636363636 0.207508092285819 3.63870492280823
85 2002 0.566818181818182 0.529365407805449 4.87635490304041
86 1994 0.646363636363636 0.299507299164784 3.9624011273264
86 1995 0.691818181818182 0.465584132833527 4.5879635084453
86 1996 0.737272727272727 0.372794022553284 4.21895877294803
86 1997 0.782727272727273 0.430425710864105 4.42545128539671
86 1998 0.828181818181818 0.331012629871938 4.01675966640695
86 1999 0.873636363636364 0.564452946033915 4.91620433676776
86 2000 0.919090909090909 0.351554107650661 4.09042871466591
86 2001 0.964545454545455 0.26585856985377 3.72981588018343
86 2002 1.01 0.412495753835636 4.2845550447129
88 1994 0.600909090909091 0.409717232258531 4.39611620290636
88 1995 0.646363636363636 0.148954800205371 3.38410491774286
88 1996 0.691818181818182 0.300890403931229 3.95524727965166
88 1997 0.737272727272727 0.288315546019288 3.87907731644693
88 1998 0.782727272727273 0.583985791237877 5.01163895389242
88 1999 0.828181818181818 0.165253729978943 3.37113369867156
88 2000 0.873636363636364 0.224157257565696 3.59049746621409
88 2001 0.919090909090909 0.47208226938448 4.55220433220386
88 2002 0.964545454545455 0.307302401494167 3.87935795412585
90 1994 0.203181818181818 0.355703602391196 4.31557512517296
90 1995 0.248636363636364 0.357525050878364 4.28244243486953
90 1996 0.294090909090909 0.579155454825282 5.14470739279425
90 1997 0.339545454545455 0.299351377538324 4.05048434181952
90 1998 0.385 0.128461969048301 3.38586567968449
90 1999 0.430454545454545 0.216074458789073 3.69501009081768
90 2000 0.475909090909091 0.387965032385226 4.35532120170233
90 2001 0.521363636363636 0.535782986150928 4.91888143284846
90 2002 0.566818181818182 0.54195863799236 4.9241755732566
91 1994 0.214545454545455 0.441834515217258 4.64190083402542
91 1995 0.26 0.110622446192109 3.34275778104829
91 1996 0.305454545454545 0.387245838826708 4.38866301541103
91 1997 0.350909090909091 0.68802325647086 5.55004660852694
91 1998 0.396363636363636 0.207719236295619 3.67917677115563
91 1999 0.441818181818182 0.405571713220644 4.42632110957192
91 2000 0.487272727272727 0.493489163853088 4.75386933263079
91 2001 0.532727272727273 0.267244516262086 3.87027821267551
91 2002 0.578181818181818 0.333844604100265 4.09903224309502
92 1994 0.26 0.145112873721646 3.4861817656275
92 1995 0.305454545454545 0.337806932484296 4.22679736021369
92 1996 0.350909090909091 0.468443717760376 4.69065493010973
92 1997 0.396363636363636 0.467742759706046 4.67013491821452
92 1998 0.441818181818182 0.551086713392189 4.98610297866531
92 1999 0.487272727272727 0.45609513000199 4.60672239060539
92 2000 0.532727272727273 0.290741490324254 3.95109076500554
92 2001 0.578181818181818 0.597503617797753 5.14129759040634
92 2002 0.623636363636364 0.140501270337533 3.34272279936144
95 1994 0.555454545454545 0.311934574871848 4.03268985601687
95 1995 0.600909090909091 0.271509501636524 3.85607450321587
95 1996 0.646363636363636 0.284935774958392 3.89106565958821
95 1997 0.691818181818182 0.112036353905113 3.21752272621167
95 1998 0.737272727272727 0.481310177747806 4.63178358163892
95 1999 0.782727272727273 0.249820653163268 3.72438511645643
95 2000 0.828181818181818 0.318242604570609 3.99486134971686
95 2001 0.873636363636364 0.416510656705987 4.35982481378033
95 2002 0.919090909090909 0.496594125881409 4.625152326989
96 1994 0.0213636363636364 0.602938748118832 5.31601597288692
96 1995 0.0668181818181818 0.441959107967795 4.67703115638358
96 1996 0.112272727272727 0.306734317365505 4.13456063036954
96 1997 0.157727272727273 0.796373957045983 6.03457872605077
96 1998 0.203181818181818 0.124479574741294 3.41140808905794
96 1999 0.248636363636364 0.358080934301112 4.29537835653878
96 2000 0.294090909090909 0.431369124868702 4.58064149486588
96 2001 0.339545454545455 0.322677847592888 4.14413182825893
96 2002 0.385 0.327797488186356 4.13090076102996
97 1994 0.157727272727273 0.384684786157258 4.43389279825872
97 1995 0.203181818181818 0.299059788176184 4.0926960158719
97 1996 0.248636363636364 0.247029436590574 3.88928460463522
97 1997 0.294090909090909 0.411778967338499 4.50118488401448
97 1998 0.339545454545455 0.202597427212612 3.67857557087182
97 1999 0.385 0.31731363730132 4.10264997395718
97 2000 0.430454545454545 0.361521232569541 4.2510520170808
97 2001 0.475909090909091 0.233375915102366 3.75253508583838
97 2002 0.521363636363636 0.228352213448105 3.71506215388328
98 1994 0.555454545454545 0.15058064313659 3.39134629309141
98 1995 0.600909090909091 0.467518209284265 4.62667188483228
98 1996 0.646363636363636 0.680843703273593 5.41595142744662
98 1997 0.691818181818182 0.396222099250114 4.32735245560329
98 1998 0.737272727272727 0.521515089007534 4.78935993322674
98 1999 0.782727272727273 0.181458119742746 3.45561996407918
98 2000 0.828181818181818 0.417196521145501 4.35255632151242
98 2001 0.873636363636364 0.290867441624903 3.86177545548033
98 2002 0.919090909090909 0.347149571829297 4.0585383366659
100 1994 0.600909090909091 0.367796516473003 4.24241504469462
100 1995 0.646363636363636 0.378852096332246 4.25449539458959
100 1996 0.691818181818182 0.372655869942209 4.234225513742
100 1997 0.737272727272727 0.39582671220875 4.28669805555305
100 1998 0.782727272727273 0.134334900968343 3.27593556479138
100 1999 0.828181818181818 0.4224600844926 4.37505362695473
100 2000 0.873636363636364 0.128088811597147 3.21608853159317
100 2001 0.919090909090909 0.203525328955794 3.50308360352162
100 2002 0.964545454545455 0.309666272488981 3.88195033983626
102 1994 0.0213636363636364 0.294058561493887 4.12626746516439
102 1995 0.0668181818181818 0.584203206916409 5.21615777752433
102 1996 0.112272727272727 0.527584866051935 4.98957250042535
102 1997 0.157727272727273 0.217524618386316 3.78697233272415
102 1998 0.203181818181818 0.507135073646229 4.89704567089205
102 1999 0.248636363636364 0.240801118077217 3.86180268711537
102 2000 0.294090909090909 0.165800062746097 3.55373657425611
102 2001 0.339545454545455 0.570624077306372 5.11741175061965
102 2002 0.385 0.433237484576761 4.53690128169278
105 1994 0.407727272727273 0.298103940885622 4.01558792173046
105 1995 0.453181818181818 0.254658924888465 3.84647828743779
105 1996 0.498636363636364 0.184300795464524 3.58077919220179
105 1997 0.544090909090909 0.26013255767249 3.83289628103776
105 1998 0.589545454545455 0.216127994028799 3.66054649140154
105 1999 0.635 0.168071037491151 3.44446925201593
105 2000 0.680454545454545 0.369858600876615 4.22139332337806
105 2001 0.725909090909091 0.329032925864122 4.04993422236027
105 2002 0.771363636363636 0.309003400442826 3.97431374270558
106 1994 0.305454545454545 0.168378425558996 3.54979483019242
106 1995 0.350909090909091 0.262875313755589 3.90762907529395
106 1996 0.396363636363636 0.191881146094983 3.62031547561324
106 1997 0.441818181818182 0.127704123824646 3.35404481709
106 1998 0.487272727272727 0.290306137941896 3.96803650058758
106 1999 0.532727272727273 0.332702379172 4.14082192892726
106 2000 0.578181818181818 0.312240134388465 4.02454849942387
106 2001 0.623636363636364 0.341056710210576 4.12141361390767
106 2002 0.669090909090909 0.235897059249003 3.69577209165832
107 1994 0.544090909090909 0.196927973653521 3.58780020035269
107 1995 0.589545454545455 0.102435693328951 3.21379841297252
107 1996 0.635 0.315141216116607 4.01329432249574
107 1997 0.680454545454545 0.342763622553316 4.10353460020828
107 1998 0.725909090909091 0.277523180815832 3.84259890738371
107 1999 0.771363636363636 0.224050527163588 3.65278061763134
107 2000 0.816818181818182 0.486582478483311 4.6286062361428
107 2001 0.862272727272727 0.346005343025474 4.06958553143178
107 2002 0.907727272727273 0.588871389994127 4.99589670074485
108 1994 0.475909090909091 0.31825020037074 4.06930586538281
108 1995 0.521363636363636 0.261877265740441 3.85271734262541
108 1996 0.566818181818182 0.19501689172456 3.56687900963175
108 1997 0.612272727272727 0.497596240852854 4.73129246011203
108 1998 0.657727272727273 0.376070770706892 4.25182065727579
108 1999 0.703181818181818 1.01 6.6725274292275
108 2000 0.748636363636364 0.356932160460599 4.15277814118501
108 2001 0.794090909090909 0.393003704151304 4.26173811182216
108 2002 0.839545454545455 0.785034279178627 5.75459779621505
110 1994 0.135 0.23224928103442 3.84332701116996
110 1995 0.180454545454545 0.462783991754265 4.72998641662954
110 1996 0.225909090909091 0.329166109333344 4.22153682749519
110 1997 0.271363636363636 0.255519074671892 3.90154378815341
110 1998 0.316818181818182 0.153652401253915 3.47652399312818
110 1999 0.362272727272727 0.272901633265408 3.93038856400795
110 2000 0.407727272727273 0.384717724674646 4.37226887190053
110 2001 0.453181818181818 0.359689884712433 4.26149870108092
110 2002 0.498636363636364 0.187430707153844 3.56518913626671
115 1994 0.487272727272727 0.489496130504411 4.74166910248137
115 1995 0.532727272727273 0.336738447740996 4.11918128674411
115 1996 0.578181818181818 0.292681283313543 3.95126086741625
115 1997 0.623636363636364 0.158262872841093 3.43034615274048
115 1998 0.669090909090909 0.557819672778505 4.94111664431399
115 1999 0.714545454545455 0.549316884786323 4.89475895905783
115 2000 0.76 0.262949729315229 3.77607337320458
115 2001 0.805454545454545 0.22348381918542 3.60072809863399
115 2002 0.850909090909091 0.344912215833411 4.07413949308559
116 1994 0.135 0.56156838970579 5.12703313676548
116 1995 0.180454545454545 0.170994579711155 3.62547007118464
116 1996 0.225909090909091 0.230996688322155 3.82353559230396
116 1997 0.271363636363636 0.356171613805659 4.29657481693691
116 1998 0.316818181818182 0.22142104587525 3.75392834870822
116 1999 0.362272727272727 0.595750539287654 5.19772622496251
116 2000 0.407727272727273 0.223565563370997 3.73560326810866
116 2001 0.453181818181818 0.535563705642841 4.90302998214898
116 2002 0.498636363636364 0.319304607317591 4.07162723194093
118 1994 0.316818181818182 0.351236113255891 4.26376364451871
118 1995 0.362272727272727 0.329014551287529 4.15998197501066
118 1996 0.407727272727273 0.462018244857502 4.65598125593846
118 1997 0.453181818181818 0.321247449593371 4.10591180042094
118 1998 0.498636363636364 0.324822756322184 4.10259247897125
118 1999 0.544090909090909 0.417691650950973 4.44300253623573
118 2000 0.589545454545455 0.199590533134451 3.59371884546033
118 2001 0.635 0.144569617618997 3.35476565906051
118 2002 0.680454545454545 0.527372564605915 4.82067862461684
119 1994 0.0213636363636364 0.43200693342192 4.63916136201191
119 1995 0.0668181818181818 0.14446010707009 3.52421647975677
119 1996 0.112272727272727 0.321779313379989 4.22063589908376
119 1997 0.157727272727273 0.192079727517969 3.68569324521721
119 1998 0.203181818181818 0.278373806276801 4.01153071275663
119 1999 0.248636363636364 0.254132469611435 3.89649223362601
119 2000 0.294090909090909 0.20332934045662 3.68877242227381
119 2001 0.339545454545455 0.141840699551826 3.44903497303004
119 2002 0.385 0.383197721035355 4.37400215495738
120 1994 0.0213636363636364 0.341731463987572 4.33328590700392
120 1995 0.0668181818181818 0.237869707630982 3.90484369063731
120 1996 0.112272727272727 0.295516247365962 4.11869672090035
120 1997 0.157727272727273 0.192637708319536 3.69170487349427
120 1998 0.203181818181818 0.563949255370954 5.1095742233758
120 1999 0.248636363636364 0.3920627948184 4.44847245068854
120 2000 0.294090909090909 0.287619715020243 4.030893104349
120 2001 0.339545454545455 0.287409281414133 4.00278310342432
120 2002 0.385 0.273103334839962 3.94508985100085
121 1994 0.0668181818181818 0.147121699201211 3.54681796863901
121 1995 0.112272727272727 0.421570925616053 4.59330706080857
121 1996 0.157727272727273 0.476585961227785 4.79011057578794
121 1997 0.203181818181818 0.236755980166652 3.86181715030154
121 1998 0.248636363636364 0.391911441774078 4.43428333286091
121 1999 0.294090909090909 0.491157977336483 4.82859238392549
121 2000 0.339545454545455 0.209911044299004 3.71067366044321
121 2001 0.385 0.38229220678334 4.34884045933657
121 2002 0.430454545454545 0.365384083310918 4.27773089497478
123 1994 0.589545454545455 0.322664204522537 4.0490172997381
123 1995 0.635 0.248316359441232 3.78117980674533
123 1996 0.680454545454545 0.448800608668203 4.52434909463246
123 1997 0.725909090909091 0.267545807780841 3.79787067947388
123 1998 0.771363636363636 0.237824063550811 3.67473019272385
123 1999 0.816818181818182 0.241987617367923 3.66942721213531
123 2000 0.862272727272727 0.313712699614346 3.95140277153582
123 2001 0.907727272727273 0.654449572309805 5.24421404276685
123 2002 0.953181818181818 0.376066491254813 4.15820360611077
124 1994 0.487272727272727 0.317711262406344 4.09032514280692
124 1995 0.532727272727273 0.304065785086528 4.00644530890329
124 1996 0.578181818181818 0.330175678530366 4.08066357482472
124 1997 0.623636363636364 0.188162753006849 3.51616864808534
124 1998 0.669090909090909 0.476637526780032 4.63260335789532
124 1999 0.714545454545455 0.148125931193621 3.35460477662957
124 2000 0.76 0.32140916324834 3.99964919324227
124 2001 0.805454545454545 0.228958207219878 3.64116573454098
124 2002 0.850909090909091 0.306605281308175 3.92027884953936
126 1994 0.566818181818182 0.251654051817336 3.79536557940472
126 1995 0.612272727272727 0.183039170437354 3.5280380381236
126 1996 0.657727272727273 0.375761367172554 4.25505660394916
126 1997 0.703181818181818 0.389557902515131 4.2961218640665
126 1998 0.748636363636364 0.275886820193175 3.83512667996832
126 1999 0.794090909090909 0.24941411829877 3.73149652813745
126 2000 0.839545454545455 0.369005953187597 4.15833604480527
126 2001 0.885 0.363291555152795 4.10629644463908
126 2002 0.930454545454545 0.338936914901781 4.02947194301478
128 1994 0.385 0.303134578271565 4.06221010830956
128 1995 0.430454545454545 0.345838371692298 4.18799181852549
128 1996 0.475909090909091 0.310894148270613 4.04557392169005
128 1997 0.521363636363636 0.209764193058727 3.63982549659961
128 1998 0.566818181818182 0.761940260719149 5.75382896521691
128 1999 0.612272727272727 0.333928902036318 4.08173159118473
128 2000 0.657727272727273 0.249096487298942 3.75834446003292
128 2001 0.703181818181818 0.309144218778383 3.98781174756838
128 2002 0.748636363636364 0.405135990920199 4.35107445872416
131 1994 0.623636363636364 0.442236570389109 4.51285449728993
131 1995 0.669090909090909 0.393717355530968 4.31642885648175
131 1996 0.714545454545455 0.412268664813722 4.37464242162058
131 1997 0.76 0.522944280063852 4.77428108943821
131 1998 0.805454545454545 0.108762850865154 3.16915115578411
131 1999 0.850909090909091 0.394175104800759 4.25480975038951
131 2000 0.896363636363636 0.191249498984579 3.46815252623449
131 2001 0.941818181818182 0.348394243483314 4.04220719137574
131 2002 0.987272727272727 0.302134238015827 3.8522101326621
134 1994 0.316818181818182 0.406925124036234 4.48292069733956
134 1995 0.362272727272727 0.352135871880029 4.25794276567486
134 1996 0.407727272727273 0.334761141588776 4.16331011914054
134 1997 0.453181818181818 0.470649942833096 4.67610445476963
134 1998 0.498636363636364 0.364998728137346 4.24067477581497
134 1999 0.544090909090909 0.429654217108892 4.50960243054705
134 2000 0.589545454545455 0.371977335071416 4.25316737718757
134 2001 0.635 0.219176888840195 3.64129369426692
134 2002 0.680454545454545 0.517582712114382 4.78773685489159
135 1994 0.01 0.198515959845186 3.7541731707787
135 1995 0.0554545454545455 0.29779431849505 4.15425411531444
135 1996 0.100909090909091 0.34848110534017 4.31103273446606
135 1997 0.146363636363636 0.164763684955031 3.59365533633647
135 1998 0.191818181818182 0.568642651310021 5.14204579551948
135 1999 0.237272727272727 0.583748881927616 5.19262386977362
135 2000 0.282727272727273 0.0917059461527561 3.26558404589661
135 2001 0.328181818181818 0.171959357386679 3.56673911379491
135 2002 0.373636363636364 0.149805369645052 3.46759029519791
136 1994 0.146363636363636 0.0982659252752881 3.33528115547083
136 1995 0.191818181818182 0.251801001103986 3.89562119254819
136 1996 0.237272727272727 0.153195272935921 3.54317600012248
136 1997 0.282727272727273 0.134437701497574 3.42940265075048
136 1998 0.328181818181818 0.0990826882185198 3.27603586749753
136 1999 0.373636363636364 0.266584444495271 3.88350871843192
136 2000 0.419090909090909 0.321489184795763 4.10826076711986
136 2001 0.464545454545455 0.247801883765338 3.803407431884
136 2002 0.51 0.358191589751879 4.20464809182383
137 1994 0.305454545454545 0.164659435327665 3.54039700672807
137 1995 0.350909090909091 0.203447440730217 3.68132674235018
137 1996 0.396363636363636 0.209797115088233 3.69558282769228
137 1997 0.441818181818182 0.60118820836762 5.19803237490248
137 1998 0.487272727272727 0.138340922012747 3.37181309221043
137 1999 0.532727272727273 0.261086843198047 3.84749622126469
137 2000 0.578181818181818 0.173433634000985 3.50479164469735
137 2001 0.623636363636364 0.313456361347416 4.02993207976326
137 2002 0.669090909090909 0.262352362582042 3.81181591995854
138 1994 0.271363636363636 0.181630108055105 3.61419094656846
138 1995 0.316818181818182 0.287217607917593 4.01827151133967
138 1996 0.362272727272727 0.250143506476121 3.84526275362821
138 1997 0.407727272727273 0.289679665174006 4.01112506633836
138 1998 0.453181818181818 0.162948571479003 3.49977941613603
138 1999 0.498636363636364 0.180316267331725 3.5357387799706
138 2000 0.544090909090909 0.259525603284906 3.84234808858493
138 2001 0.589545454545455 0.122595415222862 3.30187497716309
138 2002 0.635 0.183632413780853 3.51702066303296
139 1994 0.350909090909091 0.407928506453894 4.45697990149567
139 1995 0.396363636363636 0.234266959642801 3.77849673394449
139 1996 0.441818181818182 0.332604793077868 4.13952620429504
139 1997 0.487272727272727 0.258146883412264 3.84722244531409
139 1998 0.532727272727273 0.172560484380158 3.49531318979438
139 1999 0.578181818181818 0.1329781730455 3.33287850276593
139 2000 0.623636363636364 0.188962129718768 3.53504349152275
139 2001 0.669090909090909 0.261728684257865 3.8106153680502
139 2002 0.714545454545455 0.339043961645153 4.08483199892879
144 1994 0.0895454545454545 0.229317639669324 3.86156424504371
144 1995 0.135 0.346007591662552 4.29489550448145
144 1996 0.180454545454545 0.242021685187422 3.87331094197289
144 1997 0.225909090909091 0.536961127205531 4.98926187775462
144 1998 0.271363636363636 0.321475426895551 4.13993999036944
144 1999 0.316818181818182 0.315198648438236 4.1230289195661
144 2000 0.362272727272727 0.242040473354558 3.82685657895904
144 2001 0.407727272727273 0.395034283327124 4.39507975011778
144 2002 0.453181818181818 0.270190017629862 3.90121723566616
148 1994 0.180454545454545 0.111882855351808 3.37574924247235
148 1995 0.225909090909091 0.179779791872536 3.6393293739448
148 1996 0.271363636363636 0.0997349408041417 3.29041574099312
148 1997 0.316818181818182 0.224137308418755 3.75676088196749
148 1998 0.362272727272727 0.56003842136086 5.05365215160527
148 1999 0.407727272727273 0.508858199350724 4.83834575668207
148 2000 0.453181818181818 0.237193084405358 3.76702406660726
148 2001 0.498636363636364 0.396808134061866 4.3890349340283
148 2002 0.544090909090909 0.468666287964844 4.63872719807317
149 1994 0.157727272727273 0.111105759188172 3.39701426036935
149 1995 0.203181818181818 0.532420794688678 4.99402138376199
149 1996 0.248636363636364 0.359855204911288 4.31034685781426
149 1997 0.294090909090909 0.245315175190595 3.83457116757341
149 1998 0.339545454545455 0.363253426171946 4.29605697370255
149 1999 0.385 0.422217468092168 4.52144487359829
149 2000 0.430454545454545 0.366626128766899 4.28181314806229
149 2001 0.475909090909091 0.354744397541631 4.23649206741608
149 2002 0.521363636363636 0.170125979687204 3.48952656620354
153 1994 0.635 0.224282413753157 3.65616555749324
153 1995 0.680454545454545 0.286985799853764 3.9049354226794
153 1996 0.725909090909091 0.227678540954193 3.67442703233396
153 1997 0.771363636363636 0.491386805181258 4.65974127839315
153 1998 0.816818181818182 0.514858197639044 4.74528580034096
153 1999 0.862272727272727 0.255876860627457 3.71274780432799
153 2000 0.907727272727273 0.427476731537371 4.34054958565586
153 2001 0.953181818181818 0.496439762214808 4.61392457312879
153 2002 0.998636363636364 0.423841877094087 4.33439949157865
155 1994 0.600909090909091 0.360927575823915 4.19843640342887
155 1995 0.646363636363636 0.375582581812791 4.26344991311334
155 1996 0.691818181818182 0.328222950285145 4.06064873798283
155 1997 0.737272727272727 0.343371101931749 4.07734528364295
155 1998 0.782727272727273 0.0396472291030366 2.90237684302636
155 1999 0.828181818181818 0.241114832735374 3.67693287634337
155 2000 0.873636363636364 0.218989542893339 3.57786741875284
155 2001 0.919090909090909 0.21152539118744 3.52880605450838
155 2002 0.964545454545455 0.301101193737373 3.86087362552117
156 1994 0.464545454545455 0.219262893923402 3.69054502656911
156 1995 0.51 0.16035211007368 3.45988335985775
156 1996 0.555454545454545 0.331172309791932 4.11908675842553
156 1997 0.600909090909091 0.344934932944196 4.13236887111304
156 1998 0.646363636363636 0.268176208583777 3.83968707284694
156 1999 0.691818181818182 0.314249549111904 4.00301476240924
156 2000 0.737272727272727 0.349888914490874 4.11167379785241
156 2001 0.782727272727273 0.165619061777056 3.39192672473391
156 2002 0.828181818181818 0.427236397298372 4.39568826619007
157 1994 0.0213636363636364 0.379288120892652 4.46622878898541
157 1995 0.0668181818181818 0.264944553600708 3.99732869882099
157 1996 0.112272727272727 0.416187601019704 4.56459661591383
157 1997 0.157727272727273 0.407470498920863 4.5357132635378
157 1998 0.203181818181818 0.343279836924428 4.24357733570256
157 1999 0.248636363636364 0.295521761898854 4.05303384156564
157 2000 0.294090909090909 0.347717974096762 4.26835500593974
157 2001 0.339545454545455 0.421482144275727 4.51855541626246
157 2002 0.385 0.280077069343484 3.95995148490018
161 1994 0.339545454545455 0.591674662647344 5.17082584067058
161 1995 0.385 0.365830506963872 4.28898896684463
161 1996 0.430454545454545 0.419851248754191 4.4820801022433
161 1997 0.475909090909091 0.199589913943247 3.60474431396911
161 1998 0.521363636363636 0.456376707425813 4.60112290159464
161 1999 0.566818181818182 0.139305536188904 3.3707909670896
161 2000 0.612272727272727 0.315200473955546 4.0404080070315
161 2001 0.657727272727273 0.304476537782805 3.97102059441014
161 2002 0.703181818181818 0.346490555766995 4.13870769478321
162 1994 0.521363636363636 0.0778801762426528 3.13994080501391
162 1995 0.566818181818182 0.449340865557204 4.56208394815383
162 1996 0.612272727272727 0.244078728933393 3.76322217032195
162 1997 0.657727272727273 0.519713167550559 4.79021613851793
162 1998 0.703181818181818 0.305289021073821 3.9734676385022
162 1999 0.748636363636364 0.230724053477041 3.65175820557012
162 2000 0.794090909090909 0.283345683747703 3.83780400383585
162 2001 0.839545454545455 0.417563874298396 4.34130629012556
162 2002 0.885 0.347873053306946 4.07414454778235
163 1994 0.203181818181818 0.191757909707371 3.66431453120085
163 1995 0.248636363636364 0.334628684898659 4.22004916626245
163 1996 0.294090909090909 0.365123829090037 4.31414202148577
163 1997 0.339545454545455 0.552748328064053 5.03115926384527
163 1998 0.385 0.38832987658182 4.37926900723456
163 1999 0.430454545454545 0.233753984188381 3.76885656102713
163 2000 0.475909090909091 0.226034006572313 3.71865919141683
163 2001 0.521363636363636 0.280445629192168 3.9257279342802
163 2002 0.566818181818182 0.372221102799418 4.2571225779803
164 1994 0.0213636363636364 0.537795680122554 5.06401096853707
164 1995 0.0668181818181818 0.293358689417702 4.10307947076159
164 1996 0.112272727272727 0.208722150596016 3.77110604955239
164 1997 0.157727272727273 0.378547513374243 4.41970414886897
164 1998 0.203181818181818 0.264826696588618 3.95630053365855
164 1999 0.248636363636364 0.408202757128549 4.50128366581596
164 2000 0.294090909090909 0.220002436600765 3.76772698803097
164 2001 0.339545454545455 0.413286752598026 4.48449830461848
164 2002 0.385 0.396541087896799 4.41349619583045
165 1994 0.373636363636364 0.302380586709802 4.04936040824615
165 1995 0.419090909090909 0.0897351284280024 3.22955956738747
165 1996 0.464545454545455 0.443860761417711 4.5775454454441
165 1997 0.51 0.495090706415676 4.75480326148713
165 1998 0.555454545454545 0.42515582375346 4.46189864717435
165 1999 0.600909090909091 0.351686745153227 4.17372364668149
165 2000 0.646363636363636 0.375614366399385 4.23294914174189
165 2001 0.691818181818182 0.229595987822094 3.66625447475804
165 2002 0.737272727272727 0.331133815779534 4.03923748042183
166 1994 0.237272727272727 0.395106465145217 4.45603985918473
166 1995 0.282727272727273 0.456316879531949 4.6782963862065
166 1996 0.328181818181818 0.397105682557342 4.42671015645602
166 1997 0.373636363636364 0.280276002651512 3.97689443226898
166 1998 0.419090909090909 0.0648114939100369 3.10721735689667
166 1999 0.464545454545455 0.208008158848669 3.65964321063625
166 2000 0.51 0.327767783266029 4.09763843700812
166 2001 0.555454545454545 0.390339181310877 4.32619317120651
166 2002 0.600909090909091 0.358380243683824 4.18333779050749
167 1994 0.600909090909091 0.349117126725506 4.16863243653011
167 1995 0.646363636363636 0.275468189239115 3.87823849525329
167 1996 0.691818181818182 0.442331640451377 4.47237609055791
167 1997 0.737272727272727 0.049982624524998 2.96427817270564
167 1998 0.782727272727273 0.231186655961859 3.64616295831972
167 1999 0.828181818181818 0.377915645260901 4.19635593846033
167 2000 0.873636363636364 0.327206213067209 3.98430593046829
167 2001 0.919090909090909 0.280855111327026 3.80372494395788
167 2002 0.964545454545455 0.254238566697909 3.68273128668121
169 1994 0.135 0.246743253311371 3.90491124235042
169 1995 0.180454545454545 0.273882443733493 3.98477420027723
169 1996 0.225909090909091 0.207621261233106 3.73406512280182
169 1997 0.271363636363636 0.228131726914635 3.80066927160309
169 1998 0.316818181818182 0.391440027557586 4.42086311614112
169 1999 0.362272727272727 0.337159618025143 4.19611187292723
169 2000 0.407727272727273 0.612395406996456 5.24160244544863
169 2001 0.453181818181818 0.323859095209394 4.10694226002027
169 2002 0.498636363636364 0.225749672372272 3.71669510546765
172 1994 0.180454545454545 0.425410094400644 4.58153414170528
172 1995 0.225909090909091 0.207122914841488 3.71201426292477
172 1996 0.271363636363636 0.368613379542115 4.33761956241614
172 1997 0.316818181818182 0.542604601372645 4.98737341052126
172 1998 0.362272727272727 0.232545707092833 3.78350663735591
172 1999 0.407727272727273 0.374185466028112 4.31752950463531
172 2000 0.453181818181818 0.454579077417516 4.62951118009365
172 2001 0.498636363636364 0.209520163032357 3.65828875922938
172 2002 0.544090909090909 0.44542744503454 4.53641956577228
173 1994 0.635 0.404736243136023 4.3653566761032
173 1995 0.680454545454545 0.102421244644902 3.16986191184847
173 1996 0.725909090909091 0.231192130975266 3.66677765651232
173 1997 0.771363636363636 0.529902038038504 4.81247010151983
173 1998 0.816818181818182 0.269704587894801 3.78294584492133
173 1999 0.862272727272727 0.817419631864233 5.88195462203946
173 2000 0.907727272727273 0.201204202239568 3.47389232027199
173 2001 0.953181818181818 0.32862201275609 3.98008358766192
173 2002 0.998636363636364 0.375920831708845 4.14265370983226
174 1994 0.112272727272727 0.276113828062578 4.0254171745704
174 1995 0.157727272727273 0.186314600184507 3.67903119164366
174 1996 0.203181818181818 0.216580762113299 3.78903268996885
174 1997 0.248636363636364 0.406187950452575 4.49105150573664
174 1998 0.294090909090909 0.441591140150423 4.62702100950378
174 1999 0.339545454545455 0.198208223327262 3.65472093655334
174 2000 0.385 0.360125582305589 4.26298435734241
174 2001 0.430454545454545 0.53614216852443 4.93966603659394
174 2002 0.475909090909091 0.293840066523826 3.98598069166383
176 1994 0.453181818181818 0.304711447918664 4.02914154491818
176 1995 0.498636363636364 0.10628225673261 3.24270713712452
176 1996 0.544090909090909 0.48844555601268 4.71549671627247
176 1997 0.589545454545455 0.308102483100793 4.00432049312601
176 1998 0.635 0.191010351775976 3.53302921682696
176 1999 0.680454545454545 0.408502430622802 4.38461386503843
176 2000 0.725909090909091 0.0706394973439153 3.05235731860381
176 2001 0.771363636363636 0.105671249315363 3.1683567986867
176 2002 0.816818181818182 0.187739377069466 3.4687390206577
177 1994 0.521363636363636 0.379551298347546 4.31188454891949
177 1995 0.566818181818182 0.382720678309453 4.30545110802366
177 1996 0.612272727272727 0.403198738137214 4.36310917399405
177 1997 0.657727272727273 0.143650225880366 3.34504326112894
177 1998 0.703181818181818 0.244645769941571 3.7246856641133
177 1999 0.748636363636364 0.158507819815579 3.38348230038479
177 2000 0.794090909090909 0.662634997054563 5.29838055548407
177 2001 0.839545454545455 0.353048243030144 4.09037288540353
177 2002 0.885 0.189445173666888 3.45104956388876
178 1994 0.169090909090909 0.18792807250399 3.6743987714104
178 1995 0.214545454545455 0.266751734031181 3.9745059134956
178 1996 0.26 0.271682009957075 3.96821554412038
178 1997 0.305454545454545 0.311801576064398 4.11724125341523
178 1998 0.350909090909091 0.273185803660473 3.94715000250076
178 1999 0.396363636363636 0.424093001782974 4.50629939901036
178 2000 0.441818181818182 0.209835882869362 3.68077572376338
178 2001 0.487272727272727 0.69775710182107 5.54672120901062
178 2002 0.532727272727273 0.374607467580864 4.28015772080171
179 1994 0.191818181818182 0.357171260488736 4.31814395216716
179 1995 0.237272727272727 0.335813787517624 4.23520961492923
179 1996 0.282727272727273 0.254321184530333 3.87856790342842
179 1997 0.328181818181818 0.312120256883858 4.09981940709966
179 1998 0.373636363636364 0.674002857065287 5.48483364917613
179 1999 0.419090909090909 0.418055619973478 4.5014789306159
179 2000 0.464545454545455 0.580707442689029 5.08651818851431
179 2001 0.51 0.333235287879394 4.11552572243408
179 2002 0.555454545454545 0.431233563365745 4.48213055880888
180 1994 0.339545454545455 0.126156872947237 3.36754483268854
180 1995 0.385 0.247677853438281 3.83413747660855
180 1996 0.430454545454545 0.345584282855129 4.19242905509059
180 1997 0.475909090909091 0.349031464778382 4.19077749898558
180 1998 0.521363636363636 0.146798120825849 3.3961785352524
180 1999 0.566818181818182 0.130087570571187 3.31915913442302
180 2000 0.612272727272727 0.508733316263208 4.77132222600641
180 2001 0.657727272727273 0.113055916896429 3.22970529434067
180 2002 0.703181818181818 0.351415287647157 4.14115631090854
183 1994 0.0554545454545455 0.1639125574827 3.62261916423648
183 1995 0.100909090909091 0.392118307885098 4.49370108086219
183 1996 0.146363636363636 0.311286282754066 4.15295908021994
183 1997 0.191818181818182 0.378018455325548 4.39195329889481
183 1998 0.237272727272727 0.324453785959018 4.16847975841091
183 1999 0.282727272727273 0.490732720630536 4.81735393373693
183 2000 0.328181818181818 0.588940779704588 5.17309898444675
183 2001 0.373636363636364 0.413761174433833 4.47956570346036
183 2002 0.419090909090909 0.10836215440108 3.31120045422044
184 1994 0.498636363636364 0.176878816892765 3.52584570498323
184 1995 0.544090909090909 0.161282328523652 3.45355608528837
184 1996 0.589545454545455 0.362259525605557 4.22106742755907
184 1997 0.635 0.29889153056348 3.95948015814154
184 1998 0.680454545454545 0.143935654545484 3.35434487123795
184 1999 0.725909090909091 0.384150743649225 4.25066474630027
184 2000 0.771363636363636 0.234001094488733 3.66337302383733
184 2001 0.816818181818182 0.509960396485417 4.70226233433631
184 2002 0.862272727272727 0.334696461250665 4.02013028185101
186 1994 0.112272727272727 0.529680952847341 5.02853629929082
186 1995 0.157727272727273 0.589840777279007 5.21654895714202
186 1996 0.203181818181818 0.328689868967141 4.21467702540807
186 1997 0.248636363636364 0.33656044178876 4.23138245844667
186 1998 0.294090909090909 0.269398464741895 3.95948773049411
186 1999 0.339545454545455 0.470594045079853 4.69293011186006
186 2000 0.385 0.191802465346964 3.6192703264556
186 2001 0.430454545454545 0.273410766995691 3.91036998576806
186 2002 0.475909090909091 0.324224945516718 4.10195037487489
188 1994 0.135 0.537225907041169 5.02620963540581
188 1995 0.180454545454545 0.494556334280491 4.84619794631458
188 1996 0.225909090909091 0.537765848366088 5.01690898141364
188 1997 0.271363636363636 0.10648568111766 3.33213148615497
188 1998 0.316818181818182 0.249768286193484 3.8659414109121
188 1999 0.362272727272727 0.234943619979558 3.77587126703091
188 2000 0.407727272727273 0.357489211915385 4.26048686393088
188 2001 0.453181818181818 0.384529081319938 4.34926072679488
188 2002 0.498636363636364 0.195115741836416 3.59164760014863
190 1994 0.521363636363636 0.111628246215967 3.25828909787055
190 1995 0.566818181818182 0.187294746865303 3.54968967512485
190 1996 0.612272727272727 0.24077960647524 3.72757261632654
190 1997 0.657727272727273 0.255733719658576 3.77910058133161
190 1998 0.703181818181818 0.387094060865504 4.2726918701292
190 1999 0.748636363636364 0.317184677904171 3.97948704993629
190 2000 0.794090909090909 0.0719929965847764 3.03210087925454
190 2001 0.839545454545455 0.487384194319389 4.62692412229047
190 2002 0.885 0.259791962578429 3.74044415170367
192 1994 0.191818181818182 0.226952349211139 3.81784612243706
192 1995 0.237272727272727 0.364956655850959 4.33295578309329
192 1996 0.282727272727273 0.557074112696381 5.05975173948733
192 1997 0.328181818181818 0.29745274210422 4.04428269610439
192 1998 0.373636363636364 0.317351752030154 4.09900203238457
192 1999 0.419090909090909 0.345009882477436 4.20794761856751
192 2000 0.464545454545455 0.445655596329618 4.56060064564328
192 2001 0.51 0.609148031544503 5.20060896865523
192 2002 0.555454545454545 0.569631648352941 5.0238219346339
194 1994 0.191818181818182 0.31373355499211 4.1553883453734
194 1995 0.237272727272727 0.367485026619072 4.33538354986919
194 1996 0.282727272727273 0.31624075934849 4.13259637721885
194 1997 0.328181818181818 0.197748436086387 3.66368919623765
194 1998 0.373636363636364 0.226974005931773 3.74858234847048
194 1999 0.419090909090909 0.315798458159489 4.08475126062601
194 2000 0.464545454545455 0.490755011660836 4.73085748829478
194 2001 0.51 0.417991708011713 4.46049839146713
194 2002 0.555454545454545 0.266305593335756 3.84504032163461
195 1994 0.112272727272727 0.495473986655167 4.87526318268878
195 1995 0.157727272727273 0.17200757390992 3.6149565734538
195 1996 0.203181818181818 0.384217916455797 4.41878138780923
195 1997 0.248636363636364 0.339036392378948 4.21987109410992
195 1998 0.294090909090909 0.439717180742286 4.60111700261906
195 1999 0.339545454545455 0.42998132057841 4.56784869666198
195 2000 0.385 0.527515528530731 4.92475577338288
195 2001 0.430454545454545 0.297017653963398 3.9915467863399
195 2002 0.475909090909091 0.10164287462634 3.24795826495703
197 1994 0.225909090909091 0.366273395701432 4.35821404570431
197 1995 0.271363636363636 0.349595746816507 4.27188855192368
197 1996 0.316818181818182 0.261744195487674 3.91596091518922
197 1997 0.362272727272727 0.4354149599894 4.5724587716265
197 1998 0.407727272727273 0.0836781385923471 3.18765108456683
197 1999 0.453181818181818 0.362810806592449 4.27811649690001
197 2000 0.498636363636364 0.132005549382137 3.35963769329353
197 2001 0.544090909090909 0.312780136138967 4.06234086365609
197 2002 0.589545454545455 0.25933134753849 3.82317646403403
198 1994 0.373636363636364 0.353005096621009 4.24173053384668
198 1995 0.419090909090909 0.386594675414706 4.37176554476249
198 1996 0.464545454545455 0.379559708104612 4.3311710466629
198 1997 0.51 0.153245433141682 3.42082299906933
198 1998 0.555454545454545 0.389967465026868 4.33277123572335
198 1999 0.600909090909091 0.257970064358883 3.82095673588261
198 2000 0.646363636363636 0.301288055201409 3.96480346456255
198 2001 0.691818181818182 0.370086593942518 4.20401139867897
198 2002 0.737272727272727 0.334841994425553 4.06159017230754
199 1994 0.532727272727273 0.790850867680178 5.89220353820348
199 1995 0.578181818181818 0.333119185275537 4.09030508877915
199 1996 0.623636363636364 0.395929965892939 4.32535805371953
199 1997 0.669090909090909 0.206967817847016 3.60364675919516
199 1998 0.714545454545455 0.11826963552158 3.23628760635677
199 1999 0.76 0.228807212879972 3.65159365121434
199 2000 0.805454545454545 0.218126505295248 3.59660983915337
199 2001 0.850909090909091 0.231027811792393 3.64535717913208
199 2002 0.896363636363636 0.335043027264351 4.00094867347145
200 1994 0.146363636363636 0.431779498481395 4.6079583844812
200 1995 0.191818181818182 0.428427197910543 4.58979425812214
200 1996 0.237272727272727 0.361799989413717 4.3423118631081
200 1997 0.282727272727273 0.388602513199767 4.41736410043569
200 1998 0.328181818181818 0.277887870500006 3.96620055530735
200 1999 0.373636363636364 0.256423978923164 3.86713405808238
200 2000 0.419090909090909 0.0605964628078896 3.11285973432923
200 2001 0.464545454545455 0.219751070933383 3.6949155026254
200 2002 0.51 0.561703036393357 5.00797177822436
201 1994 0.271363636363636 0.318182902124793 4.15002396692404
201 1995 0.316818181818182 0.146923029177321 3.47215319313669
201 1996 0.362272727272727 0.426847957956657 4.53218862346674
201 1997 0.407727272727273 0.339908172039585 4.184881342727
201 1998 0.453181818181818 0.187577493670831 3.58430441753343
201 1999 0.498636363636364 0.46648349914555 4.64386938142295
201 2000 0.544090909090909 0.381846573284242 4.29710208873389
201 2001 0.589545454545455 0.297275783569888 3.96009887016554
201 2002 0.635 0.504226937885986 4.75096966894665
204 1994 0.339545454545455 0.268800083897193 3.93240464869122
204 1995 0.385 0.23149636566093 3.7719955829425
204 1996 0.430454545454545 0.293530422067975 3.97828151600811
204 1997 0.475909090909091 0.17200617322373 3.50684940051977
204 1998 0.521363636363636 0.479299060386928 4.70371403480581
204 1999 0.566818181818182 0.320016594534648 4.06259263528255
204 2000 0.612272727272727 0.240435423941033 3.72510059193464
204 2001 0.657727272727273 0.264759669090975 3.81729531883915
204 2002 0.703181818181818 0.0812828159201704 3.10820552645942
206 1994 0.0895454545454545 0.364874303223254 4.37849153021734
206 1995 0.135 0.271355659929688 3.99102201197929
206 1996 0.180454545454545 0.180442236919815 3.64611721914737
206 1997 0.225909090909091 0.270997650508246 3.97409160437137
206 1998 0.271363636363636 0.101559762407465 3.29067442072657
206 1999 0.316818181818182 0.13845057477465 3.43223258845101
206 2000 0.362272727272727 0.267443988933605 3.91760504850618
206 2001 0.407727272727273 0.491821755320283 4.78995743619128
206 2002 0.453181818181818 0.252647104038002 3.8337803100593
208 1994 0.169090909090909 0.226197340461279 3.82482988101613
208 1995 0.214545454545455 0.534017342461304 4.99516074774121
208 1996 0.26 0.111361261853922 3.3375157669673
208 1997 0.305454545454545 0.415519814631503 4.50507178091251
208 1998 0.350909090909091 0.433948115535172 4.5666265862265
208 1999 0.396363636363636 0.449463106489234 4.62489403860052
208 2000 0.441818181818182 0.26926497099568 3.90299702771511
208 2001 0.487272727272727 0.358655991243666 4.23947702734889
208 2002 0.532727272727273 0.207784229555973 3.63497899455399
209 1994 0.362272727272727 0.271891968095414 3.93026339001449
209 1995 0.407727272727273 0.286355456050369 3.98155667786523
209 1996 0.453181818181818 0.234575699487685 3.7641962076561
209 1997 0.498636363636364 0.154455650505055 3.4289716910845
209 1998 0.544090909090909 0.33983502856092 4.15696231239625
209 1999 0.589545454545455 0.245697367030515 3.75858318804138
209 2000 0.635 0.327004383901046 4.06063455843157
209 2001 0.680454545454545 0.377481124536995 4.25098043153377
209 2002 0.725909090909091 0.177786815293138 3.46069463283493
211 1994 0.635 0.282912179125439 3.90490250730965
211 1995 0.680454545454545 0.239096305895792 3.71678941535357
211 1996 0.725909090909091 0.258504524218351 3.76690210394619
211 1997 0.771363636363636 0.102656760415474 3.15650793150185
211 1998 0.816818181818182 0.267373072242068 3.78190563686994
211 1999 0.862272727272727 0.239216641316647 3.6582606932566
211 2000 0.907727272727273 0.17846202386699 3.40680869089538
211 2001 0.953181818181818 0.486384663588533 4.56119854729574
211 2002 0.998636363636364 0.268220217629079 3.72039675863866
212 1994 0.396363636363636 0.374502619661283 4.32157446622573
212 1995 0.441818181818182 0.372878738120652 4.28503010340501
212 1996 0.487272727272727 0.511610144388354 4.81458499888304
212 1997 0.532727272727273 0.537946004047463 4.89414310763605
212 1998 0.578181818181818 0.505970714351762 4.76903584230825
212 1999 0.623636363636364 0.432085440419598 4.47331551271162
212 2000 0.669090909090909 0.267509269873117 3.84371185324844
212 2001 0.714545454545455 0.278124655926926 3.84881742947501
212 2002 0.76 0.316641382050146 3.9890551110257
213 1994 0.135 0.419118812089511 4.56605641759997
213 1995 0.180454545454545 0.167046050559564 3.57783825964193
213 1996 0.225909090909091 0.286049625786949 4.02299721544782
213 1997 0.271363636363636 0.493191104400101 4.82581590879755
213 1998 0.316818181818182 0.700120346915209 5.59955372591623
213 1999 0.362272727272727 0.342488645112211 4.20383349457596
213 2000 0.407727272727273 0.418107862737249 4.49695123990135
213 2001 0.453181818181818 0.217493143350964 3.6969726357048
213 2002 0.498636363636364 0.403808654193344 4.41609139410879
216 1994 0.578181818181818 0.333166691906511 4.12175431316051
216 1995 0.623636363636364 0.368847187443255 4.24906334911322
216 1996 0.669090909090909 0.447814298282976 4.53452195371364
216 1997 0.714545454545455 0.561338141698695 4.95101262249804
216 1998 0.76 0.49357476075751 4.67078078397869
216 1999 0.805454545454545 0.274161376051619 3.80131788323748
216 2000 0.850909090909091 0.389344601704704 4.24952669371531
216 2001 0.896363636363636 0.358209454868584 4.11083400354894
216 2002 0.941818181818182 0.237965194470123 3.63957795712147
217 1994 0.157727272727273 0.275792426959608 4.00270787679636
217 1995 0.203181818181818 0.502070762567332 4.86037566846507
217 1996 0.248636363636364 0.401396632720441 4.47116976031933
217 1997 0.294090909090909 0.522629779544001 4.93445361523827
217 1998 0.339545454545455 0.208632958149227 3.71266285585927
217 1999 0.385 0.385951540198635 4.37617824899473
217 2000 0.430454545454545 0.199315736381219 3.63875785636741
217 2001 0.475909090909091 0.312825859444534 4.06524982526081
217 2002 0.521363636363636 0.176924741595953 3.52938495440373
218 1994 0.612272727272727 0.236579278072469 3.73206329362679
218 1995 0.657727272727273 0.158808617726979 3.39243509428179
218 1996 0.703181818181818 0.32430892364745 4.01091814377798
218 1997 0.748636363636364 0.444394584516473 4.47091099707369
218 1998 0.794090909090909 0.392304432872686 4.26076889099318
218 1999 0.839545454545455 0.306601181799855 3.92810155436561
218 2000 0.885 0.144128380461278 3.28387679483224
218 2001 0.930454545454545 0.2615821614874 3.71631462990573
218 2002 0.975909090909091 0.303971933226517 3.86666768064179
219 1994 0.419090909090909 0.500503806502083 4.80423679795312
219 1995 0.464545454545455 0.335474133922111 4.14723911999147
219 1996 0.51 0.324912004830906 4.09422033189028
219 1997 0.555454545454545 0.602507766471106 5.15890367870898
219 1998 0.600909090909091 0.269409383775627 3.85533887522384
219 1999 0.646363636363636 0.39909168631717 4.34301646031884
219 2000 0.691818181818182 0.452569251534883 4.53626984828446
219 2001 0.737272727272727 0.304962076229857 3.92784712395698
219 2002 0.782727272727273 0.520752046904429 4.78295235875868
223 1994 0.407727272727273 0.233060625157398 3.77093739078381
223 1995 0.453181818181818 0.265235160551923 3.88147376014866
223 1996 0.498636363636364 0.453103491489644 4.59868937168833
223 1997 0.544090909090909 0.27202615761951 3.87529664292533
223 1998 0.589545454545455 0.37127763193175 4.24397864759248
223 1999 0.635 0.139323862782445 3.32908782717588
223 2000 0.680454545454545 0.417240331499957 4.39724171346006
223 2001 0.725909090909091 0.256023582028409 3.76773241023497
223 2002 0.771363636363636 0.30791023041492 3.94749975401194
224 1994 0.180454545454545 0.204230058710721 3.73335584957678
224 1995 0.225909090909091 0.260900019311309 3.92576915080242
224 1996 0.271363636363636 0.487856759492714 4.79097164750997
224 1997 0.316818181818182 0.205834196718071 3.69943231977675
224 1998 0.362272727272727 0.372051702017584 4.32839769738355
224 1999 0.407727272727273 0.23698614548959 3.78424969691925
224 2000 0.453181818181818 0.302335753248729 4.03342414314651
224 2001 0.498636363636364 0.415325900912159 4.46676569989869
224 2002 0.544090909090909 0.222971353490532 3.71141574435586
227 1994 0.282727272727273 0.30499847244089 4.09452847116587
227 1995 0.328181818181818 0.13789287770116 3.42208669104282
227 1996 0.373636363636364 0.217173705162828 3.71789303647068
227 1997 0.419090909090909 0.226258837899912 3.73793584106222
227 1998 0.464545454545455 0.215558293503805 3.69975351356609
227 1999 0.51 0.345421885136817 4.18003422756428
227 2000 0.555454545454545 0.459773556590252 4.60206944715903
227 2001 0.600909090909091 0.254951188164986 3.79755861499453
227 2002 0.646363636363636 0.311664565992049 3.99504225854687
230 1994 0.0440909090909091 0.205079429716601 3.76945128315563
230 1995 0.0895454545454545 0.253478349506637 3.93736655590407
230 1996 0.135 0.481729889389672 4.82225944782603
230 1997 0.180454545454545 0.437234284415033 4.64895033917799
230 1998 0.225909090909091 0.498552907975569 4.84967953496893
230 1999 0.271363636363636 0.191692568124983 3.64661098672782
230 2000 0.316818181818182 0.278331017446748 3.96501604735393
230 2001 0.362272727272727 0.336433117525339 4.18461045753905
230 2002 0.407727272727273 0.485715992019917 4.74078300823232
232 1994 0.01 0.479313510414718 4.85275005042353
232 1995 0.0554545454545455 0.137644719700042 3.52612976745934
232 1996 0.100909090909091 0.404064859871318 4.52682434487483
232 1997 0.146363636363636 0.418906343898599 4.55567478042205
232 1998 0.191818181818182 0.240080765645108 3.87156518860711
232 1999 0.237272727272727 0.233702274190738 3.82430246163197
232 2000 0.282727272727273 0.346058725496464 4.24270441766985
232 2001 0.328181818181818 0.36745093439687 4.3281511270551
232 2002 0.373636363636364 0.182496416516849 3.58187722461956
235 1994 0.305454545454545 0.275157875942997 3.98610701306768
235 1995 0.350909090909091 0.347179181105491 4.21991795292899
235 1996 0.396363636363636 0.283178686236999 3.96389950040555
235 1997 0.441818181818182 0.160265085199805 3.49000669545599
235 1998 0.487272727272727 0.327577626287967 4.12250658010783
235 1999 0.532727272727273 0.560277062710993 5.00634622067128
235 2000 0.578181818181818 0.252728377592655 3.77769784153205
235 2001 0.623636363636364 0.132746062067851 3.30145989369143
235 2002 0.669090909090909 0.203285020579284 3.58876278313838
236 1994 0.180454545454545 0.188814097290762 3.6785869542093
236 1995 0.225909090909091 0.300974669153013 4.10234004360685
236 1996 0.271363636363636 0.472400869033293 4.74645999793918
236 1997 0.316818181818182 0.263241857687823 3.90693776640834
236 1998 0.362272727272727 0.24349341210292 3.85290199133506
236 1999 0.407727272727273 0.294554217996548 3.99893589088505
236 2000 0.453181818181818 0.685977518986899 5.52393791925066
236 2001 0.498636363636364 0.463921471194979 4.63033073437124
236 2002 0.544090909090909 0.218042038923006 3.67635971584108
238 1994 0.169090909090909 0.1062446697068 3.34813407330163
238 1995 0.214545454545455 0.274011409228282 3.98332500563817
238 1996 0.26 0.317301200865882 4.15538512769036
238 1997 0.305454545454545 0.529015372997722 4.93231661375677
238 1998 0.350909090909091 0.533120493880575 4.95233125000483
238 1999 0.396363636363636 0.251271139633849 3.87586211890601
238 2000 0.441818181818182 0.394675841969311 4.38966098019925
238 2001 0.487272727272727 0.233348671868153 3.73551976791314
238 2002 0.532727272727273 0.424478852651314 4.48769587415066
240 1994 0.612272727272727 0.26412942941785 3.82865090264557
240 1995 0.657727272727273 0.341732704693155 4.12260864482777
240 1996 0.703181818181818 0.391985843728506 4.2865495337681
240 1997 0.748636363636364 0.19935791718388 3.54648095162104
240 1998 0.794090909090909 0.375647261439695 4.20174573317842
240 1999 0.839545454545455 0.234375018796236 3.65033385296463
240 2000 0.885 0.408551235775364 4.31171866623589
240 2001 0.930454545454545 0.525217357459527 4.73118026492514
240 2002 0.975909090909091 0.310847308304119 3.89372589552996
242 1994 0.623636363636364 0.188300529190522 3.54231689177194
242 1995 0.669090909090909 0.182293320244665 3.49596754045955
242 1996 0.714545454545455 0.278554868831148 3.85505240001714
242 1997 0.76 0.159764758530598 3.36732553496247
242 1998 0.805454545454545 0.463347149430927 4.53319015849925
242 1999 0.850909090909091 0.32200155413001 3.98834816083158
242 2000 0.896363636363636 0.239678216010997 3.64081914066683
242 2001 0.941818181818182 0.346493552129844 4.05042967380069
242 2002 0.987272727272727 0.149995346355341 3.28399041412761
244 1994 0.112272727272727 0.445736909302193 4.67626871402923
244 1995 0.157727272727273 0.105273962695 3.35770855021656
244 1996 0.203181818181818 0.458080971686362 4.71001010490005
244 1997 0.248636363636364 0.409557734338064 4.49148633433545
244 1998 0.294090909090909 0.409080849241217 4.47844204937216
244 1999 0.339545454545455 0.228493817986683 3.77043480197327
244 2000 0.385 0.339301416562596 4.18712922680786
244 2001 0.430454545454545 0.14589386741999 3.43100184837007
244 2002 0.475909090909091 0.293923704641662 3.9866670297984
245 1994 0.487272727272727 0.434588922880007 4.52096801322129
245 1995 0.532727272727273 0.592832454010619 5.11367913365979
245 1996 0.578181818181818 0.307499954988649 4.00977114703791
245 1997 0.623636363636364 0.162958885838849 3.42995570622633
245 1998 0.669090909090909 0.394635703308405 4.3247180141077
245 1999 0.714545454545455 0.32362462577276 4.03236770551313
245 2000 0.76 0.436843112883898 4.44910674655059
245 2001 0.805454545454545 0.446753535469498 4.47598786487714
245 2002 0.850909090909091 0.0908236644014992 3.08790891776734
247 1994 0.532727272727273 0.163893710166002 3.45706465373606
247 1995 0.578181818181818 0.499912746963293 4.75674364009832
247 1996 0.623636363636364 0.581413913220796 5.04693095827226
247 1997 0.669090909090909 0.280022504842316 3.87734921469695
247 1998 0.714545454545455 0.12028728793182 3.24366007749526
247 1999 0.76 0.534498229010022 4.8267218998168
247 2000 0.805454545454545 0.492997553262727 4.64643441416099
247 2001 0.850909090909091 0.169734869807551 3.38318890967849
247 2002 0.896363636363636 0.193647902906671 3.45673762996559
249 1994 0.248636363636364 0.28712082653431 4.03423972896675
249 1995 0.294090909090909 0.587212395527777 5.18208145503043
249 1996 0.339545454545455 0.414074035537697 4.477568275243
249 1997 0.385 0.182949306806564 3.56914464257035
249 1998 0.430454545454545 0.334076975762142 4.14483408845949
249 1999 0.475909090909091 0.389110596727116 4.35675025687463
249 2000 0.521363636363636 0.370525581781006 4.27340375132232
249 2001 0.566818181818182 0.306375700888639 4.01884055026488
249 2002 0.612272727272727 0.305455694320694 3.98979831867293
250 1994 0.475909090909091 0.517534770623887 4.85865429339859
250 1995 0.521363636363636 0.47069164458711 4.63805558716356
250 1996 0.566818181818182 0.141381838025133 3.37181445169895
250 1997 0.612272727272727 0.246075786177394 3.75365917151976
250 1998 0.657727272727273 0.261984144876619 3.81796587965467
250 1999 0.703181818181818 0.154846469947396 3.3665217718948
250 2000 0.748636363636364 0.407983931903165 4.35560380427155
250 2001 0.794090909090909 0.320754182913637 3.99596194182412
250 2002 0.839545454545455 0.354731504059909 4.08996963761657
251 1994 0.248636363636364 0.183006553530772 3.63400727009891
251 1995 0.294090909090909 0.177603528323605 3.58754500353287
251 1996 0.339545454545455 0.20254275768718 3.67022967164715
251 1997 0.385 0.344757209344923 4.22751127494875
251 1998 0.430454545454545 0.366940935512812 4.28667542124634
251 1999 0.475909090909091 0.24153912571691 3.80298730572616
251 2000 0.521363636363636 0.301104736133368 3.99101276449439
251 2001 0.566818181818182 0.264730446875857 3.85463711583276
251 2002 0.612272727272727 0.342756886449552 4.14534631663225
253 1994 0.248636363636364 0.200920839678153 3.71081676386317
253 1995 0.294090909090909 0.295051793590613 4.05374027108069
253 1996 0.339545454545455 0.191307231896436 3.62358003129244
253 1997 0.385 0.210862999751272 3.67949394944614
253 1998 0.430454545454545 0.262303919101887 3.87947284909646
253 1999 0.475909090909091 0.993186702000094 6.66984015404587
253 2000 0.521363636363636 0.357640646023224 4.23895375017846
253 2001 0.566818181818182 0.331208920057746 4.09461548442097
253 2002 0.612272727272727 0.396406648044367 4.34157333334921
254 1994 0.26 0.386208448235321 4.41239473006936
254 1995 0.305454545454545 0.242503575621616 3.84439215912478
254 1996 0.350909090909091 0.417473910480047 4.48755970937194
254 1997 0.396363636363636 0.265492084538926 3.90714253704222
254 1998 0.441818181818182 0.399762178088641 4.41352695752558
254 1999 0.487272727272727 0.339219912259844 4.1536321815409
254 2000 0.532727272727273 0.486964606312505 4.71952975791594
254 2001 0.578181818181818 0.335173451820023 4.10456816194809
254 2002 0.623636363636364 0.131194275144355 3.30766673039242
255 1994 0.430454545454545 0.110000755766415 3.29064806855349
255 1995 0.475909090909091 0.224041778707485 3.71450641271638
255 1996 0.521363636363636 0.0929991006565953 3.19189158444023
255 1997 0.566818181818182 0.141424708453981 3.35578041407496
255 1998 0.612272727272727 0.493119329300906 4.70904337477813
255 1999 0.657727272727273 0.168268030226518 3.43249912030727
255 2000 0.703181818181818 0.488687809818551 4.67040767552643
255 2001 0.748636363636364 0.0901042315821622 3.1053735596452
255 2002 0.794090909090909 0.179774384998496 3.44027805274017
258 1994 0.01 0.293948877941777 4.13883656933896
258 1995 0.0554545454545455 0.431164824742614 4.63793591016415
258 1996 0.100909090909091 0.362059319352416 4.38812734360537
258 1997 0.146363636363636 0.337555539895468 4.25526654336998
258 1998 0.191818181818182 0.436606920446194 4.6222898903993
258 1999 0.237272727272727 0.359470608251683 4.30269166880102
258 2000 0.282727272727273 0.0580558973774243 3.13695321112731
258 2001 0.328181818181818 0.278587377161376 3.97516080394632
258 2002 0.373636363636364 0.213148623709835 3.68707270870767
259 1994 0.0327272727272727 0.513851790356056 4.96560745653248
259 1995 0.0781818181818182 0.153404566323533 3.57773646840549
259 1996 0.123636363636364 0.314091686278149 4.17939234741179
259 1997 0.169090909090909 0.305148137113755 4.1158495817574
259 1998 0.214545454545455 0.360856959464626 4.32032794373
259 1999 0.26 0.22326307422502 3.77071637514205
259 2000 0.305454545454545 0.174536327385428 3.57228380040746
259 2001 0.350909090909091 0.501759521631816 4.83676810018502
259 2002 0.396363636363636 0.211068010158734 3.68555310059486
261 1994 0.100909090909091 0.391985432731853 4.47759354196023
261 1995 0.146363636363636 0.474149636434568 4.7962110878635
261 1996 0.191818181818182 0.105671785190466 3.35482312326271
261 1997 0.237272727272727 0.429198622545097 4.5768051095903
261 1998 0.282727272727273 0.260779600711082 3.92204381238776
261 1999 0.328181818181818 0.401570677941721 4.44844986554379
261 2000 0.373636363636364 0.264464080036659 3.89436782835394
261 2001 0.419090909090909 0.434383434958644 4.54332186364208
261 2002 0.464545454545455 0.475225088331454 4.68996015360091
263 1994 0.0668181818181818 0.293551823982797 4.11464652829272
263 1995 0.112272727272727 0.533711113443975 5.03861248090873
263 1996 0.157727272727273 0.374387762372911 4.37954180659227
263 1997 0.203181818181818 0.437995826195169 4.64030054715479
263 1998 0.248636363636364 0.238200333983137 3.83572589203479
263 1999 0.294090909090909 0.268144052633153 3.95179153525681
263 2000 0.339545454545455 0.307589905616136 4.08226020123615
263 2001 0.385 0.183510331470466 3.5892963131034
263 2002 0.430454545454545 0.374940180714125 4.3056913066948
