ID YEAR COMPANYAGE RnDEXPEND REVENUE
3 1994 0.578181818181818 0.256517220425403 3.81080289238701
3 1995 0.623636363636364 0.240507752791485 3.73234505817187
3 1996 0.669090909090909 0.609314369971138 5.164735737098
3 1997 0.714545454545455 0.225529616505255 3.67366029670992
3 1998 0.76 0.297139733901785 3.90151303832592
3 1999 0.805454545454545 0.440514362435054 4.4405168647088
3 2000 0.850909090909091 0.266381022184105 3.77385692289209
3 2001 0.896363636363636 0.470406458897531 4.54253952612884
3 2002 0.941818181818182 0.232207580627999 3.59599896535331
5 1994 0.0327272727272727 0.244842809758075 3.94045622949638
5 1995 0.0781818181818182 0.177746726487074 3.66279901368314
5 1996 0.123636363636364 0.107819839957843 3.37204694870862
5 1997 0.169090909090909 0.320945496020772 4.18950685765265
5 1998 0.214545454545455 0.151055731429356 3.5249246522856
5 1999 0.26 0.35390519014912 4.27001837710789
5 2000 0.305454545454545 0.659461985069885 5.45724929794847
5 2001 0.350909090909091 0.289888864271068 4.03399007871076
5 2002 0.396363636363636 0.606684535978284 5.22219867556897
6 1994 0.225909090909091 0.465950022339014 4.74201417501343
6 1995 0.271363636363636 0.240033444083728 3.83805108800451
6 1996 0.316818181818182 0.197908001676817 3.66570520308642
6 1997 0.362272727272727 0.208754586833112 3.70233981984382
6 1998 0.407727272727273 0.206474066145671 3.69083286205638
6 1999 0.453181818181818 0.313770013228812 4.07668812365942
6 2000 0.498636363636364 0.590318019529356 5.13027510275426
6 2001 0.544090909090909 0.353768729046771 4.21201464142937
6 2002 0.589545454545455 0.344868071330379 4.13060097678558
7 1994 0.373636363636364 0.347234696853146 4.21733906440518
7 1995 0.419090909090909 0.422129745158325 4.49052163635328
7 1996 0.464545454545455 0.333843576444499 4.13913325883983
7 1997 0.51 0.244988089156063 3.78918400786464
7 1998 0.555454545454545 0.152151260339078 3.42445311919923
7 1999 0.600909090909091 0.528667432329439 4.86386837923752
7 2000 0.646363636363636 0.508516876652311 4.76846124409315
7 2001 0.691818181818182 0.406752059895831 4.36382404044545
7 2002 0.737272727272727 0.180175914183082 3.46657019163557
11 1994 0.555454545454545 0.191212718274268 3.55958794102804
11 1995 0.600909090909091 0.358451403787387 4.18793536754061
11 1996 0.646363636363636 0.25373452893527 3.78752761152251
11 1997 0.691818181818182 0.309676940125261 3.97119799895851
11 1998 0.737272727272727 0.247488069539671 3.73579726778847
11 1999 0.782727272727273 0.393476055841962 4.28318922012745
11 2000 0.828181818181818 0.271324010518903 3.78990749416972
11 2001 0.873636363636364 0.409833540716644 4.31342981250279
11 2002 0.919090909090909 0.285661255831601 3.81208043207984
12 1994 0.0327272727272727 0.471953583653205 4.82615721623424
12 1995 0.0781818181818182 0.23664897312423 3.89329364151072
12 1996 0.123636363636364 0.283218587691945 4.05112400575908
12 1997 0.169090909090909 0.344942775130049 4.27420391396467
12 1998 0.214545454545455 0.261742626885114 3.95819190844587
12 1999 0.26 0.731837057162162 5.73859838783125
12 2000 0.305454545454545 0.331371939766024 4.18283216755924
12 2001 0.350909090909091 0.193473230728371 3.6416973420612
12 2002 0.396363636363636 0.250154155258657 3.82501749027647
15 1994 0.350909090909091 0.209697521405822 3.6781119264721
15 1995 0.396363636363636 0.225196820779748 3.75214870344164
15 1996 0.441818181818182 0.148174549318773 3.44338414636587
15 1997 0.487272727272727 0.248608310552591 3.81758130421939
15 1998 0.532727272727273 0.425113818989599 4.46777499557899
15 1999 0.578181818181818 0.309782809610221 4.02755987566956
15 2000 0.623636363636364 0.461026242189177 4.58285476922477
15 2001 0.669090909090909 0.190500121575459 3.53086256733061
15 2002 0.714545454545455 0.342426611209626 4.08248895363859
16 1994 0.135 0.169998436518218 3.62372950670945
16 1995 0.180454545454545 0.248714873984862 3.89356688987684
16 1996 0.225909090909091 0.284820727044076 4.04150205768343
16 1997 0.271363636363636 0.296651532821601 4.06848540553225
16 1998 0.316818181818182 0.429027527009594 4.55702102757936
16 1999 0.362272727272727 0.15025423426767 3.45769675391442
16 2000 0.407727272727273 0.357700874266965 4.26293657295726
16 2001 0.453181818181818 0.390002455227898 4.36391417581194
16 2002 0.498636363636364 0.214464273081037 3.66416989840502
17 1994 0.646363636363636 0.501314603447249 4.74288015823569
17 1995 0.691818181818182 0.355314899407879 4.14951791780122
17 1996 0.737272727272727 0.402399828024633 4.31964872497189
17 1997 0.782727272727273 0.243857443578288 3.71441296410103
17 1998 0.828181818181818 0.291320836433729 3.86109038690917
17 1999 0.873636363636364 0.164204962855179 3.3661782605095
17 2000 0.919090909090909 0.250839656782769 3.69014538603903
17 2001 0.964545454545455 0.195832484600133 3.46824619524767
17 2002 1.01 0.472011299822575 4.5108368512275
18 1994 0.294090909090909 0.115731839700227 3.36258097070272
18 1995 0.339545454545455 0.293581738486031 4.03976073777858
18 1996 0.385 0.175215189371195 3.57610373453311
18 1997 0.430454545454545 0.158357482632068 3.4602236190417
18 1998 0.475909090909091 0.563372930387306 5.04573845235334
18 1999 0.521363636363636 0.188186443623162 3.56174569340387
18 2000 0.566818181818182 0.282787264763475 3.89822424914848
18 2001 0.612272727272727 0.0635488310803384 3.08335646084383
18 2002 0.657727272727273 0.415406938270041 4.39117154089711
23 1994 0.487272727272727 0.325566886204022 4.10544586061772
23 1995 0.532727272727273 0.160602804006154 3.44875762742527
23 1996 0.578181818181818 0.390964374666469 4.33342652905498
23 1997 0.623636363636364 0.169878642621604 3.45958086909347
23 1998 0.669090909090909 0.586830383967459 5.05858037130901
23 1999 0.714545454545455 0.210758550376739 3.57734313875079
23 2000 0.76 0.64618306439991 5.24440649613662
23 2001 0.805454545454545 0.446116221680087 4.46249561068027
23 2002 0.850909090909091 0.432281408966691 4.40298725332733
24 1994 0.237272727272727 0.369348390889712 4.34130466323853
24 1995 0.282727272727273 0.310180689638007 4.0962466432868
24 1996 0.328181818181818 0.371655158838097 4.31675263738467
24 1997 0.373636363636364 0.225713433742487 3.76712735601114
24 1998 0.419090909090909 0.385086464970948 4.35393259806753
24 1999 0.464545454545455 0.449662822591043 4.58473201477263
24 2000 0.51 0.0884701640097409 3.19073206184193
24 2001 0.555454545454545 0.352787857426082 4.18817499007911
24 2002 0.600909090909091 0.222691147661133 3.68563933349889
30 1994 0.135 0.353779074925344 4.32293234820087
30 1995 0.180454545454545 0.296109108746187 4.09294860249668
30 1996 0.225909090909091 0.245811518184752 3.87122289752318
30 1997 0.271363636363636 0.2839761766357 4.01155217890237
30 1998 0.316818181818182 0.458079110922988 4.67367608293299
30 1999 0.362272727272727 0.351531194992568 4.24302297095382
30 2000 0.407727272727273 0.369558587502403 4.30608553964096
30 2001 0.453181818181818 0.498060239136351 4.78958149322215
30 2002 0.498636363636364 0.339155264710449 4.15847312507185
31 1994 0.464545454545455 0.258178448257049 3.85379964057367
31 1995 0.51 0.317161191148272 4.0856782527686
31 1996 0.555454545454545 0.42027957251783 4.43198829788089
31 1997 0.600909090909091 0.308943341748846 4.00413819584533
31 1998 0.646363636363636 0.180999857436748 3.49833524043147
31 1999 0.691818181818182 0.359289270324822 4.16531230525121
31 2000 0.737272727272727 0.291031857894943 3.88502974294581
31 2001 0.782727272727273 0.258281708237901 3.77115042508107
31 2002 0.828181818181818 0.419996232444717 4.36682870498233
33 1994 0.612272727272727 0.463504135686998 4.59191519527257
33 1995 0.657727272727273 0.122216201696125 3.28504384147428
33 1996 0.703181818181818 0.377463052935698 4.26251954255339
33 1997 0.748636363636364 0.217778586132618 3.60172896758312
33 1998 0.794090909090909 0.0952536075398409 3.12090752110473
33 1999 0.839545454545455 0.375566111783096 4.20346728340973
33 2000 0.885 0.262874365691149 3.74068821760833
33 2001 0.930454545454545 0.415758111412356 4.3142000798584
33 2002 0.975909090909091 0.368861321986112 4.12830761875882
35 1994 0.635 0.378898890662089 4.27854340725345
35 1995 0.680454545454545 0.297914789195026 3.95408267522368
35 1996 0.725909090909091 0.202490368629584 3.55795375302036
35 1997 0.771363636363636 0.124867952626416 3.23710913778099
35 1998 0.816818181818182 0.258753448345024 3.726671977967
35 1999 0.862272727272727 0.222756341698163 3.59893973390014
35 2000 0.907727272727273 0.484119781151085 4.59009997525514
35 2001 0.953181818181818 0.137298079239031 3.23735706357014
35 2002 0.998636363636364 0.314674173185564 3.90747113178843
36 1994 0.100909090909091 0.454548148236065 4.71045686303084
36 1995 0.146363636363636 0.505703322449325 4.91242343633479
36 1996 0.191818181818182 0.386174197481234 4.4302462350475
36 1997 0.237272727272727 0.187404834979628 3.65536059465828
36 1998 0.282727272727273 0.537620930908226 4.97680920612377
36 1999 0.328181818181818 0.489780917584947 4.80249079681293
36 2000 0.373636363636364 0.149823874770513 3.4661304378508
36 2001 0.419090909090909 0.574035865741017 5.08129906495206
36 2002 0.464545454545455 0.189256642749437 3.59121266222565
40 1994 0.521363636363636 0.35424379135657 4.19421257678814
40 1995 0.566818181818182 0.435508675063558 4.51286078284345
40 1996 0.612272727272727 0.104948841845575 3.19816740587425
40 1997 0.657727272727273 0.153019191574518 3.36793952865432
40 1998 0.703181818181818 0.650886233786205 5.28794698913574
40 1999 0.748636363636364 0.588219507762885 5.03969694379756
40 2000 0.794090909090909 0.489344856801826 4.64158649680565
40 2001 0.839545454545455 0.535689655490352 4.80814697997524
40 2002 0.885 0.152763227576979 3.31313033408509
41 1994 0.521363636363636 0.334132798920396 4.12673104498831
41 1995 0.566818181818182 0.125114713812563 3.28372902994896
41 1996 0.612272727272727 0.515570003153361 4.79680316556382
41 1997 0.657727272727273 0.161027215097429 3.41778550249546
41 1998 0.703181818181818 0.335051422279776 4.08417546222726
41 1999 0.748636363636364 0.348361762474535 4.10757483143431
41 2000 0.794090909090909 0.346179472172119 4.09224809649249
41 2001 0.839545454545455 0.442773507471367 4.44379168639676
41 2002 0.885 0.366380611193119 4.13006323115866
42 1994 0.271363636363636 0.236601921899187 3.81566177164196
42 1995 0.316818181818182 0.346131166030476 4.23602639960584
42 1996 0.362272727272727 0.30353736916964 4.05518738436677
42 1997 0.407727272727273 0.213854736018951 3.70323358388408
42 1998 0.453181818181818 0.200388458249143 3.62059723613415
42 1999 0.498636363636364 0.162630375554596 3.46814221260855
42 2000 0.544090909090909 0.306933588424827 4.0256686621525
42 2001 0.589545454545455 0.315457513020029 4.03132075021423
42 2002 0.635 0.53004456758245 4.87313231200641
46 1994 0.350909090909091 0.482783822641323 4.75381918369694
46 1995 0.396363636363636 0.223551429891773 3.7465634193296
46 1996 0.441818181818182 0.444337797225707 4.58829182401861
46 1997 0.487272727272727 0.390770305170231 4.37717419114538
46 1998 0.532727272727273 0.23345054613719 3.74356935678268
46 1999 0.578181818181818 0.194898422849411 3.56938993834193
46 2000 0.623636363636364 0.292045907175449 3.91852092298327
46 2001 0.669090909090909 0.222040295507655 3.63930818107259
46 2002 0.714545454545455 0.334569574931583 4.08104406405374
47 1994 0.646363636363636 0.305044779995816 3.98220667150883
47 1995 0.691818181818182 0.155010326060688 3.3856611080699
47 1996 0.737272727272727 0.429510839191906 4.43480517061046
47 1997 0.782727272727273 0.776054549605787 5.76037830104383
47 1998 0.828181818181818 0.169693096679784 3.38735479856861
47 1999 0.873636363636364 0.216781243252285 3.58248808287768
47 2000 0.919090909090909 0.406274872231284 4.29111210721718
47 2001 0.964545454545455 0.461382544991798 4.48117267211366
47 2002 1.01 0.307009955903854 3.86818684753384
49 1994 0.441818181818182 0.407583267486765 4.44664891274747
49 1995 0.487272727272727 0.288387905085264 3.98409378139077
49 1996 0.532727272727273 0.415660336641797 4.43346226706266
49 1997 0.578181818181818 0.258089729735097 3.80768097587098
49 1998 0.623636363636364 0.422643443963384 4.44538501688192
49 1999 0.669090909090909 0.247219034390777 3.73607324337695
49 2000 0.714545454545455 0.320629146229929 4.01858161491172
49 2001 0.76 0.490246155992645 4.64125844806014
49 2002 0.805454545454545 0.353539389481864 4.12372050106141
51 1994 0.0327272727272727 0.494606184098134 4.88404177312201
51 1995 0.0781818181818182 0.0660774445866041 3.22738473713683
51 1996 0.123636363636364 0.479560407922604 4.81192187822041
51 1997 0.169090909090909 0.49424373972669 4.85595299587554
51 1998 0.214545454545455 0.347534751368386 4.27529366018929
51 1999 0.26 0.512530519470113 4.89940498436212
51 2000 0.305454545454545 0.0989329646727297 3.27822697977156
51 2001 0.350909090909091 0.30261969555241 4.06676572787212
51 2002 0.396363636363636 0.27307070435895 3.93790410833488
52 1994 0.282727272727273 0.378658497338658 4.36782457896644
52 1995 0.328181818181818 0.296652462135713 4.04396253869371
52 1996 0.373636363636364 0.311308503802829 4.08591714002813
52 1997 0.419090909090909 0.631423798285953 5.31604024331089
52 1998 0.464545454545455 0.547798559962204 4.96682035342865
52 1999 0.51 0.251263227985384 3.80935542089892
52 2000 0.555454545454545 0.234073348424999 3.74415341527233
52 2001 0.600909090909091 0.146892947794335 3.36816609118299
52 2002 0.646363636363636 0.441135498554833 4.50189300045486
53 1994 0.396363636363636 0.401686781356377 4.44283263345385
53 1995 0.441818181818182 0.421951486406622 4.49414408472052
53 1996 0.487272727272727 0.481937732051818 4.70041767553491
53 1997 0.532727272727273 0.447342054395551 4.56370609592837
53 1998 0.578181818181818 0.344155355255456 4.13999837797123
53 1999 0.623636363636364 0.346070098600151 4.14269744378255
53 2000 0.669090909090909 0.340822477586903 4.09986057589406
53 2001 0.714545454545455 0.146389247731716 3.34069366368522
53 2002 0.76 0.332670792609639 4.05407373784438
54 1994 0.362272727272727 0.16684286739927 3.51311185114158
54 1995 0.407727272727273 0.277031548997464 3.95416990132403
54 1996 0.453181818181818 0.251746493501419 3.83850614334622
54 1997 0.498636363636364 0.134339495191792 3.35555008368983
54 1998 0.544090909090909 0.332120373148316 4.11241346820429
54 1999 0.589545454545455 0.367397665075594 4.21664405073343
54 2000 0.635 0.722467866923458 5.57793424642909
54 2001 0.680454545454545 0.429992896105964 4.4485789516719
54 2002 0.725909090909091 0.238342789016298 3.68632715579246
57 1994 0.589545454545455 0.259167393490316 3.80540512428366
57 1995 0.635 0.314374296800518 4.00946269005796
57 1996 0.680454545454545 0.227869751543036 3.66542582787159
57 1997 0.725909090909091 0.228489086821498 3.66666766933516
57 1998 0.771363636363636 0.255918391142442 3.75725376695824
57 1999 0.816818181818182 0.428523987455698 4.41298228660206
57 2000 0.862272727272727 0.392722592633945 4.23757647631703
57 2001 0.907727272727273 0.376974858161402 4.1810830994851
57 2002 0.953181818181818 0.160167475918484 3.32258609761457
58 1994 0.0668181818181818 0.336311868503207 4.29305223385741
58 1995 0.112272727272727 0.545497950454183 5.07054935503952
58 1996 0.157727272727273 0.491535635466413 4.86031942307178
58 1997 0.203181818181818 0.320679908869909 4.16665726765198
58 1998 0.248636363636364 0.263889178117473 3.93954896799341
58 1999 0.294090909090909 0.22816281712411 3.78953086116277
58 2000 0.339545454545455 0.288656922143375 4.02111878311704
58 2001 0.385 0.337623489308861 4.19332779548598
58 2002 0.430454545454545 0.423330226967949 4.48915259790152
59 1994 0.248636363636364 0.270151649859324 3.95915267707151
59 1995 0.294090909090909 0.11133367796326 3.3363254061882
59 1996 0.339545454545455 0.369620926445484 4.3080273454912
59 1997 0.385 0.29720220637703 4.01456084496893
59 1998 0.430454545454545 0.23359280633193 3.77309047188983
59 1999 0.475909090909091 0.39865923515223 4.38990780983626
59 2000 0.521363636363636 0.320083025552956 4.09045191503754
59 2001 0.566818181818182 0.365762774369758 4.23345560929568
59 2002 0.612272727272727 0.111829444787578 3.24448076223821
60 1994 0.578181818181818 0.295610826300994 3.97763405602644
60 1995 0.623636363636364 0.309162518255129 4.01252152050768
60 1996 0.669090909090909 0.645186827491727 5.28662526347116
60 1997 0.714545454545455 0.318419656048758 4.02202394234374
60 1998 0.76 0.50381146407645 4.69851220755724
60 1999 0.805454545454545 0.184528438987666 3.46480756012107
60 2000 0.850909090909091 0.323377142917417 3.98789494109448
60 2001 0.896363636363636 0.316140937816276 3.94464228346883
60 2002 0.941818181818182 0.204833145210614 3.48166552627666
62 1994 0.623636363636364 0.278967981091356 3.87785678746674
62 1995 0.669090909090909 0.229948235586554 3.68249845144518
62 1996 0.714545454545455 0.338946228790004 4.08737496131236
62 1997 0.76 0.237207493213348 3.6837383058757
62 1998 0.805454545454545 0.357552585913337 4.1318858399944
62 1999 0.850909090909091 0.37756451543491 4.20731869618869
62 2000 0.896363636363636 0.306106686683161 3.90940651323442
62 2001 0.941818181818182 0.32778673402653 3.96392746747338
62 2002 0.987272727272727 0.491156599088145 4.60512212361425
65 1994 0.328181818181818 0.2826674205847 4.00283959078059
65 1995 0.373636363636364 0.474445340680526 4.71096745905743
65 1996 0.419090909090909 0.361540145794377 4.25825333165224
65 1997 0.464545454545455 0.204557191104479 3.66073279455674
65 1998 0.51 0.433662286313989 4.52093784837735
65 1999 0.555454545454545 0.320152140570509 4.07058039157627
65 2000 0.600909090909091 0.440991807071996 4.50884948779191
65 2001 0.646363636363636 0.201327155299729 3.56669893219016
65 2002 0.691818181818182 0.346089476283624 4.10866898897171
66 1994 0.01 0.285642927839302 4.09622004419869
66 1995 0.0554545454545455 0.303663388324417 4.16349354786689
66 1996 0.100909090909091 0.516934600414093 4.97232439765116
66 1997 0.146363636363636 0.26396388841351 3.95001153238172
66 1998 0.191818181818182 0.0885646809748883 3.28828076421573
66 1999 0.237272727272727 0.440843618496666 4.63415551657625
66 2000 0.282727272727273 0.36866989273323 4.32389571740371
66 2001 0.328181818181818 0.295760866790646 4.03087658617398
66 2002 0.373636363636364 0.351603695169196 4.23349422066116
67 1994 0.237272727272727 0.156629737472587 3.54170815577409
67 1995 0.282727272727273 0.178273063044846 3.60638280714997
67 1996 0.328181818181818 0.268490858547323 3.92808939715225
67 1997 0.373636363636364 0.216851440149344 3.70043652274372
67 1998 0.419090909090909 0.46161392089481 4.65158592115334
67 1999 0.464545454545455 0.241859983106347 3.76711466643764
67 2000 0.51 0.266643767998336 3.89058132978615
67 2001 0.555454545454545 0.184762381450358 3.53636217989805
67 2002 0.600909090909091 0.293860193265599 3.93911877995297
69 1994 0.328181818181818 0.641368907341691 5.3481380901722
69 1995 0.373636363636364 0.174503309446627 3.55652296624013
69 1996 0.419090909090909 0.601458166042297 5.19811333912784
69 1997 0.464545454545455 0.329752982841735 4.1344216548416
69 1998 0.51 0.288485109452149 3.95491516861564
69 1999 0.555454545454545 0.305767154536648 4.00435354212109
69 2000 0.600909090909091 0.404140441339815 4.38596194070017
69 2001 0.646363636363636 0.481009043597954 4.66351846775102
69 2002 0.691818181818182 0.581813457453834 5.05050921126191
71 1994 0.191818181818182 0.334696129298975 4.21590630830655
71 1995 0.237272727272727 0.666929173727204 5.4935101484387
71 1996 0.282727272727273 0.210267580256467 3.7231873836057
71 1997 0.328181818181818 0.275400228716221 3.96365840075246
71 1998 0.373636363636364 0.31916905653847 4.13029317351432
71 1999 0.419090909090909 0.473174588273527 4.69412332139192
71 2000 0.464545454545455 0.329261852810308 4.11645735356375
71 2001 0.51 0.140078990387596 3.38795290222238
71 2002 0.555454545454545 0.50082901892146 4.74246345335251
74 1994 0.555454545454545 0.298250720214847 3.96500777074566
74 1995 0.600909090909091 0.273159532273117 3.87574412238252
74 1996 0.646363636363636 0.471258517514366 4.60953914017532
74 1997 0.691818181818182 0.162386637028227 3.40461879015366
74 1998 0.737272727272727 0.307390391034081 3.95526936156835
74 1999 0.782727272727273 0.152964271847593 3.32826211017382
74 2000 0.828181818181818 0.303343793273077 3.90796720381345
74 2001 0.873636363636364 0.350039644569406 4.09952804697161
74 2002 0.919090909090909 0.146322681372494 3.27531461703736
75 1994 0.350909090909091 0.305507715540992 4.0860683694259
75 1995 0.396363636363636 0.157061250075258 3.49949783891583
75 1996 0.441818181818182 0.370167295779236 4.29273217897694
75 1997 0.487272727272727 0.338543478320191 4.16150166391811
75 1998 0.532727272727273 0.172254567500911 3.47981230272921
75 1999 0.578181818181818 0.497466643467432 4.73820585222639
75 2000 0.623636363636364 0.248243609776299 3.77276608080133
75 2001 0.669090909090909 0.212497701802149 3.59766571253889
75 2002 0.714545454545455 0.150145302732619 3.35350612533808
76 1994 0.589545454545455 0.38913951872162 4.33284887524424
76 1995 0.635 0.426668714992653 4.44164738304049
76 1996 0.680454545454545 0.213003669837996 3.61186504129426
76 1997 0.725909090909091 0.429624424475044 4.43717898642121
76 1998 0.771363636363636 0.167830134534295 3.40357288912607
76 1999 0.816818181818182 0.307076012325013 3.91719425707199
76 2000 0.862272727272727 0.270809183977131 3.76522305855883
76 2001 0.907727272727273 0.326994450609727 3.97920513539568
76 2002 0.953181818181818 0.347595156315474 4.04374011710973
78 1994 0.566818181818182 0.487228964096733 4.70063055754536
78 1995 0.612272727272727 0.0921431144472106 3.1526014518532
78 1996 0.657727272727273 0.259652291321278 3.79940359597961
78 1997 0.703181818181818 0.366820958778435 4.19683210457473
78 1998 0.748636363636364 0.358368756182885 4.15555393518391
78 1999 0.794090909090909 0.466307126905529 4.55140546417225
78 2000 0.839545454545455 0.146434671883638 3.31368111894413
78 2001 0.885 0.221040868861027 3.55618961020596
78 2002 0.930454545454545 0.430838646451362 4.36495329255044
80 1994 0.487272727272727 0.453081963045937 4.58683824432462
80 1995 0.532727272727273 0.214234187214209 3.68935933749261
80 1996 0.578181818181818 0.190299182575942 3.56595947505545
80 1997 0.623636363636364 0.217538436335134 3.64746048567941
80 1998 0.669090909090909 0.369219335307182 4.2205238390289
80 1999 0.714545454545455 0.23409985503392 3.67606377403121
80 2000 0.76 0.376719055496806 4.21657684935174
80 2001 0.805454545454545 0.573038959750892 4.96373989153382
80 2002 0.850909090909091 0.115971088652363 3.17953585614309
81 1994 0.566818181818182 0.398249695794411 4.37646013869308
81 1995 0.612272727272727 0.452666414787865 4.55846307107021
81 1996 0.657727272727273 0.183574243462421 3.50116803027296
81 1997 0.703181818181818 0.185260527985154 3.49241542398247
81 1998 0.748636363636364 0.387921074515253 4.25640498454065
81 1999 0.794090909090909 0.378310345089688 4.22021588126099
81 2000 0.839545454545455 0.23047288302145 3.61960405067641
81 2001 0.885 0.192768640565367 3.46352855279805
81 2002 0.930454545454545 0.156437071748687 3.33721895333352
83 1994 0.146363636363636 0.371932718215366 4.39475478670681
83 1995 0.191818181818182 0.487199508274707 4.80381161865647
83 1996 0.237272727272727 0.383730125436621 4.41136515577116
83 1997 0.282727272727273 0.274271113946558 3.9805710512324
83 1998 0.328181818181818 0.506158933731058 4.84197059289827
83 1999 0.373636363636364 0.145455930151946 3.43757119259345
83 2000 0.419090909090909 0.31834377062468 4.10061467582745
83 2001 0.464545454545455 0.232005162455119 3.76498197410594
83 2002 0.51 0.422888611705373 4.47402021350513
84 1994 0.498636363636364 0.405480410103878 4.40339478367988
84 1995 0.544090909090909 0.301326356480619 3.99538247115133
84 1996 0.589545454545455 0.434653948864231 4.51624584654415
84 1997 0.635 0.330786866650605 4.08184972965686
84 1998 0.680454545454545 0.153113975383198 3.37321143575097
84 1999 0.725909090909091 0.194953546515697 3.53017198131291
84 2000 0.771363636363636 0.289953583551924 3.88860995153298
84 2001 0.816818181818182 0.308507741502103 3.93191906205526
84 2002 0.862272727272727 0.227408435979779 3.61051235525454
90 1994 0.203181818181818 0.355703602391196 4.31557512517296
90 1995 0.248636363636364 0.357525050878364 4.28244243486953
90 1996 0.294090909090909 0.579155454825282 5.14470739279425
90 1997 0.339545454545455 0.299351377538324 4.05048434181952
90 1998 0.385 0.128461969048301 3.38586567968449
90 1999 0.430454545454545 0.216074458789073 3.69501009081768
90 2000 0.475909090909091 0.387965032385226 4.35532120170233
90 2001 0.521363636363636 0.535782986150928 4.91888143284846
90 2002 0.566818181818182 0.54195863799236 4.9241755732566
98 1994 0.555454545454545 0.15058064313659 3.39134629309141
98 1995 0.600909090909091 0.467518209284265 4.62667188483228
98 1996 0.646363636363636 0.680843703273593 5.41595142744662
98 1997 0.691818181818182 0.396222099250114 4.32735245560329
98 1998 0.737272727272727 0.521515089007534 4.78935993322674
98 1999 0.782727272727273 0.181458119742746 3.45561996407918
98 2000 0.828181818181818 0.417196521145501 4.35255632151242
98 2001 0.873636363636364 0.290867441624903 3.86177545548033
98 2002 0.919090909090909 0.347149571829297 4.0585383366659
100 1994 0.600909090909091 0.367796516473003 4.24241504469462
100 1995 0.646363636363636 0.378852096332246 4.25449539458959
100 1996 0.691818181818182 0.372655869942209 4.234225513742
100 1997 0.737272727272727 0.39582671220875 4.28669805555305
100 1998 0.782727272727273 0.134334900968343 3.27593556479138
100 1999 0.828181818181818 0.4224600844926 4.37505362695473
100 2000 0.873636363636364 0.128088811597147 3.21608853159317
100 2001 0.919090909090909 0.203525328955794 3.50308360352162
100 2002 0.964545454545455 0.309666272488981 3.88195033983626
101 1994 0.578181818181818 0.312263611366233 4.03347578318644
101 1995 0.623636363636364 0.236000166054736 3.71400185753207
101 1996 0.669090909090909 0.290100801748607 3.90428587088543
101 1997 0.714545454545455 0.279972964007304 3.85523084267833
101 1998 0.76 0.406832426638713 4.33515432991487
101 1999 0.805454545454545 0.315207710893954 3.93375074695034
101 2000 0.850909090909091 0.403336962577197 4.29318710929469
101 2001 0.896363636363636 0.378057133341297 4.172127088212
101 2002 0.941818181818182 0.336915544487075 4.01423130576868
102 1994 0.0213636363636364 0.294058561493887 4.12626746516439
102 1995 0.0668181818181818 0.584203206916409 5.21615777752433
102 1996 0.112272727272727 0.527584866051935 4.98957250042535
102 1997 0.157727272727273 0.217524618386316 3.78697233272415
102 1998 0.203181818181818 0.507135073646229 4.89704567089205
102 1999 0.248636363636364 0.240801118077217 3.86180268711537
102 2000 0.294090909090909 0.165800062746097 3.55373657425611
102 2001 0.339545454545455 0.570624077306372 5.11741175061965
102 2002 0.385 0.433237484576761 4.53690128169278
103 1994 0.248636363636364 0.264495310567592 3.94227794650674
103 1995 0.294090909090909 0.525031727787925 4.93148107276824
103 1996 0.339545454545455 0.414318388313776 4.48683373010584
103 1997 0.385 0.611870939650825 5.23056182250663
103 1998 0.430454545454545 0.342035920780599 4.17112604435236
103 1999 0.475909090909091 0.23143867334048 3.75714893122306
103 2000 0.521363636363636 0.443894449416143 4.55597363321484
103 2001 0.566818181818182 0.383648272485433 4.29404058433535
103 2002 0.612272727272727 0.345059274211002 4.11926467046255
104 1994 0.430454545454545 0.209252286664251 3.68028487029059
104 1995 0.475909090909091 0.358597207781994 4.23418798812196
104 1996 0.521363636363636 0.286119754349708 3.93056875357282
104 1997 0.566818181818182 0.410353632769436 4.40646786965061
104 1998 0.612272727272727 0.341286748459546 4.12956026082682
104 1999 0.657727272727273 0.420485228723683 4.43335330568918
104 2000 0.703181818181818 0.266918214606182 3.80167056693271
104 2001 0.748636363636364 0.137336565494592 3.29645366299608
104 2002 0.794090909090909 0.334021793220951 4.05160625459688
109 1994 0.0781818181818182 0.411680530442307 4.57141600155368
109 1995 0.123636363636364 0.351806544484158 4.32623917247368
109 1996 0.169090909090909 0.456134543678074 4.71091830135156
109 1997 0.214545454545455 0.161711802161079 3.5681850204985
109 1998 0.26 0.302860327567555 4.08979907240932
109 1999 0.305454545454545 0.187704045546987 3.61880888997415
109 2000 0.350909090909091 0.267674387570332 3.91417091715409
109 2001 0.396363636363636 0.30784580571436 4.06865003339833
109 2002 0.441818181818182 0.355032827302773 4.23419219874021
111 1994 0.214545454545455 0.232074095659465 3.81331581849124
111 1995 0.26 0.314230923902548 4.1334073535557
111 1996 0.305454545454545 0.200575453710504 3.68722527237105
111 1997 0.350909090909091 0.337814316920639 4.189250751888
111 1998 0.396363636363636 0.351204752385016 4.23200067778553
111 1999 0.441818181818182 0.131759141328292 3.36943804910792
111 2000 0.487272727272727 0.364681321958394 4.27047471167779
111 2001 0.532727272727273 0.266734572020925 3.86880905131992
111 2002 0.578181818181818 0.293115752490958 3.97687907882802
113 1994 0.191818181818182 0.215864718089187 3.80200827740256
113 1995 0.237272727272727 0.293339512431388 4.0481267740598
113 1996 0.282727272727273 0.296357990276087 4.05236663575751
113 1997 0.328181818181818 0.380833046617561 4.37145442900992
113 1998 0.373636363636364 0.390370459934759 4.37064813778529
113 1999 0.419090909090909 0.327013763528611 4.1294705920716
113 2000 0.464545454545455 0.355850614276125 4.2281512840455
113 2001 0.51 0.433649176833486 4.50136288313117
113 2002 0.555454545454545 0.337351887147418 4.1270787683512
114 1994 0.01 0.19875086080323 3.76813989906422
114 1995 0.0554545454545455 0.39127449469392 4.49641784096136
114 1996 0.100909090909091 0.378639065215772 4.43650929736016
114 1997 0.146363636363636 0.160134378195167 3.57347873689157
114 1998 0.191818181818182 0.598283598944109 5.25164657481812
114 1999 0.237272727272727 0.349906790151263 4.28969870097274
114 2000 0.282727272727273 0.392284663166643 4.4229597572734
114 2001 0.328181818181818 0.370203326645522 4.32390142308373
114 2002 0.373636363636364 0.39051884666015 4.39034641260907
115 1994 0.487272727272727 0.489496130504411 4.74166910248137
115 1995 0.532727272727273 0.336738447740996 4.11918128674411
115 1996 0.578181818181818 0.292681283313543 3.95126086741625
115 1997 0.623636363636364 0.158262872841093 3.43034615274048
115 1998 0.669090909090909 0.557819672778505 4.94111664431399
115 1999 0.714545454545455 0.549316884786323 4.89475895905783
115 2000 0.76 0.262949729315229 3.77607337320458
115 2001 0.805454545454545 0.22348381918542 3.60072809863399
115 2002 0.850909090909091 0.344912215833411 4.07413949308559
117 1994 0.305454545454545 0.464415567923597 4.70995449227764
117 1995 0.350909090909091 0.0990729373279991 3.26314252136412
117 1996 0.396363636363636 0.330931441103385 4.16136467700258
117 1997 0.441818181818182 0.447970846761611 4.5835918465005
117 1998 0.487272727272727 0.177542021281288 3.53879997293451
117 1999 0.532727272727273 0.284327532334926 3.93783962741728
117 2000 0.578181818181818 0.415417644481561 4.41529276057985
117 2001 0.623636363636364 0.271191480699042 3.8380373159329
117 2002 0.669090909090909 0.216534257320999 3.63574563099623
118 1994 0.316818181818182 0.351236113255891 4.26376364451871
118 1995 0.362272727272727 0.329014551287529 4.15998197501066
118 1996 0.407727272727273 0.462018244857502 4.65598125593846
118 1997 0.453181818181818 0.321247449593371 4.10591180042094
118 1998 0.498636363636364 0.324822756322184 4.10259247897125
118 1999 0.544090909090909 0.417691650950973 4.44300253623573
118 2000 0.589545454545455 0.199590533134451 3.59371884546033
118 2001 0.635 0.144569617618997 3.35476565906051
118 2002 0.680454545454545 0.527372564605915 4.82067862461684
119 1994 0.0213636363636364 0.43200693342192 4.63916136201191
119 1995 0.0668181818181818 0.14446010707009 3.52421647975677
119 1996 0.112272727272727 0.321779313379989 4.22063589908376
119 1997 0.157727272727273 0.192079727517969 3.68569324521721
119 1998 0.203181818181818 0.278373806276801 4.01153071275663
119 1999 0.248636363636364 0.254132469611435 3.89649223362601
119 2000 0.294090909090909 0.20332934045662 3.68877242227381
119 2001 0.339545454545455 0.141840699551826 3.44903497303004
119 2002 0.385 0.383197721035355 4.37400215495738
120 1994 0.0213636363636364 0.341731463987572 4.33328590700392
120 1995 0.0668181818181818 0.237869707630982 3.90484369063731
120 1996 0.112272727272727 0.295516247365962 4.11869672090035
120 1997 0.157727272727273 0.192637708319536 3.69170487349427
120 1998 0.203181818181818 0.563949255370954 5.1095742233758
120 1999 0.248636363636364 0.3920627948184 4.44847245068854
120 2000 0.294090909090909 0.287619715020243 4.030893104349
120 2001 0.339545454545455 0.287409281414133 4.00278310342432
120 2002 0.385 0.273103334839962 3.94508985100085
122 1994 0.0440909090909091 0.331123111950427 4.2615281831117
122 1995 0.0895454545454545 0.134717382459288 3.4840853299886
122 1996 0.135 0.401838632696468 4.51018793100608
122 1997 0.180454545454545 0.314160254936733 4.16388360221435
122 1998 0.225909090909091 0.20738223671645 3.7392252199846
122 1999 0.271363636363636 0.223260784818664 3.77489219739848
122 2000 0.316818181818182 0.419893489220006 4.52272785935544
122 2001 0.362272727272727 0.318974861241648 4.13477363442698
122 2002 0.407727272727273 0.249727214089349 3.82735134308999
123 1994 0.589545454545455 0.322664204522537 4.0490172997381
123 1995 0.635 0.248316359441232 3.78117980674533
123 1996 0.680454545454545 0.448800608668203 4.52434909463246
123 1997 0.725909090909091 0.267545807780841 3.79787067947388
123 1998 0.771363636363636 0.237824063550811 3.67473019272385
123 1999 0.816818181818182 0.241987617367923 3.66942721213531
123 2000 0.862272727272727 0.313712699614346 3.95140277153582
123 2001 0.907727272727273 0.654449572309805 5.24421404276685
123 2002 0.953181818181818 0.376066491254813 4.15820360611077
125 1994 0.271363636363636 0.149645925269697 3.49739172573002
125 1995 0.316818181818182 0.397383587776335 4.43298423214667
125 1996 0.362272727272727 0.421618062440768 4.49891869193655
125 1997 0.407727272727273 0.295982960086183 3.99895952881886
125 1998 0.453181818181818 0.585060469803738 5.11541881189184
125 1999 0.498636363636364 0.274880952876164 3.90340636028057
125 2000 0.544090909090909 0.266132662521461 3.853402353219
125 2001 0.589545454545455 0.158411296181741 3.43728691506929
125 2002 0.635 0.494553757948855 4.70830274596769
126 1994 0.566818181818182 0.251654051817336 3.79536557940472
126 1995 0.612272727272727 0.183039170437354 3.5280380381236
126 1996 0.657727272727273 0.375761367172554 4.25505660394916
126 1997 0.703181818181818 0.389557902515131 4.2961218640665
126 1998 0.748636363636364 0.275886820193175 3.83512667996832
126 1999 0.794090909090909 0.24941411829877 3.73149652813745
126 2000 0.839545454545455 0.369005953187597 4.15833604480527
126 2001 0.885 0.363291555152795 4.10629644463908
126 2002 0.930454545454545 0.338936914901781 4.02947194301478
129 1994 0.419090909090909 0.466549476842172 4.67986673659429
129 1995 0.464545454545455 0.327917987271926 4.12736611642114
129 1996 0.51 0.456010250255622 4.59408803323584
129 1997 0.555454545454545 0.372783155548178 4.26142843909722
129 1998 0.600909090909091 0.3194200971504 4.04893656276178
129 1999 0.646363636363636 0.179815589531564 3.4888692025546
129 2000 0.691818181818182 0.331383238193067 4.06833826437003
129 2001 0.737272727272727 0.262439899743433 3.78646511117462
129 2002 0.782727272727273 0.251345579193074 3.73655302396846
130 1994 0.532727272727273 0.0739172438390934 3.10623311965529
130 1995 0.578181818181818 0.359479894145877 4.20501967683528
130 1996 0.623636363636364 0.297209204096545 3.94858186849711
130 1997 0.669090909090909 0.548271832519911 4.91245530546671
130 1998 0.714545454545455 0.132330873679807 3.29455593505367
130 1999 0.76 0.334285089463568 4.05506233210048
130 2000 0.805454545454545 0.242357928297324 3.69526083789376
130 2001 0.850909090909091 0.104282874752783 3.13484373408922
130 2002 0.896363636363636 0.540059628815696 4.78811744385416
132 1994 0.373636363636364 0.494162447263437 4.79058109596106
132 1995 0.419090909090909 0.183407813698331 3.57197148933412
132 1996 0.464545454545455 0.308104498075264 4.03578314783097
132 1997 0.51 0.325604583671355 4.09949183192801
132 1998 0.555454545454545 0.191383305256664 3.57768318830378
132 1999 0.600909090909091 0.289189098735234 3.93006033978126
132 2000 0.646363636363636 0.156856382769685 3.41863797042849
132 2001 0.691818181818182 0.552928359993295 4.91776066721799
132 2002 0.737272727272727 0.264700307922707 3.78350091790597
134 1994 0.316818181818182 0.406925124036234 4.48292069733956
134 1995 0.362272727272727 0.352135871880029 4.25794276567486
134 1996 0.407727272727273 0.334761141588776 4.16331011914054
134 1997 0.453181818181818 0.470649942833096 4.67610445476963
134 1998 0.498636363636364 0.364998728137346 4.24067477581497
134 1999 0.544090909090909 0.429654217108892 4.50960243054705
134 2000 0.589545454545455 0.371977335071416 4.25316737718757
134 2001 0.635 0.219176888840195 3.64129369426692
134 2002 0.680454545454545 0.517582712114382 4.78773685489159
135 1994 0.01 0.198515959845186 3.7541731707787
135 1995 0.0554545454545455 0.29779431849505 4.15425411531444
135 1996 0.100909090909091 0.34848110534017 4.31103273446606
135 1997 0.146363636363636 0.164763684955031 3.59365533633647
135 1998 0.191818181818182 0.568642651310021 5.14204579551948
135 1999 0.237272727272727 0.583748881927616 5.19262386977362
135 2000 0.282727272727273 0.0917059461527561 3.26558404589661
135 2001 0.328181818181818 0.171959357386679 3.56673911379491
135 2002 0.373636363636364 0.149805369645052 3.46759029519791
136 1994 0.146363636363636 0.0982659252752881 3.33528115547083
136 1995 0.191818181818182 0.251801001103986 3.89562119254819
136 1996 0.237272727272727 0.153195272935921 3.54317600012248
136 1997 0.282727272727273 0.134437701497574 3.42940265075048
136 1998 0.328181818181818 0.0990826882185198 3.27603586749753
136 1999 0.373636363636364 0.266584444495271 3.88350871843192
136 2000 0.419090909090909 0.321489184795763 4.10826076711986
136 2001 0.464545454545455 0.247801883765338 3.803407431884
136 2002 0.51 0.358191589751879 4.20464809182383
137 1994 0.305454545454545 0.164659435327665 3.54039700672807
137 1995 0.350909090909091 0.203447440730217 3.68132674235018
137 1996 0.396363636363636 0.209797115088233 3.69558282769228
137 1997 0.441818181818182 0.60118820836762 5.19803237490248
137 1998 0.487272727272727 0.138340922012747 3.37181309221043
137 1999 0.532727272727273 0.261086843198047 3.84749622126469
137 2000 0.578181818181818 0.173433634000985 3.50479164469735
137 2001 0.623636363636364 0.313456361347416 4.02993207976326
137 2002 0.669090909090909 0.262352362582042 3.81181591995854
140 1994 0.316818181818182 0.21096008377921 3.72306117875653
140 1995 0.362272727272727 0.323587839671035 4.14306047958655
140 1996 0.407727272727273 0.147140639513709 3.44441872990664
140 1997 0.453181818181818 0.185577706879936 3.60127014361498
140 1998 0.498636363636364 0.630457706430481 5.2794909489042
140 1999 0.544090909090909 0.326996646374462 4.08734886762659
140 2000 0.589545454545455 0.47937343963672 4.67068444942492
140 2001 0.635 0.193166051262821 3.55346206422521
140 2002 0.680454545454545 0.676359352961634 5.3997931982475
141 1994 0.225909090909091 0.313031153406072 4.13744197123336
141 1995 0.271363636363636 0.276233571288602 3.99241704017289
141 1996 0.316818181818182 0.21153864766625 3.71906922894065
141 1997 0.362272727272727 0.238288136785294 3.8169052898182
141 1998 0.407727272727273 0.405728593077584 4.44075984382591
141 1999 0.453181818181818 0.141236502610558 3.397407165518
141 2000 0.498636363636364 0.450713686061285 4.57805875028974
141 2001 0.544090909090909 0.479329843433 4.68674519518543
141 2002 0.589545454545455 0.263255263217085 3.81182040948226
143 1994 0.635 0.375834887934611 4.25507219837513
143 1995 0.680454545454545 0.239659276851838 3.70531812790529
143 1996 0.725909090909091 0.338310180944142 4.08824734568365
143 1997 0.771363636363636 0.288008161281825 3.86363499257932
143 1998 0.816818181818182 0.450211177386108 4.48633189399236
143 1999 0.862272727272727 0.28202818984698 3.81947386478452
143 2000 0.907727272727273 0.219201899136381 3.56907379853327
143 2001 0.953181818181818 0.328966274367724 3.96365041262556
143 2002 0.998636363636364 0.388233120601096 4.18689767038326
144 1994 0.0895454545454545 0.229317639669324 3.86156424504371
144 1995 0.135 0.346007591662552 4.29489550448145
144 1996 0.180454545454545 0.242021685187422 3.87331094197289
144 1997 0.225909090909091 0.536961127205531 4.98926187775462
144 1998 0.271363636363636 0.321475426895551 4.13993999036944
144 1999 0.316818181818182 0.315198648438236 4.1230289195661
144 2000 0.362272727272727 0.242040473354558 3.82685657895904
144 2001 0.407727272727273 0.395034283327124 4.39507975011778
144 2002 0.453181818181818 0.270190017629862 3.90121723566616
146 1994 0.566818181818182 0.368638695740121 4.24938462845888
146 1995 0.612272727272727 0.286080336999506 3.92974116759578
146 1996 0.657727272727273 0.444350431540123 4.52578166548735
146 1997 0.703181818181818 0.273224066436585 3.83891404151653
146 1998 0.748636363636364 0.267275038153962 3.79452475710288
146 1999 0.794090909090909 0.554569119423255 4.89382989415698
146 2000 0.839545454545455 0.215443165205355 3.57755002728134
146 2001 0.885 0.392143092589057 4.23502711091122
146 2002 0.930454545454545 0.369168888762902 4.13410837043149
150 1994 0.146363636363636 0.17231265133603 3.60477426339702
150 1995 0.191818181818182 0.259782384673996 3.96038380617176
150 1996 0.237272727272727 0.264978747558483 3.93976103128696
150 1997 0.282727272727273 0.361123497561585 4.3136790447489
150 1998 0.328181818181818 0.473230966753538 4.74814697557759
150 1999 0.373636363636364 0.435507315353387 4.58335961137864
150 2000 0.419090909090909 0.0839943483690381 3.1941893860635
150 2001 0.464545454545455 0.233827959305909 3.73599655557054
150 2002 0.51 0.453564739691556 4.59414403729256
154 1994 0.146363636363636 0.185805834931153 3.67252193859117
154 1995 0.191818181818182 0.091075316086438 3.27976699945126
154 1996 0.237272727272727 0.329362295784887 4.20511804857192
154 1997 0.282727272727273 0.216058107456604 3.74967447639978
154 1998 0.328181818181818 0.448255049868356 4.63223266246323
154 1999 0.373636363636364 0.354131387402642 4.26164856429107
154 2000 0.419090909090909 0.198140874983684 3.65758530189815
154 2001 0.464545454545455 0.378755780397144 4.32060272510973
154 2002 0.51 0.264992759221967 3.86762617464304
155 1994 0.600909090909091 0.360927575823915 4.19843640342887
155 1995 0.646363636363636 0.375582581812791 4.26344991311334
155 1996 0.691818181818182 0.328222950285145 4.06064873798283
155 1997 0.737272727272727 0.343371101931749 4.07734528364295
155 1998 0.782727272727273 0.0396472291030366 2.90237684302636
155 1999 0.828181818181818 0.241114832735374 3.67693287634337
155 2000 0.873636363636364 0.218989542893339 3.57786741875284
155 2001 0.919090909090909 0.21152539118744 3.52880605450838
155 2002 0.964545454545455 0.301101193737373 3.86087362552117
157 1994 0.0213636363636364 0.379288120892652 4.46622878898541
157 1995 0.0668181818181818 0.264944553600708 3.99732869882099
157 1996 0.112272727272727 0.416187601019704 4.56459661591383
157 1997 0.157727272727273 0.407470498920863 4.5357132635378
157 1998 0.203181818181818 0.343279836924428 4.24357733570256
157 1999 0.248636363636364 0.295521761898854 4.05303384156564
157 2000 0.294090909090909 0.347717974096762 4.26835500593974
157 2001 0.339545454545455 0.421482144275727 4.51855541626246
157 2002 0.385 0.280077069343484 3.95995148490018
158 1994 0.532727272727273 0.334573157330453 4.11392149567349
158 1995 0.578181818181818 0.235014537227362 3.71802331560197
158 1996 0.623636363636364 0.411867647619446 4.38946856893715
158 1997 0.669090909090909 0.120168553443365 3.25311484596568
158 1998 0.714545454545455 0.188303969895372 3.51016951109225
158 1999 0.76 0.517849698936253 4.77010112661434
158 2000 0.805454545454545 0.29851426233627 3.90853040817288
158 2001 0.850909090909091 0.376200101204549 4.18570925206792
158 2002 0.896363636363636 0.369286215642494 4.13560440695263
159 1994 0.112272727272727 0.560964898582874 5.13323344686662
159 1995 0.157727272727273 0.402568708454473 4.49336346454011
159 1996 0.203181818181818 0.0498424053959817 3.12563896967706
159 1997 0.248636363636364 0.300111668139881 4.06494531382508
159 1998 0.294090909090909 0.296503727282352 4.03714550559402
159 1999 0.339545454545455 0.354347570249181 4.2788404348032
159 2000 0.385 0.526177455195033 4.9224336013182
159 2001 0.430454545454545 0.3203919245487 4.10561576034533
159 2002 0.475909090909091 0.555388874055382 4.98139337257104
162 1994 0.521363636363636 0.0778801762426528 3.13994080501391
162 1995 0.566818181818182 0.449340865557204 4.56208394815383
162 1996 0.612272727272727 0.244078728933393 3.76322217032195
162 1997 0.657727272727273 0.519713167550559 4.79021613851793
162 1998 0.703181818181818 0.305289021073821 3.9734676385022
162 1999 0.748636363636364 0.230724053477041 3.65175820557012
162 2000 0.794090909090909 0.283345683747703 3.83780400383585
162 2001 0.839545454545455 0.417563874298396 4.34130629012556
162 2002 0.885 0.347873053306946 4.07414454778235
163 1994 0.203181818181818 0.191757909707371 3.66431453120085
163 1995 0.248636363636364 0.334628684898659 4.22004916626245
163 1996 0.294090909090909 0.365123829090037 4.31414202148577
163 1997 0.339545454545455 0.552748328064053 5.03115926384527
163 1998 0.385 0.38832987658182 4.37926900723456
163 1999 0.430454545454545 0.233753984188381 3.76885656102713
163 2000 0.475909090909091 0.226034006572313 3.71865919141683
163 2001 0.521363636363636 0.280445629192168 3.9257279342802
163 2002 0.566818181818182 0.372221102799418 4.2571225779803
168 1994 0.0895454545454545 0.394541183611966 4.50513540225064
168 1995 0.135 0.40676902119329 4.54293959050119
168 1996 0.180454545454545 0.480568636984848 4.78160537645157
168 1997 0.225909090909091 0.151938790399848 3.50697277028001
168 1998 0.271363636363636 0.432031490029143 4.58720916043678
168 1999 0.316818181818182 0.199832781192133 3.67581476168658
168 2000 0.362272727272727 0.30046747308293 4.06301476549316
168 2001 0.407727272727273 0.24919133333046 3.82585989798164
168 2002 0.453181818181818 0.232767625725044 3.76384030314392
169 1994 0.135 0.246743253311371 3.90491124235042
169 1995 0.180454545454545 0.273882443733493 3.98477420027723
169 1996 0.225909090909091 0.207621261233106 3.73406512280182
169 1997 0.271363636363636 0.228131726914635 3.80066927160309
169 1998 0.316818181818182 0.391440027557586 4.42086311614112
169 1999 0.362272727272727 0.337159618025143 4.19611187292723
169 2000 0.407727272727273 0.612395406996456 5.24160244544863
169 2001 0.453181818181818 0.323859095209394 4.10694226002027
169 2002 0.498636363636364 0.225749672372272 3.71669510546765
171 1994 0.544090909090909 0.514800704941344 4.81784775564849
171 1995 0.589545454545455 0.351837782014659 4.18267234678414
171 1996 0.635 0.427197528809297 4.45276940487774
171 1997 0.680454545454545 0.273376075273491 3.85780638425269
171 1998 0.725909090909091 0.201321857439465 3.55902029508974
171 1999 0.771363636363636 0.232223542243713 3.66604644922471
171 2000 0.816818181818182 0.227188410382074 3.61746983282066
171 2001 0.862272727272727 0.209921419243954 3.53602811590932
171 2002 0.907727272727273 0.261380835745018 3.72614502757283
173 1994 0.635 0.404736243136023 4.3653566761032
173 1995 0.680454545454545 0.102421244644902 3.16986191184847
173 1996 0.725909090909091 0.231192130975266 3.66677765651232
173 1997 0.771363636363636 0.529902038038504 4.81247010151983
173 1998 0.816818181818182 0.269704587894801 3.78294584492133
173 1999 0.862272727272727 0.817419631864233 5.88195462203946
173 2000 0.907727272727273 0.201204202239568 3.47389232027199
173 2001 0.953181818181818 0.32862201275609 3.98008358766192
173 2002 0.998636363636364 0.375920831708845 4.14265370983226
174 1994 0.112272727272727 0.276113828062578 4.0254171745704
174 1995 0.157727272727273 0.186314600184507 3.67903119164366
174 1996 0.203181818181818 0.216580762113299 3.78903268996885
174 1997 0.248636363636364 0.406187950452575 4.49105150573664
174 1998 0.294090909090909 0.441591140150423 4.62702100950378
174 1999 0.339545454545455 0.198208223327262 3.65472093655334
174 2000 0.385 0.360125582305589 4.26298435734241
174 2001 0.430454545454545 0.53614216852443 4.93966603659394
174 2002 0.475909090909091 0.293840066523826 3.98598069166383
178 1994 0.169090909090909 0.18792807250399 3.6743987714104
178 1995 0.214545454545455 0.266751734031181 3.9745059134956
178 1996 0.26 0.271682009957075 3.96821554412038
178 1997 0.305454545454545 0.311801576064398 4.11724125341523
178 1998 0.350909090909091 0.273185803660473 3.94715000250076
178 1999 0.396363636363636 0.424093001782974 4.50629939901036
178 2000 0.441818181818182 0.209835882869362 3.68077572376338
178 2001 0.487272727272727 0.69775710182107 5.54672120901062
178 2002 0.532727272727273 0.374607467580864 4.28015772080171
181 1994 0.203181818181818 0.146090334359055 3.4979483514552
181 1995 0.248636363636364 0.402773990202323 4.47542901570753
181 1996 0.294090909090909 0.310522035598842 4.10320493683325
181 1997 0.339545454545455 0.297099968017012 4.04982532814631
181 1998 0.385 0.382460849219306 4.34812262376389
181 1999 0.430454545454545 0.236385020332962 3.78230608749041
181 2000 0.475909090909091 0.192353001888705 3.59591226333315
181 2001 0.521363636363636 0.251026500407989 3.8011538730532
181 2002 0.566818181818182 0.189344998093396 3.55727937481938
182 1994 0.112272727272727 0.170963287000997 3.63257040970314
182 1995 0.157727272727273 0.227077984223011 3.83739218618004
182 1996 0.203181818181818 0.433536123628253 4.59282107699851
182 1997 0.248636363636364 0.454311066557618 4.6534130042898
182 1998 0.294090909090909 0.241310842991965 3.84181868862174
182 1999 0.339545454545455 0.349943546947869 4.22668407026374
182 2000 0.385 0.302776428389745 4.04419842483432
182 2001 0.430454545454545 0.309970575782247 4.07489372233407
182 2002 0.475909090909091 0.103533774933934 3.23374470027295
183 1994 0.0554545454545455 0.1639125574827 3.62261916423648
183 1995 0.100909090909091 0.392118307885098 4.49370108086219
183 1996 0.146363636363636 0.311286282754066 4.15295908021994
183 1997 0.191818181818182 0.378018455325548 4.39195329889481
183 1998 0.237272727272727 0.324453785959018 4.16847975841091
183 1999 0.282727272727273 0.490732720630536 4.81735393373693
183 2000 0.328181818181818 0.588940779704588 5.17309898444675
183 2001 0.373636363636364 0.413761174433833 4.47956570346036
183 2002 0.419090909090909 0.10836215440108 3.31120045422044
186 1994 0.112272727272727 0.529680952847341 5.02853629929082
186 1995 0.157727272727273 0.589840777279007 5.21654895714202
186 1996 0.203181818181818 0.328689868967141 4.21467702540807
186 1997 0.248636363636364 0.33656044178876 4.23138245844667
186 1998 0.294090909090909 0.269398464741895 3.95948773049411
186 1999 0.339545454545455 0.470594045079853 4.69293011186006
186 2000 0.385 0.191802465346964 3.6192703264556
186 2001 0.430454545454545 0.273410766995691 3.91036998576806
186 2002 0.475909090909091 0.324224945516718 4.10195037487489
188 1994 0.135 0.537225907041169 5.02620963540581
188 1995 0.180454545454545 0.494556334280491 4.84619794631458
188 1996 0.225909090909091 0.537765848366088 5.01690898141364
188 1997 0.271363636363636 0.10648568111766 3.33213148615497
188 1998 0.316818181818182 0.249768286193484 3.8659414109121
188 1999 0.362272727272727 0.234943619979558 3.77587126703091
188 2000 0.407727272727273 0.357489211915385 4.26048686393088
188 2001 0.453181818181818 0.384529081319938 4.34926072679488
188 2002 0.498636363636364 0.195115741836416 3.59164760014863
189 1994 0.328181818181818 0.463822430543313 4.69040667990597
189 1995 0.373636363636364 0.37789625981816 4.33869883586001
189 1996 0.419090909090909 0.40485792026586 4.44111711835966
189 1997 0.464545454545455 0.20022518120156 3.6253268968881
189 1998 0.51 0.365614366071957 4.25968598846584
189 1999 0.555454545454545 0.445147806179439 4.54745502990757
189 2000 0.600909090909091 0.380562482316396 4.28785175152825
189 2001 0.646363636363636 0.229497009148054 3.67354614225653
189 2002 0.691818181818182 0.452801416274695 4.54300705621859
190 1994 0.521363636363636 0.111628246215967 3.25828909787055
190 1995 0.566818181818182 0.187294746865303 3.54968967512485
190 1996 0.612272727272727 0.24077960647524 3.72757261632654
190 1997 0.657727272727273 0.255733719658576 3.77910058133161
190 1998 0.703181818181818 0.387094060865504 4.2726918701292
190 1999 0.748636363636364 0.317184677904171 3.97948704993629
190 2000 0.794090909090909 0.0719929965847764 3.03210087925454
190 2001 0.839545454545455 0.487384194319389 4.62692412229047
190 2002 0.885 0.259791962578429 3.74044415170367
191 1994 0.157727272727273 0.412209633709115 4.53803364699417
191 1995 0.203181818181818 0.201881877869373 3.71793980742921
191 1996 0.248636363636364 0.413312948967368 4.52472975534246
191 1997 0.294090909090909 0.416450862472099 4.51305951140046
191 1998 0.339545454545455 0.325737035937964 4.15296627460076
191 1999 0.385 0.228125089047743 3.75257876245378
191 2000 0.430454545454545 0.522661407891524 4.89316893467319
191 2001 0.475909090909091 0.251381591965073 3.80342318874487
191 2002 0.521363636363636 0.512757530084894 4.81756248284795
192 1994 0.191818181818182 0.226952349211139 3.81784612243706
192 1995 0.237272727272727 0.364956655850959 4.33295578309329
192 1996 0.282727272727273 0.557074112696381 5.05975173948733
192 1997 0.328181818181818 0.29745274210422 4.04428269610439
192 1998 0.373636363636364 0.317351752030154 4.09900203238457
192 1999 0.419090909090909 0.345009882477436 4.20794761856751
192 2000 0.464545454545455 0.445655596329618 4.56060064564328
192 2001 0.51 0.609148031544503 5.20060896865523
192 2002 0.555454545454545 0.569631648352941 5.0238219346339
193 1994 0.146363636363636 0.496075493847341 4.85298393258642
193 1995 0.191818181818182 0.268464321261979 3.9924209224903
193 1996 0.237272727272727 0.348286169772945 4.27264663178681
193 1997 0.282727272727273 0.250753139811886 3.86733984276031
193 1998 0.328181818181818 0.169485288038894 3.55379948432306
193 1999 0.373636363636364 0.365376110524669 4.2972791535216
193 2000 0.419090909090909 0.262765872966134 3.8749342082933
193 2001 0.464545454545455 0.238641115637774 3.77499249175067
193 2002 0.51 0.497400988812173 4.76333617126573
197 1994 0.225909090909091 0.366273395701432 4.35821404570431
197 1995 0.271363636363636 0.349595746816507 4.27188855192368
197 1996 0.316818181818182 0.261744195487674 3.91596091518922
197 1997 0.362272727272727 0.4354149599894 4.5724587716265
197 1998 0.407727272727273 0.0836781385923471 3.18765108456683
197 1999 0.453181818181818 0.362810806592449 4.27811649690001
197 2000 0.498636363636364 0.132005549382137 3.35963769329353
197 2001 0.544090909090909 0.312780136138967 4.06234086365609
197 2002 0.589545454545455 0.25933134753849 3.82317646403403
198 1994 0.373636363636364 0.353005096621009 4.24173053384668
198 1995 0.419090909090909 0.386594675414706 4.37176554476249
198 1996 0.464545454545455 0.379559708104612 4.3311710466629
198 1997 0.51 0.153245433141682 3.42082299906933
198 1998 0.555454545454545 0.389967465026868 4.33277123572335
198 1999 0.600909090909091 0.257970064358883 3.82095673588261
198 2000 0.646363636363636 0.301288055201409 3.96480346456255
198 2001 0.691818181818182 0.370086593942518 4.20401139867897
198 2002 0.737272727272727 0.334841994425553 4.06159017230754
199 1994 0.532727272727273 0.790850867680178 5.89220353820348
199 1995 0.578181818181818 0.333119185275537 4.09030508877915
199 1996 0.623636363636364 0.395929965892939 4.32535805371953
199 1997 0.669090909090909 0.206967817847016 3.60364675919516
199 1998 0.714545454545455 0.11826963552158 3.23628760635677
199 1999 0.76 0.228807212879972 3.65159365121434
199 2000 0.805454545454545 0.218126505295248 3.59660983915337
199 2001 0.850909090909091 0.231027811792393 3.64535717913208
199 2002 0.896363636363636 0.335043027264351 4.00094867347145
201 1994 0.271363636363636 0.318182902124793 4.15002396692404
201 1995 0.316818181818182 0.146923029177321 3.47215319313669
201 1996 0.362272727272727 0.426847957956657 4.53218862346674
201 1997 0.407727272727273 0.339908172039585 4.184881342727
201 1998 0.453181818181818 0.187577493670831 3.58430441753343
201 1999 0.498636363636364 0.46648349914555 4.64386938142295
201 2000 0.544090909090909 0.381846573284242 4.29710208873389
201 2001 0.589545454545455 0.297275783569888 3.96009887016554
201 2002 0.635 0.504226937885986 4.75096966894665
205 1994 0.0554545454545455 0.321088971799043 4.2334534528462
205 1995 0.100909090909091 0.321818457080141 4.2075713574901
205 1996 0.146363636363636 0.433849303172356 4.62150970133823
205 1997 0.191818181818182 0.289079342131362 4.05601969761737
205 1998 0.237272727272727 0.3004047570842 4.08382191884912
205 1999 0.282727272727273 0.444091306806254 4.626765588142
205 2000 0.328181818181818 0.312847894112733 4.11243466203108
205 2001 0.373636363636364 0.256168703141333 3.88037588132472
205 2002 0.419090909090909 0.516904303220051 4.85779787043035
206 1994 0.0895454545454545 0.364874303223254 4.37849153021734
206 1995 0.135 0.271355659929688 3.99102201197929
206 1996 0.180454545454545 0.180442236919815 3.64611721914737
206 1997 0.225909090909091 0.270997650508246 3.97409160437137
206 1998 0.271363636363636 0.101559762407465 3.29067442072657
206 1999 0.316818181818182 0.13845057477465 3.43223258845101
206 2000 0.362272727272727 0.267443988933605 3.91760504850618
206 2001 0.407727272727273 0.491821755320283 4.78995743619128
206 2002 0.453181818181818 0.252647104038002 3.8337803100593
207 1994 0.112272727272727 0.401462862798783 4.52762315593282
207 1995 0.157727272727273 0.260519185861444 3.9615605496458
207 1996 0.203181818181818 0.426694505991532 4.59259195687865
207 1997 0.248636363636364 0.0950507735834506 3.29281235790054
207 1998 0.294090909090909 0.221727372929933 3.76854565514342
207 1999 0.339545454545455 0.108987387104442 3.32073279617665
207 2000 0.385 0.169485215752524 3.54844282087002
207 2001 0.430454545454545 0.228160051948208 3.74168914412382
207 2002 0.475909090909091 0.460084704583559 4.62499997821186
208 1994 0.169090909090909 0.226197340461279 3.82482988101613
208 1995 0.214545454545455 0.534017342461304 4.99516074774121
208 1996 0.26 0.111361261853922 3.3375157669673
208 1997 0.305454545454545 0.415519814631503 4.50507178091251
208 1998 0.350909090909091 0.433948115535172 4.5666265862265
208 1999 0.396363636363636 0.449463106489234 4.62489403860052
208 2000 0.441818181818182 0.26926497099568 3.90299702771511
208 2001 0.487272727272727 0.358655991243666 4.23947702734889
208 2002 0.532727272727273 0.207784229555973 3.63497899455399
210 1994 0.430454545454545 0.289298309314918 3.99232974575702
210 1995 0.475909090909091 0.272288041363436 3.92056778557764
210 1996 0.521363636363636 0.344617521695116 4.17067297773411
210 1997 0.566818181818182 0.130831163480721 3.33145239229661
210 1998 0.612272727272727 0.138254891834192 3.35906224316006
210 1999 0.657727272727273 0.53671032331321 4.87023083014729
210 2000 0.703181818181818 0.264414154945715 3.80129646611814
210 2001 0.748636363636364 0.379024313076102 4.22699246555918
210 2002 0.794090909090909 0.275472563670801 3.8357667328464
213 1994 0.135 0.419118812089511 4.56605641759997
213 1995 0.180454545454545 0.167046050559564 3.57783825964193
213 1996 0.225909090909091 0.286049625786949 4.02299721544782
213 1997 0.271363636363636 0.493191104400101 4.82581590879755
213 1998 0.316818181818182 0.700120346915209 5.59955372591623
213 1999 0.362272727272727 0.342488645112211 4.20383349457596
213 2000 0.407727272727273 0.418107862737249 4.49695123990135
213 2001 0.453181818181818 0.217493143350964 3.6969726357048
213 2002 0.498636363636364 0.403808654193344 4.41609139410879
214 1994 0.464545454545455 0.474906626306076 4.67235114424743
214 1995 0.51 0.342646109450568 4.16599373885365
214 1996 0.555454545454545 0.288805027986648 3.95028399372993
214 1997 0.600909090909091 0.273910534015304 3.86318862875423
214 1998 0.646363636363636 0.272822772679034 3.84775405818714
214 1999 0.691818181818182 0.294178974423292 3.91518515991962
214 2000 0.737272727272727 0.0825999036530007 3.09786387940465
214 2001 0.782727272727273 0.346085845019385 4.10059484691327
214 2002 0.828181818181818 0.258714684302897 3.76225642239711
215 1994 0.237272727272727 0.39679550866123 4.46373088212338
215 1995 0.282727272727273 0.265212107594116 3.94095914919578
215 1996 0.328181818181818 0.443492212347786 4.61944583098994
215 1997 0.373636363636364 0.302358155424453 4.03590611824906
215 1998 0.419090909090909 0.050401978290972 3.06660999338642
215 1999 0.464545454545455 0.142187750835489 3.40723209092422
215 2000 0.51 0.218952659574625 3.68043057895556
215 2001 0.555454545454545 0.239350327577893 3.75180185200578
215 2002 0.600909090909091 0.292935991466556 3.92898398800864
216 1994 0.578181818181818 0.333166691906511 4.12175431316051
216 1995 0.623636363636364 0.368847187443255 4.24906334911322
216 1996 0.669090909090909 0.447814298282976 4.53452195371364
216 1997 0.714545454545455 0.561338141698695 4.95101262249804
216 1998 0.76 0.49357476075751 4.67078078397869
216 1999 0.805454545454545 0.274161376051619 3.80131788323748
216 2000 0.850909090909091 0.389344601704704 4.24952669371531
216 2001 0.896363636363636 0.358209454868584 4.11083400354894
216 2002 0.941818181818182 0.237965194470123 3.63957795712147
217 1994 0.157727272727273 0.275792426959608 4.00270787679636
217 1995 0.203181818181818 0.502070762567332 4.86037566846507
217 1996 0.248636363636364 0.401396632720441 4.47116976031933
217 1997 0.294090909090909 0.522629779544001 4.93445361523827
217 1998 0.339545454545455 0.208632958149227 3.71266285585927
217 1999 0.385 0.385951540198635 4.37617824899473
217 2000 0.430454545454545 0.199315736381219 3.63875785636741
217 2001 0.475909090909091 0.312825859444534 4.06524982526081
217 2002 0.521363636363636 0.176924741595953 3.52938495440373
218 1994 0.612272727272727 0.236579278072469 3.73206329362679
218 1995 0.657727272727273 0.158808617726979 3.39243509428179
218 1996 0.703181818181818 0.32430892364745 4.01091814377798
218 1997 0.748636363636364 0.444394584516473 4.47091099707369
218 1998 0.794090909090909 0.392304432872686 4.26076889099318
218 1999 0.839545454545455 0.306601181799855 3.92810155436561
218 2000 0.885 0.144128380461278 3.28387679483224
218 2001 0.930454545454545 0.2615821614874 3.71631462990573
218 2002 0.975909090909091 0.303971933226517 3.86666768064179
219 1994 0.419090909090909 0.500503806502083 4.80423679795312
219 1995 0.464545454545455 0.335474133922111 4.14723911999147
219 1996 0.51 0.324912004830906 4.09422033189028
219 1997 0.555454545454545 0.602507766471106 5.15890367870898
219 1998 0.600909090909091 0.269409383775627 3.85533887522384
219 1999 0.646363636363636 0.39909168631717 4.34301646031884
219 2000 0.691818181818182 0.452569251534883 4.53626984828446
219 2001 0.737272727272727 0.304962076229857 3.92784712395698
219 2002 0.782727272727273 0.520752046904429 4.78295235875868
220 1994 0.339545454545455 0.369924011832915 4.32059412134002
220 1995 0.385 0.1423743884118 3.4262818619703
220 1996 0.430454545454545 0.489112283088611 4.75045759460901
220 1997 0.475909090909091 0.296250031498733 3.99068665668549
220 1998 0.521363636363636 0.259702165745011 3.82853132398061
220 1999 0.566818181818182 0.388305506288933 4.30673911845364
220 2000 0.612272727272727 0.220847112924456 3.65072881459145
220 2001 0.657727272727273 0.374235713717546 4.24332022546045
220 2002 0.703181818181818 0.614604881687737 5.13383078646212
221 1994 0.362272727272727 0.319692773301314 4.11104320978068
221 1995 0.407727272727273 0.359633945200443 4.23800551455398
221 1996 0.453181818181818 0.321456625901487 4.09938027327595
221 1997 0.498636363636364 0.153901433352404 3.4235159844307
221 1998 0.544090909090909 0.384450620032718 4.31080430610891
221 1999 0.589545454545455 0.398125446736272 4.35844093529589
221 2000 0.635 0.29044417574694 3.94225829320078
221 2001 0.680454545454545 0.36292060893225 4.18939480861601
221 2002 0.725909090909091 0.44035799299432 4.46415685077315
223 1994 0.407727272727273 0.233060625157398 3.77093739078381
223 1995 0.453181818181818 0.265235160551923 3.88147376014866
223 1996 0.498636363636364 0.453103491489644 4.59868937168833
223 1997 0.544090909090909 0.27202615761951 3.87529664292533
223 1998 0.589545454545455 0.37127763193175 4.24397864759248
223 1999 0.635 0.139323862782445 3.32908782717588
223 2000 0.680454545454545 0.417240331499957 4.39724171346006
223 2001 0.725909090909091 0.256023582028409 3.76773241023497
223 2002 0.771363636363636 0.30791023041492 3.94749975401194
224 1994 0.180454545454545 0.204230058710721 3.73335584957678
224 1995 0.225909090909091 0.260900019311309 3.92576915080242
224 1996 0.271363636363636 0.487856759492714 4.79097164750997
224 1997 0.316818181818182 0.205834196718071 3.69943231977675
224 1998 0.362272727272727 0.372051702017584 4.32839769738355
224 1999 0.407727272727273 0.23698614548959 3.78424969691925
224 2000 0.453181818181818 0.302335753248729 4.03342414314651
224 2001 0.498636363636364 0.415325900912159 4.46676569989869
224 2002 0.544090909090909 0.222971353490532 3.71141574435586
225 1994 0.475909090909091 0.194198695114534 3.60474987396573
225 1995 0.521363636363636 0.389131438197867 4.34190388677419
225 1996 0.566818181818182 0.207118161688986 3.63103279944656
225 1997 0.612272727272727 0.530878440689857 4.88144137428861
225 1998 0.657727272727273 0.210099593045495 3.61724946865
225 1999 0.703181818181818 0.380640074315565 4.24968255649538
225 2000 0.748636363636364 0.281093818589392 3.85044958990807
225 2001 0.794090909090909 0.31082333984646 3.95615788977879
225 2002 0.839545454545455 0.31460715179246 3.96103841952348
227 1994 0.282727272727273 0.30499847244089 4.09452847116587
227 1995 0.328181818181818 0.13789287770116 3.42208669104282
227 1996 0.373636363636364 0.217173705162828 3.71789303647068
227 1997 0.419090909090909 0.226258837899912 3.73793584106222
227 1998 0.464545454545455 0.215558293503805 3.69975351356609
227 1999 0.51 0.345421885136817 4.18003422756428
227 2000 0.555454545454545 0.459773556590252 4.60206944715903
227 2001 0.600909090909091 0.254951188164986 3.79755861499453
227 2002 0.646363636363636 0.311664565992049 3.99504225854687
228 1994 0.0781818181818182 0.456050009070427 4.74985019406012
228 1995 0.123636363636364 0.605451670327531 5.29947978593389
228 1996 0.169090909090909 0.366568163246863 4.34947986241719
228 1997 0.214545454545455 0.207106817253757 3.73886878325216
228 1998 0.26 0.200494508649819 3.70691713880237
228 1999 0.305454545454545 0.351514593847883 4.25195755124661
228 2000 0.350909090909091 0.422478990215887 4.54155691504502
228 2001 0.396363636363636 0.375835837260553 4.31463857491667
228 2002 0.441818181818182 0.291167108882668 3.98153292116789
230 1994 0.0440909090909091 0.205079429716601 3.76945128315563
230 1995 0.0895454545454545 0.253478349506637 3.93736655590407
230 1996 0.135 0.481729889389672 4.82225944782603
230 1997 0.180454545454545 0.437234284415033 4.64895033917799
230 1998 0.225909090909091 0.498552907975569 4.84967953496893
230 1999 0.271363636363636 0.191692568124983 3.64661098672782
230 2000 0.316818181818182 0.278331017446748 3.96501604735393
230 2001 0.362272727272727 0.336433117525339 4.18461045753905
230 2002 0.407727272727273 0.485715992019917 4.74078300823232
231 1994 0.282727272727273 0.427331204306587 4.55528593373819
231 1995 0.328181818181818 0.236086236825262 3.81113332040467
231 1996 0.373636363636364 0.265260786060043 3.90820283994809
231 1997 0.419090909090909 0.250393194797697 3.82249614755478
231 1998 0.464545454545455 0.395497953061865 4.40150308082238
231 1999 0.51 0.183093390577049 3.54856822212982
231 2000 0.555454545454545 0.117322308725813 3.26320772538579
231 2001 0.600909090909091 0.311579573327152 4.00827851471116
231 2002 0.646363636363636 0.0700375821270782 3.07459775793697
233 1994 0.146363636363636 0.256097000378676 3.93518906892975
233 1995 0.191818181818182 0.434326532958891 4.602792269415
233 1996 0.237272727272727 0.146861260489097 3.4774064849564
233 1997 0.282727272727273 0.245715360546792 3.86606711553158
233 1998 0.328181818181818 0.309202449570238 4.07560601764646
233 1999 0.373636363636364 0.435637218788915 4.57465526285684
233 2000 0.419090909090909 0.314885887355071 4.05828993882455
233 2001 0.464545454545455 0.230126423223648 3.72989843350217
233 2002 0.51 0.517977100238178 4.84215505383275
234 1994 0.555454545454545 0.401313435459781 4.36413653996674
234 1995 0.600909090909091 0.241294654305031 3.73505444310282
234 1996 0.646363636363636 0.0694477741782105 3.04949724110069
234 1997 0.691818181818182 0.240500619274718 3.70956255494033
234 1998 0.737272727272727 0.357944166790459 4.14705212904027
234 1999 0.782727272727273 0.258686231836325 3.74847441545831
234 2000 0.828181818181818 0.314813460855689 3.96251101436619
234 2001 0.873636363636364 0.226676396915215 3.6129072586126
234 2002 0.919090909090909 0.243358853471504 3.66140299798957
235 1994 0.305454545454545 0.275157875942997 3.98610701306768
235 1995 0.350909090909091 0.347179181105491 4.21991795292899
235 1996 0.396363636363636 0.283178686236999 3.96389950040555
235 1997 0.441818181818182 0.160265085199805 3.49000669545599
235 1998 0.487272727272727 0.327577626287967 4.12250658010783
235 1999 0.532727272727273 0.560277062710993 5.00634622067128
235 2000 0.578181818181818 0.252728377592655 3.77769784153205
235 2001 0.623636363636364 0.132746062067851 3.30145989369143
235 2002 0.669090909090909 0.203285020579284 3.58876278313838
236 1994 0.180454545454545 0.188814097290762 3.6785869542093
236 1995 0.225909090909091 0.300974669153013 4.10234004360685
236 1996 0.271363636363636 0.472400869033293 4.74645999793918
236 1997 0.316818181818182 0.263241857687823 3.90693776640834
236 1998 0.362272727272727 0.24349341210292 3.85290199133506
236 1999 0.407727272727273 0.294554217996548 3.99893589088505
236 2000 0.453181818181818 0.685977518986899 5.52393791925066
236 2001 0.498636363636364 0.463921471194979 4.63033073437124
236 2002 0.544090909090909 0.218042038923006 3.67635971584108
238 1994 0.169090909090909 0.1062446697068 3.34813407330163
238 1995 0.214545454545455 0.274011409228282 3.98332500563817
238 1996 0.26 0.317301200865882 4.15538512769036
238 1997 0.305454545454545 0.529015372997722 4.93231661375677
238 1998 0.350909090909091 0.533120493880575 4.95233125000483
238 1999 0.396363636363636 0.251271139633849 3.87586211890601
238 2000 0.441818181818182 0.394675841969311 4.38966098019925
238 2001 0.487272727272727 0.233348671868153 3.73551976791314
238 2002 0.532727272727273 0.424478852651314 4.48769587415066
240 1994 0.612272727272727 0.26412942941785 3.82865090264557
240 1995 0.657727272727273 0.341732704693155 4.12260864482777
240 1996 0.703181818181818 0.391985843728506 4.2865495337681
240 1997 0.748636363636364 0.19935791718388 3.54648095162104
240 1998 0.794090909090909 0.375647261439695 4.20174573317842
240 1999 0.839545454545455 0.234375018796236 3.65033385296463
240 2000 0.885 0.408551235775364 4.31171866623589
240 2001 0.930454545454545 0.525217357459527 4.73118026492514
240 2002 0.975909090909091 0.310847308304119 3.89372589552996
241 1994 0.282727272727273 0.216730711342085 3.74606636836928
241 1995 0.328181818181818 0.223774275936129 3.77132773623466
241 1996 0.373636363636364 0.167671675573053 3.53001839742154
241 1997 0.419090909090909 0.262726073380898 3.89351500309149
241 1998 0.464545454545455 0.287694842530908 3.96651306863822
241 1999 0.51 0.240241476920935 3.76275210993093
241 2000 0.555454545454545 0.322362643203252 4.06900952083638
241 2001 0.600909090909091 0.300655388800284 3.97048874013672
241 2002 0.646363636363636 0.322700216857349 4.03900448881406
242 1994 0.623636363636364 0.188300529190522 3.54231689177194
242 1995 0.669090909090909 0.182293320244665 3.49596754045955
242 1996 0.714545454545455 0.278554868831148 3.85505240001714
242 1997 0.76 0.159764758530598 3.36732553496247
242 1998 0.805454545454545 0.463347149430927 4.53319015849925
242 1999 0.850909090909091 0.32200155413001 3.98834816083158
242 2000 0.896363636363636 0.239678216010997 3.64081914066683
242 2001 0.941818181818182 0.346493552129844 4.05042967380069
242 2002 0.987272727272727 0.149995346355341 3.28399041412761
243 1994 0.0213636363636364 0.434599165999237 4.68068102722817
243 1995 0.0668181818181818 0.28448583897447 4.06223220153847
243 1996 0.112272727272727 0.290748523917576 4.080327655724
243 1997 0.157727272727273 0.428777210705996 4.57371310443181
243 1998 0.203181818181818 0.158305298896346 3.54706229820367
243 1999 0.248636363636364 0.3006556510804 4.0977468133173
243 2000 0.294090909090909 0.667221220815879 5.50324766617624
243 2001 0.339545454545455 0.373307498164205 4.3501282590903
243 2002 0.385 0.372470420567981 4.31342228639035
245 1994 0.487272727272727 0.434588922880007 4.52096801322129
245 1995 0.532727272727273 0.592832454010619 5.11367913365979
245 1996 0.578181818181818 0.307499954988649 4.00977114703791
245 1997 0.623636363636364 0.162958885838849 3.42995570622633
245 1998 0.669090909090909 0.394635703308405 4.3247180141077
245 1999 0.714545454545455 0.32362462577276 4.03236770551313
245 2000 0.76 0.436843112883898 4.44910674655059
245 2001 0.805454545454545 0.446753535469498 4.47598786487714
245 2002 0.850909090909091 0.0908236644014992 3.08790891776734
246 1994 0.430454545454545 0.339398388328557 4.18042322451677
246 1995 0.475909090909091 0.754511895453568 5.75675157100252
246 1996 0.521363636363636 0.303994690335347 3.99063760385835
246 1997 0.566818181818182 0.172083839350548 3.48719626971939
246 1998 0.612272727272727 0.128343287886071 3.29305523441521
246 1999 0.657727272727273 0.141511076386911 3.33694548594265
246 2000 0.703181818181818 0.491578828124632 4.68299519924731
246 2001 0.748636363636364 0.167509586473579 3.40666139474478
246 2002 0.794090909090909 0.0785313400242606 3.07028311400097
248 1994 0.01 0.457305268945467 4.76414042635796
248 1995 0.0554545454545455 0.378822695036312 4.45054181638902
248 1996 0.100909090909091 0.169757178630612 3.61864018278023
248 1997 0.146363636363636 0.621687248373941 5.37717138694975
248 1998 0.191818181818182 0.321914142179066 4.19700461720952
248 1999 0.237272727272727 0.404408516927619 4.49790071985751
248 2000 0.282727272727273 0.26475460449949 3.94231361607178
248 2001 0.328181818181818 0.275372702411799 3.97279513238045
248 2002 0.373636363636364 0.245030752844 3.82630296206117
249 1994 0.248636363636364 0.28712082653431 4.03423972896675
249 1995 0.294090909090909 0.587212395527777 5.18208145503043
249 1996 0.339545454545455 0.414074035537697 4.477568275243
249 1997 0.385 0.182949306806564 3.56914464257035
249 1998 0.430454545454545 0.334076975762142 4.14483408845949
249 1999 0.475909090909091 0.389110596727116 4.35675025687463
249 2000 0.521363636363636 0.370525581781006 4.27340375132232
249 2001 0.566818181818182 0.306375700888639 4.01884055026488
249 2002 0.612272727272727 0.305455694320694 3.98979831867293
252 1994 0.464545454545455 0.354542406027145 4.21494172489663
252 1995 0.51 0.284254127271456 3.94266037578035
252 1996 0.555454545454545 0.354574457108537 4.19495299541876
252 1997 0.600909090909091 0.286134342996466 3.91500675728787
252 1998 0.646363636363636 0.289674910069485 3.90399478022428
252 1999 0.691818181818182 0.247301603202986 3.73367317215704
252 2000 0.737272727272727 0.222135785741654 3.62987812607032
252 2001 0.782727272727273 0.435533118766307 4.42854043822366
252 2002 0.828181818181818 0.235815338193911 3.65518781214478
253 1994 0.248636363636364 0.200920839678153 3.71081676386317
253 1995 0.294090909090909 0.295051793590613 4.05374027108069
253 1996 0.339545454545455 0.191307231896436 3.62358003129244
253 1997 0.385 0.210862999751272 3.67949394944614
253 1998 0.430454545454545 0.262303919101887 3.87947284909646
253 1999 0.475909090909091 0.993186702000094 6.66984015404587
253 2000 0.521363636363636 0.357640646023224 4.23895375017846
253 2001 0.566818181818182 0.331208920057746 4.09461548442097
253 2002 0.612272727272727 0.396406648044367 4.34157333334921
254 1994 0.26 0.386208448235321 4.41239473006936
254 1995 0.305454545454545 0.242503575621616 3.84439215912478
254 1996 0.350909090909091 0.417473910480047 4.48755970937194
254 1997 0.396363636363636 0.265492084538926 3.90714253704222
254 1998 0.441818181818182 0.399762178088641 4.41352695752558
254 1999 0.487272727272727 0.339219912259844 4.1536321815409
254 2000 0.532727272727273 0.486964606312505 4.71952975791594
254 2001 0.578181818181818 0.335173451820023 4.10456816194809
254 2002 0.623636363636364 0.131194275144355 3.30766673039242
255 1994 0.430454545454545 0.110000755766415 3.29064806855349
255 1995 0.475909090909091 0.224041778707485 3.71450641271638
255 1996 0.521363636363636 0.0929991006565953 3.19189158444023
255 1997 0.566818181818182 0.141424708453981 3.35578041407496
255 1998 0.612272727272727 0.493119329300906 4.70904337477813
255 1999 0.657727272727273 0.168268030226518 3.43249912030727
255 2000 0.703181818181818 0.488687809818551 4.67040767552643
255 2001 0.748636363636364 0.0901042315821622 3.1053735596452
255 2002 0.794090909090909 0.179774384998496 3.44027805274017
256 1994 0.339545454545455 0.364479212836882 4.2961881470116
256 1995 0.385 0.0798332874678656 3.18325163028666
256 1996 0.430454545454545 0.267140696740994 3.90490657143318
256 1997 0.475909090909091 0.0973600535582243 3.24154015234791
256 1998 0.521363636363636 0.361106609181837 4.22782377443869
256 1999 0.566818181818182 0.0999865366859315 3.21129449016089
256 2000 0.612272727272727 0.378123666237366 4.26503006111673
256 2001 0.657727272727273 0.119339908190067 3.23625076602006
256 2002 0.703181818181818 0.252810175028388 3.75804004229811
257 1994 0.441818181818182 0.225470247581005 3.73261432369481
257 1995 0.487272727272727 0.466696241749972 4.65771667826531
257 1996 0.532727272727273 0.0503836514807934 3.01923024043739
257 1997 0.578181818181818 0.520039403514683 4.82288869248422
257 1998 0.623636363636364 0.645672613361038 5.31123468234155
257 1999 0.669090909090909 0.353828738071128 4.15335523778378
257 2000 0.714545454545455 0.377267116619007 4.24184174623458
257 2001 0.76 0.08422066004328 3.09241994260551
257 2002 0.805454545454545 0.18457981017394 3.47379878351667
259 1994 0.0327272727272727 0.513851790356056 4.96560745653248
259 1995 0.0781818181818182 0.153404566323533 3.57773646840549
259 1996 0.123636363636364 0.314091686278149 4.17939234741179
259 1997 0.169090909090909 0.305148137113755 4.1158495817574
259 1998 0.214545454545455 0.360856959464626 4.32032794373
259 1999 0.26 0.22326307422502 3.77071637514205
259 2000 0.305454545454545 0.174536327385428 3.57228380040746
259 2001 0.350909090909091 0.501759521631816 4.83676810018502
259 2002 0.396363636363636 0.211068010158734 3.68555310059486
260 1994 0.0895454545454545 0.361394081340293 4.36786228067678
260 1995 0.135 0.420540563534224 4.58695926775145
260 1996 0.180454545454545 0.353375005582938 4.31425401875359
260 1997 0.225909090909091 0.326293356375645 4.18269097684713
260 1998 0.271363636363636 0.243604664677221 3.85403135897664
260 1999 0.316818181818182 0.45379825451653 4.65211936566385
260 2000 0.362272727272727 0.430895080388524 4.53813166309925
260 2001 0.407727272727273 0.255637656266093 3.87326382035408
260 2002 0.453181818181818 0.362850658656739 4.25358502864524
261 1994 0.100909090909091 0.391985432731853 4.47759354196023
261 1995 0.146363636363636 0.474149636434568 4.7962110878635
261 1996 0.191818181818182 0.105671785190466 3.35482312326271
261 1997 0.237272727272727 0.429198622545097 4.5768051095903
261 1998 0.282727272727273 0.260779600711082 3.92204381238776
261 1999 0.328181818181818 0.401570677941721 4.44844986554379
261 2000 0.373636363636364 0.264464080036659 3.89436782835394
261 2001 0.419090909090909 0.434383434958644 4.54332186364208
261 2002 0.464545454545455 0.475225088331454 4.68996015360091
262 1994 0.248636363636364 0.384591781088784 4.40510662779647
262 1995 0.294090909090909 0.18135360169727 3.59370858411877
262 1996 0.339545454545455 0.421958443314257 4.5189864316036
262 1997 0.385 0.317386617701217 4.10743928822707
262 1998 0.430454545454545 0.771716108173307 5.84460331664445
262 1999 0.475909090909091 0.484081409636545 4.72212246279827
262 2000 0.521363636363636 0.282996467752377 3.93398866484515
262 2001 0.566818181818182 0.537677589764588 4.89544460374861
262 2002 0.612272727272727 0.465534235558198 4.60641994771817
263 1994 0.0668181818181818 0.293551823982797 4.11464652829272
263 1995 0.112272727272727 0.533711113443975 5.03861248090873
263 1996 0.157727272727273 0.374387762372911 4.37954180659227
263 1997 0.203181818181818 0.437995826195169 4.64030054715479
263 1998 0.248636363636364 0.238200333983137 3.83572589203479
263 1999 0.294090909090909 0.268144052633153 3.95179153525681
263 2000 0.339545454545455 0.307589905616136 4.08226020123615
263 2001 0.385 0.183510331470466 3.5892963131034
263 2002 0.430454545454545 0.374940180714125 4.3056913066948
