ID YEAR COMPANYAGE RnDEXPEND REVENUE
1 1994 0.441818181818182 0.470022213845634 4.68124942872153
1 1995 0.487272727272727 0.123655871658284 3.31947215531169
1 1996 0.532727272727273 0.17608490483863 3.50837826278183
1 1997 0.578181818181818 0.206715088545935 3.62034181058871
1 1998 0.623636363636364 0.109349145012769 3.23281288814245
1 1999 0.669090909090909 0.254166689946656 3.78119912042199
1 2000 0.714545454545455 0.192267858683389 3.52373584104161
1 2001 0.76 0.323093256669884 4.03629937741333
1 2002 0.805454545454545 0.373370248065952 4.18901650955577
2 1994 0.0327272727272727 0.480345822480505 4.84057777838254
2 1995 0.0781818181818182 0.444510130014373 4.69267897951761
2 1996 0.123636363636364 0.210456547578131 3.7737740085678
2 1997 0.169090909090909 0.208582751356843 3.76487673505259
2 1998 0.214545454545455 0.122071195825295 3.39927186582548
2 1999 0.26 0.362774918820845 4.31893785971033
2 2000 0.305454545454545 0.288789519533911 4.00735043125712
2 2001 0.350909090909091 0.364092238478523 4.31603764925333
2 2002 0.396363636363636 0.469354477242602 4.69279550054804
4 1994 0.521363636363636 0.167139561567184 3.47443491686523
4 1995 0.566818181818182 0.280843180452084 3.90168539926338
4 1996 0.612272727272727 0.0698452922988028 3.07821556518233
4 1997 0.657727272727273 0.404106504708537 4.36573616968051
4 1998 0.703181818181818 0.327178452832099 4.04652370052307
4 1999 0.748636363636364 0.14322347848924 3.30697503457961
4 2000 0.794090909090909 0.269891403693388 3.79873799414548
4 2001 0.839545454545455 0.196304317241263 3.49587785519331
4 2002 0.885 0.359686119258911 4.10172235779352
6 1994 0.225909090909091 0.465950022339014 4.74201417501343
6 1995 0.271363636363636 0.240033444083728 3.83805108800451
6 1996 0.316818181818182 0.197908001676817 3.66570520308642
6 1997 0.362272727272727 0.208754586833112 3.70233981984382
6 1998 0.407727272727273 0.206474066145671 3.69083286205638
6 1999 0.453181818181818 0.313770013228812 4.07668812365942
6 2000 0.498636363636364 0.590318019529356 5.13027510275426
6 2001 0.544090909090909 0.353768729046771 4.21201464142937
6 2002 0.589545454545455 0.344868071330379 4.13060097678558
7 1994 0.373636363636364 0.347234696853146 4.21733906440518
7 1995 0.419090909090909 0.422129745158325 4.49052163635328
7 1996 0.464545454545455 0.333843576444499 4.13913325883983
7 1997 0.51 0.244988089156063 3.78918400786464
7 1998 0.555454545454545 0.152151260339078 3.42445311919923
7 1999 0.600909090909091 0.528667432329439 4.86386837923752
7 2000 0.646363636363636 0.508516876652311 4.76846124409315
7 2001 0.691818181818182 0.406752059895831 4.36382404044545
7 2002 0.737272727272727 0.180175914183082 3.46657019163557
8 1994 0.01 0.507787933261717 4.93889614988167
8 1995 0.0554545454545455 0.437731506384838 4.66535206887052
8 1996 0.100909090909091 0.285904468629318 4.07260428026779
8 1997 0.146363636363636 0.315721414752373 4.17761804371605
8 1998 0.191818181818182 0.350822056129002 4.31612501067566
8 1999 0.237272727272727 0.499026770563358 4.85582971810063
8 2000 0.282727272727273 0.32806537990457 4.18995599671732
8 2001 0.328181818181818 0.0940128899358672 3.26974210600129
8 2002 0.373636363636364 0.250520695976274 3.85305060459894
10 1994 0.0440909090909091 0.397183885938543 4.517078342938
10 1995 0.0895454545454545 0.250830285489562 3.94677313006773
10 1996 0.135 0.30224858870797 4.11567918494202
10 1997 0.180454545454545 0.361962838367142 4.32992250188252
10 1998 0.225909090909091 0.402821849530872 4.48242685195651
10 1999 0.271363636363636 0.51995383301626 4.91491765930748
10 2000 0.316818181818182 0.314299592694853 4.12099023430066
10 2001 0.362272727272727 0.303549134090781 4.05291813263993
10 2002 0.407727272727273 0.326727398821642 4.13593234355294
11 1994 0.555454545454545 0.191212718274268 3.55958794102804
11 1995 0.600909090909091 0.358451403787387 4.18793536754061
11 1996 0.646363636363636 0.25373452893527 3.78752761152251
11 1997 0.691818181818182 0.309676940125261 3.97119799895851
11 1998 0.737272727272727 0.247488069539671 3.73579726778847
11 1999 0.782727272727273 0.393476055841962 4.28318922012745
11 2000 0.828181818181818 0.271324010518903 3.78990749416972
11 2001 0.873636363636364 0.409833540716644 4.31342981250279
11 2002 0.919090909090909 0.285661255831601 3.81208043207984
12 1994 0.0327272727272727 0.471953583653205 4.82615721623424
12 1995 0.0781818181818182 0.23664897312423 3.89329364151072
12 1996 0.123636363636364 0.283218587691945 4.05112400575908
12 1997 0.169090909090909 0.344942775130049 4.27420391396467
12 1998 0.214545454545455 0.261742626885114 3.95819190844587
12 1999 0.26 0.731837057162162 5.73859838783125
12 2000 0.305454545454545 0.331371939766024 4.18283216755924
12 2001 0.350909090909091 0.193473230728371 3.6416973420612
12 2002 0.396363636363636 0.250154155258657 3.82501749027647
13 1994 0.521363636363636 0.460461105333861 4.61654482119468
13 1995 0.566818181818182 0.313112368971057 4.03980861857901
13 1996 0.612272727272727 0.353600334253223 4.17453435850976
13 1997 0.657727272727273 0.55097441257202 4.90450520729181
13 1998 0.703181818181818 0.124142682300806 3.25615625211739
13 1999 0.748636363636364 0.457023265277467 4.55412001445619
13 2000 0.794090909090909 0.285297966059231 3.87195366894392
13 2001 0.839545454545455 0.415182663773836 4.32430082663897
13 2002 0.885 0.383407706009805 4.2121401598391
15 1994 0.350909090909091 0.209697521405822 3.6781119264721
15 1995 0.396363636363636 0.225196820779748 3.75214870344164
15 1996 0.441818181818182 0.148174549318773 3.44338414636587
15 1997 0.487272727272727 0.248608310552591 3.81758130421939
15 1998 0.532727272727273 0.425113818989599 4.46777499557899
15 1999 0.578181818181818 0.309782809610221 4.02755987566956
15 2000 0.623636363636364 0.461026242189177 4.58285476922477
15 2001 0.669090909090909 0.190500121575459 3.53086256733061
15 2002 0.714545454545455 0.342426611209626 4.08248895363859
16 1994 0.135 0.169998436518218 3.62372950670945
16 1995 0.180454545454545 0.248714873984862 3.89356688987684
16 1996 0.225909090909091 0.284820727044076 4.04150205768343
16 1997 0.271363636363636 0.296651532821601 4.06848540553225
16 1998 0.316818181818182 0.429027527009594 4.55702102757936
16 1999 0.362272727272727 0.15025423426767 3.45769675391442
16 2000 0.407727272727273 0.357700874266965 4.26293657295726
16 2001 0.453181818181818 0.390002455227898 4.36391417581194
16 2002 0.498636363636364 0.214464273081037 3.66416989840502
17 1994 0.646363636363636 0.501314603447249 4.74288015823569
17 1995 0.691818181818182 0.355314899407879 4.14951791780122
17 1996 0.737272727272727 0.402399828024633 4.31964872497189
17 1997 0.782727272727273 0.243857443578288 3.71441296410103
17 1998 0.828181818181818 0.291320836433729 3.86109038690917
17 1999 0.873636363636364 0.164204962855179 3.3661782605095
17 2000 0.919090909090909 0.250839656782769 3.69014538603903
17 2001 0.964545454545455 0.195832484600133 3.46824619524767
17 2002 1.01 0.472011299822575 4.5108368512275
18 1994 0.294090909090909 0.115731839700227 3.36258097070272
18 1995 0.339545454545455 0.293581738486031 4.03976073777858
18 1996 0.385 0.175215189371195 3.57610373453311
18 1997 0.430454545454545 0.158357482632068 3.4602236190417
18 1998 0.475909090909091 0.563372930387306 5.04573845235334
18 1999 0.521363636363636 0.188186443623162 3.56174569340387
18 2000 0.566818181818182 0.282787264763475 3.89822424914848
18 2001 0.612272727272727 0.0635488310803384 3.08335646084383
18 2002 0.657727272727273 0.415406938270041 4.39117154089711
19 1994 0.373636363636364 0.439381110447671 4.59017508778481
19 1995 0.419090909090909 0.44160700306796 4.56372597236255
19 1996 0.464545454545455 0.274568799634771 3.91002169428763
19 1997 0.51 0.364904571551938 4.2542059152386
19 1998 0.555454545454545 0.691135722645688 5.49814891919025
19 1999 0.600909090909091 0.286981766100047 3.91868714761751
19 2000 0.646363636363636 0.311622463375964 4.01889339483729
19 2001 0.691818181818182 0.309335896449934 3.97554519821481
19 2002 0.737272727272727 0.294102896854876 3.91358878332925
20 1994 0.441818181818182 0.20015189488721 3.62293512849154
20 1995 0.487272727272727 0.341536382422795 4.18077753093844
20 1996 0.532727272727273 0.19041114221929 3.562486900244
20 1997 0.578181818181818 0.443681050111795 4.52850377689309
20 1998 0.623636363636364 0.0645022320905725 3.05033001728966
20 1999 0.669090909090909 0.171385003133074 3.45739449931853
20 2000 0.714545454545455 0.460100316721926 4.54288298248375
20 2001 0.76 0.435100335231404 4.44193854653464
20 2002 0.805454545454545 0.332896163399356 4.03471910843368
21 1994 0.578181818181818 0.104048753566076 3.22088010549663
21 1995 0.623636363636364 0.538549189681024 4.89840923439137
21 1996 0.669090909090909 0.374700829918023 4.25750930149765
21 1997 0.714545454545455 0.318771962430028 4.01470255961948
21 1998 0.76 0.223886810336278 3.62878106417425
21 1999 0.805454545454545 0.289979015394507 3.87940537422028
21 2000 0.850909090909091 0.358417202633006 4.13372261463137
21 2001 0.896363636363636 0.405583094903007 4.29429060197391
21 2002 0.941818181818182 0.2945759278509 3.86044044292362
25 1994 0.237272727272727 0.397642649136053 4.46138961592764
25 1995 0.282727272727273 0.161742392898675 3.54019145986136
25 1996 0.328181818181818 0.305761805322025 4.08026577271927
25 1997 0.373636363636364 0.107391424244742 3.30506373242562
25 1998 0.419090909090909 0.448230360737648 4.61107708210954
25 1999 0.464545454545455 0.336346812294635 4.14476682558228
25 2000 0.51 0.390561153109648 4.3231396671462
25 2001 0.555454545454545 0.914846538561321 6.33458058483798
25 2002 0.600909090909091 0.301307612182331 3.97967638808904
26 1994 0.294090909090909 0.232155155208188 3.80090389691944
26 1995 0.339545454545455 0.157215360892555 3.50699442747665
26 1996 0.385 0.278720575769783 3.96045147865305
26 1997 0.430454545454545 0.229666167109696 3.75390828997956
26 1998 0.475909090909091 0.297597463028768 4.00573856751311
26 1999 0.521363636363636 0.413010501662607 4.45910690984451
26 2000 0.566818181818182 0.547054243724738 4.91516375088229
26 2001 0.612272727272727 0.53312410347 4.87692586329784
26 2002 0.657727272727273 0.119344536303765 3.25645570644955
27 1994 0.555454545454545 0.218771637884332 3.65862905461293
27 1995 0.600909090909091 0.214664526045129 3.65243802979241
27 1996 0.646363636363636 0.553535390456448 4.95479592128672
27 1997 0.691818181818182 0.545819966529653 4.9150951172286
27 1998 0.737272727272727 0.278667135407842 3.86242950669719
27 1999 0.782727272727273 0.364703814595578 4.15503873356453
27 2000 0.828181818181818 0.135905253176986 3.27478912903608
27 2001 0.873636363636364 0.195266062506267 3.48523551382191
27 2002 0.919090909090909 0.271535812359232 3.7627463359517
29 1994 0.180454545454545 0.174110152826491 3.63112665268786
29 1995 0.225909090909091 0.301052527898184 4.10654440872438
29 1996 0.271363636363636 0.298973829616941 4.08767745167316
29 1997 0.316818181818182 0.223162035590517 3.76855902970512
29 1998 0.362272727272727 0.278835626607797 3.96889214714708
29 1999 0.407727272727273 0.24457448177172 3.81614726518662
29 2000 0.453181818181818 0.297190713165418 4.01505071643715
29 2001 0.498636363636364 0.317029575085347 4.06487050749214
29 2002 0.544090909090909 0.638146424427923 5.27068075473254
30 1994 0.135 0.353779074925344 4.32293234820087
30 1995 0.180454545454545 0.296109108746187 4.09294860249668
30 1996 0.225909090909091 0.245811518184752 3.87122289752318
30 1997 0.271363636363636 0.2839761766357 4.01155217890237
30 1998 0.316818181818182 0.458079110922988 4.67367608293299
30 1999 0.362272727272727 0.351531194992568 4.24302297095382
30 2000 0.407727272727273 0.369558587502403 4.30608553964096
30 2001 0.453181818181818 0.498060239136351 4.78958149322215
30 2002 0.498636363636364 0.339155264710449 4.15847312507185
31 1994 0.464545454545455 0.258178448257049 3.85379964057367
31 1995 0.51 0.317161191148272 4.0856782527686
31 1996 0.555454545454545 0.42027957251783 4.43198829788089
31 1997 0.600909090909091 0.308943341748846 4.00413819584533
31 1998 0.646363636363636 0.180999857436748 3.49833524043147
31 1999 0.691818181818182 0.359289270324822 4.16531230525121
31 2000 0.737272727272727 0.291031857894943 3.88502974294581
31 2001 0.782727272727273 0.258281708237901 3.77115042508107
31 2002 0.828181818181818 0.419996232444717 4.36682870498233
32 1994 0.589545454545455 0.235831132145243 3.72711989267177
32 1995 0.635 0.427762499522199 4.45775959134426
32 1996 0.680454545454545 0.343215854094375 4.13357907180704
32 1997 0.725909090909091 0.274476380775261 3.84569361089071
32 1998 0.771363636363636 0.489557305198963 4.6467603506733
32 1999 0.816818181818182 0.457332316767637 4.49916543071975
32 2000 0.862272727272727 0.24385567288048 3.68622107814662
32 2001 0.907727272727273 0.41496367537558 4.32303408185555
32 2002 0.953181818181818 0.206473826699833 3.50307923188558
36 1994 0.100909090909091 0.454548148236065 4.71045686303084
36 1995 0.146363636363636 0.505703322449325 4.91242343633479
36 1996 0.191818181818182 0.386174197481234 4.4302462350475
36 1997 0.237272727272727 0.187404834979628 3.65536059465828
36 1998 0.282727272727273 0.537620930908226 4.97680920612377
36 1999 0.328181818181818 0.489780917584947 4.80249079681293
36 2000 0.373636363636364 0.149823874770513 3.4661304378508
36 2001 0.419090909090909 0.574035865741017 5.08129906495206
36 2002 0.464545454545455 0.189256642749437 3.59121266222565
37 1994 0.578181818181818 0.458830897358217 4.59412949243467
37 1995 0.623636363636364 0.546081566029863 4.93426681628738
37 1996 0.669090909090909 0.267257104570529 3.82466915633572
37 1997 0.714545454545455 0.30815989917555 3.9774488049238
37 1998 0.76 0.255838013325955 3.74296965299215
37 1999 0.805454545454545 0.601367076857256 5.07172570395368
37 2000 0.850909090909091 0.477873379211189 4.57782398332263
37 2001 0.896363636363636 0.346994814389375 4.0483212895055
37 2002 0.941818181818182 0.31320741502797 3.91724005744352
40 1994 0.521363636363636 0.35424379135657 4.19421257678814
40 1995 0.566818181818182 0.435508675063558 4.51286078284345
40 1996 0.612272727272727 0.104948841845575 3.19816740587425
40 1997 0.657727272727273 0.153019191574518 3.36793952865432
40 1998 0.703181818181818 0.650886233786205 5.28794698913574
40 1999 0.748636363636364 0.588219507762885 5.03969694379756
40 2000 0.794090909090909 0.489344856801826 4.64158649680565
40 2001 0.839545454545455 0.535689655490352 4.80814697997524
40 2002 0.885 0.152763227576979 3.31313033408509
41 1994 0.521363636363636 0.334132798920396 4.12673104498831
41 1995 0.566818181818182 0.125114713812563 3.28372902994896
41 1996 0.612272727272727 0.515570003153361 4.79680316556382
41 1997 0.657727272727273 0.161027215097429 3.41778550249546
41 1998 0.703181818181818 0.335051422279776 4.08417546222726
41 1999 0.748636363636364 0.348361762474535 4.10757483143431
41 2000 0.794090909090909 0.346179472172119 4.09224809649249
41 2001 0.839545454545455 0.442773507471367 4.44379168639676
41 2002 0.885 0.366380611193119 4.13006323115866
42 1994 0.271363636363636 0.236601921899187 3.81566177164196
42 1995 0.316818181818182 0.346131166030476 4.23602639960584
42 1996 0.362272727272727 0.30353736916964 4.05518738436677
42 1997 0.407727272727273 0.213854736018951 3.70323358388408
42 1998 0.453181818181818 0.200388458249143 3.62059723613415
42 1999 0.498636363636364 0.162630375554596 3.46814221260855
42 2000 0.544090909090909 0.306933588424827 4.0256686621525
42 2001 0.589545454545455 0.315457513020029 4.03132075021423
42 2002 0.635 0.53004456758245 4.87313231200641
43 1994 0.169090909090909 0.359600731804922 4.32310698213031
43 1995 0.214545454545455 0.634317843894436 5.37127519824058
43 1996 0.26 0.249544321208047 3.87683018301702
43 1997 0.305454545454545 0.20120861832296 3.67592343353282
43 1998 0.350909090909091 0.227247680007145 3.77333316370425
43 1999 0.396363636363636 0.214330345235828 3.71578184932029
43 2000 0.441818181818182 0.104350125670975 3.28203034282464
43 2001 0.487272727272727 0.322085284621378 4.08467671491252
43 2002 0.532727272727273 0.250433049217401 3.82577215950781
45 1994 0.566818181818182 0.217671883423177 3.67788477863681
45 1995 0.612272727272727 0.221399080931405 3.65490434985304
45 1996 0.657727272727273 0.190550244590411 3.53443799034753
45 1997 0.703181818181818 0.125524274746396 3.25812063028783
45 1998 0.748636363636364 0.214054526275845 3.60219398078884
45 1999 0.794090909090909 0.295413987253143 3.88452331517208
45 2000 0.839545454545455 0.28541221351605 3.83728851371917
45 2001 0.885 0.183911144739103 3.43263489556767
45 2002 0.930454545454545 0.389289404764022 4.22323368603469
47 1994 0.646363636363636 0.305044779995816 3.98220667150883
47 1995 0.691818181818182 0.155010326060688 3.3856611080699
47 1996 0.737272727272727 0.429510839191906 4.43480517061046
47 1997 0.782727272727273 0.776054549605787 5.76037830104383
47 1998 0.828181818181818 0.169693096679784 3.38735479856861
47 1999 0.873636363636364 0.216781243252285 3.58248808287768
47 2000 0.919090909090909 0.406274872231284 4.29111210721718
47 2001 0.964545454545455 0.461382544991798 4.48117267211366
47 2002 1.01 0.307009955903854 3.86818684753384
49 1994 0.441818181818182 0.407583267486765 4.44664891274747
49 1995 0.487272727272727 0.288387905085264 3.98409378139077
49 1996 0.532727272727273 0.415660336641797 4.43346226706266
49 1997 0.578181818181818 0.258089729735097 3.80768097587098
49 1998 0.623636363636364 0.422643443963384 4.44538501688192
49 1999 0.669090909090909 0.247219034390777 3.73607324337695
49 2000 0.714545454545455 0.320629146229929 4.01858161491172
49 2001 0.76 0.490246155992645 4.64125844806014
49 2002 0.805454545454545 0.353539389481864 4.12372050106141
50 1994 0.385 0.18508920251009 3.59919358998957
50 1995 0.430454545454545 0.201748297710241 3.63362698042909
50 1996 0.475909090909091 0.175424753453946 3.53837291887054
50 1997 0.521363636363636 0.223559885381394 3.70496827715403
50 1998 0.566818181818182 0.317002671578814 4.04331386566733
50 1999 0.612272727272727 0.416416092610287 4.42266219724694
50 2000 0.657727272727273 0.262348781058127 3.82347018139909
50 2001 0.703181818181818 0.312638426248513 3.98284469944213
50 2002 0.748636363636364 0.342436351026547 4.10157578817417
53 1994 0.396363636363636 0.401686781356377 4.44283263345385
53 1995 0.441818181818182 0.421951486406622 4.49414408472052
53 1996 0.487272727272727 0.481937732051818 4.70041767553491
53 1997 0.532727272727273 0.447342054395551 4.56370609592837
53 1998 0.578181818181818 0.344155355255456 4.13999837797123
53 1999 0.623636363636364 0.346070098600151 4.14269744378255
53 2000 0.669090909090909 0.340822477586903 4.09986057589406
53 2001 0.714545454545455 0.146389247731716 3.34069366368522
53 2002 0.76 0.332670792609639 4.05407373784438
55 1994 0.237272727272727 0.398191775257396 4.45114036868902
55 1995 0.282727272727273 0.380689365688093 4.39413503858193
55 1996 0.328181818181818 0.383688126452581 4.36219245455962
55 1997 0.373636363636364 0.299218063233182 4.05599345134482
55 1998 0.419090909090909 0.225530367767134 3.74442869374648
55 1999 0.464545454545455 0.578507487991407 5.08257120539801
55 2000 0.51 0.50568604063629 4.78889075384312
55 2001 0.555454545454545 0.679858635600786 5.44756697299467
55 2002 0.600909090909091 0.272594816856424 3.87126058835202
56 1994 0.203181818181818 0.432266860123951 4.59411697597039
56 1995 0.248636363636364 0.167917966151184 3.57494535365429
56 1996 0.294090909090909 0.386558732513657 4.400033631107
56 1997 0.339545454545455 0.540332697853721 4.97935950512233
56 1998 0.385 0.267173054962132 3.89764887206029
56 1999 0.430454545454545 0.188145275911972 3.58426346544737
56 2000 0.475909090909091 0.240653228462612 3.78904123075881
56 2001 0.521363636363636 0.244922687774848 3.77636059795782
56 2002 0.566818181818182 0.31194165864574 4.02573479240611
57 1994 0.589545454545455 0.259167393490316 3.80540512428366
57 1995 0.635 0.314374296800518 4.00946269005796
57 1996 0.680454545454545 0.227869751543036 3.66542582787159
57 1997 0.725909090909091 0.228489086821498 3.66666766933516
57 1998 0.771363636363636 0.255918391142442 3.75725376695824
57 1999 0.816818181818182 0.428523987455698 4.41298228660206
57 2000 0.862272727272727 0.392722592633945 4.23757647631703
57 2001 0.907727272727273 0.376974858161402 4.1810830994851
57 2002 0.953181818181818 0.160167475918484 3.32258609761457
60 1994 0.578181818181818 0.295610826300994 3.97763405602644
60 1995 0.623636363636364 0.309162518255129 4.01252152050768
60 1996 0.669090909090909 0.645186827491727 5.28662526347116
60 1997 0.714545454545455 0.318419656048758 4.02202394234374
60 1998 0.76 0.50381146407645 4.69851220755724
60 1999 0.805454545454545 0.184528438987666 3.46480756012107
60 2000 0.850909090909091 0.323377142917417 3.98789494109448
60 2001 0.896363636363636 0.316140937816276 3.94464228346883
60 2002 0.941818181818182 0.204833145210614 3.48166552627666
62 1994 0.623636363636364 0.278967981091356 3.87785678746674
62 1995 0.669090909090909 0.229948235586554 3.68249845144518
62 1996 0.714545454545455 0.338946228790004 4.08737496131236
62 1997 0.76 0.237207493213348 3.6837383058757
62 1998 0.805454545454545 0.357552585913337 4.1318858399944
62 1999 0.850909090909091 0.37756451543491 4.20731869618869
62 2000 0.896363636363636 0.306106686683161 3.90940651323442
62 2001 0.941818181818182 0.32778673402653 3.96392746747338
62 2002 0.987272727272727 0.491156599088145 4.60512212361425
63 1994 0.0668181818181818 0.279394798953774 4.06322482942295
63 1995 0.112272727272727 0.377972737553072 4.41989196548036
63 1996 0.157727272727273 0.27906522248374 4.04830501583252
63 1997 0.203181818181818 0.177504822333096 3.62251593056991
63 1998 0.248636363636364 0.442562513122467 4.62596062465725
63 1999 0.294090909090909 0.489652614733653 4.80150274914346
63 2000 0.339545454545455 0.296646897228972 4.03153137402113
63 2001 0.385 0.287264030953988 3.99111893144169
63 2002 0.430454545454545 0.110624494214025 3.29520505642786
65 1994 0.328181818181818 0.2826674205847 4.00283959078059
65 1995 0.373636363636364 0.474445340680526 4.71096745905743
65 1996 0.419090909090909 0.361540145794377 4.25825333165224
65 1997 0.464545454545455 0.204557191104479 3.66073279455674
65 1998 0.51 0.433662286313989 4.52093784837735
65 1999 0.555454545454545 0.320152140570509 4.07058039157627
65 2000 0.600909090909091 0.440991807071996 4.50884948779191
65 2001 0.646363636363636 0.201327155299729 3.56669893219016
65 2002 0.691818181818182 0.346089476283624 4.10866898897171
67 1994 0.237272727272727 0.156629737472587 3.54170815577409
67 1995 0.282727272727273 0.178273063044846 3.60638280714997
67 1996 0.328181818181818 0.268490858547323 3.92808939715225
67 1997 0.373636363636364 0.216851440149344 3.70043652274372
67 1998 0.419090909090909 0.46161392089481 4.65158592115334
67 1999 0.464545454545455 0.241859983106347 3.76711466643764
67 2000 0.51 0.266643767998336 3.89058132978615
67 2001 0.555454545454545 0.184762381450358 3.53636217989805
67 2002 0.600909090909091 0.293860193265599 3.93911877995297
68 1994 0.555454545454545 0.204793014160624 3.63984616419912
68 1995 0.600909090909091 0.486592962372395 4.71238778235531
68 1996 0.646363636363636 0.492600105756949 4.69519312420763
68 1997 0.691818181818182 0.400446133235665 4.31836117904353
68 1998 0.737272727272727 0.406713658459406 4.33956299198915
68 1999 0.782727272727273 0.341232942394343 4.07743103714676
68 2000 0.828181818181818 0.514758715098213 4.72725009866745
68 2001 0.873636363636364 0.428828589346237 4.38761823152796
68 2002 0.919090909090909 0.367906578296982 4.13113389207212
69 1994 0.328181818181818 0.641368907341691 5.3481380901722
69 1995 0.373636363636364 0.174503309446627 3.55652296624013
69 1996 0.419090909090909 0.601458166042297 5.19811333912784
69 1997 0.464545454545455 0.329752982841735 4.1344216548416
69 1998 0.51 0.288485109452149 3.95491516861564
69 1999 0.555454545454545 0.305767154536648 4.00435354212109
69 2000 0.600909090909091 0.404140441339815 4.38596194070017
69 2001 0.646363636363636 0.481009043597954 4.66351846775102
69 2002 0.691818181818182 0.581813457453834 5.05050921126191
70 1994 0.169090909090909 0.413012927259537 4.55070019689726
70 1995 0.214545454545455 0.104371797423001 3.33193493277386
70 1996 0.26 0.0810811416340993 3.22702778515844
70 1997 0.305454545454545 0.260329610297272 3.91095909547131
70 1998 0.350909090909091 0.366826429507123 4.32140771577765
70 1999 0.396363636363636 0.337881461979271 4.19023607585898
70 2000 0.441818181818182 0.490137503927845 4.72257281588259
70 2001 0.487272727272727 0.291204185659424 3.98019217333289
70 2002 0.532727272727273 0.136728058412891 3.36108838945717
71 1994 0.191818181818182 0.334696129298975 4.21590630830655
71 1995 0.237272727272727 0.666929173727204 5.4935101484387
71 1996 0.282727272727273 0.210267580256467 3.7231873836057
71 1997 0.328181818181818 0.275400228716221 3.96365840075246
71 1998 0.373636363636364 0.31916905653847 4.13029317351432
71 1999 0.419090909090909 0.473174588273527 4.69412332139192
71 2000 0.464545454545455 0.329261852810308 4.11645735356375
71 2001 0.51 0.140078990387596 3.38795290222238
71 2002 0.555454545454545 0.50082901892146 4.74246345335251
72 1994 0.521363636363636 0.452356436539898 4.56571235330666
72 1995 0.566818181818182 0.323297347422602 4.06862568696771
72 1996 0.612272727272727 0.164949259532737 3.44077369137895
72 1997 0.657727272727273 0.275811756710844 3.84529129009629
72 1998 0.703181818181818 0.36490808497774 4.17679716342485
72 1999 0.748636363636364 0.553233656020553 4.91641179747086
72 2000 0.794090909090909 0.330815888938009 4.0288163604848
72 2001 0.839545454545455 0.121816444793012 3.21276635455495
72 2002 0.885 0.391379386167222 4.24265949736476
74 1994 0.555454545454545 0.298250720214847 3.96500777074566
74 1995 0.600909090909091 0.273159532273117 3.87574412238252
74 1996 0.646363636363636 0.471258517514366 4.60953914017532
74 1997 0.691818181818182 0.162386637028227 3.40461879015366
74 1998 0.737272727272727 0.307390391034081 3.95526936156835
74 1999 0.782727272727273 0.152964271847593 3.32826211017382
74 2000 0.828181818181818 0.303343793273077 3.90796720381345
74 2001 0.873636363636364 0.350039644569406 4.09952804697161
74 2002 0.919090909090909 0.146322681372494 3.27531461703736
75 1994 0.350909090909091 0.305507715540992 4.0860683694259
75 1995 0.396363636363636 0.157061250075258 3.49949783891583
75 1996 0.441818181818182 0.370167295779236 4.29273217897694
75 1997 0.487272727272727 0.338543478320191 4.16150166391811
75 1998 0.532727272727273 0.172254567500911 3.47981230272921
75 1999 0.578181818181818 0.497466643467432 4.73820585222639
75 2000 0.623636363636364 0.248243609776299 3.77276608080133
75 2001 0.669090909090909 0.212497701802149 3.59766571253889
75 2002 0.714545454545455 0.150145302732619 3.35350612533808
78 1994 0.566818181818182 0.487228964096733 4.70063055754536
78 1995 0.612272727272727 0.0921431144472106 3.1526014518532
78 1996 0.657727272727273 0.259652291321278 3.79940359597961
78 1997 0.703181818181818 0.366820958778435 4.19683210457473
78 1998 0.748636363636364 0.358368756182885 4.15555393518391
78 1999 0.794090909090909 0.466307126905529 4.55140546417225
78 2000 0.839545454545455 0.146434671883638 3.31368111894413
78 2001 0.885 0.221040868861027 3.55618961020596
78 2002 0.930454545454545 0.430838646451362 4.36495329255044
79 1994 0.26 0.276368345359542 3.99575924106749
79 1995 0.305454545454545 0.239724212911277 3.83963041373446
79 1996 0.350909090909091 0.631913501584501 5.34827350041414
79 1997 0.396363636363636 0.22768860374727 3.76833105990458
79 1998 0.441818181818182 0.434557988096774 4.54751123208378
79 1999 0.487272727272727 0.671433985999284 5.44427695762012
79 2000 0.532727272727273 0.234028156184613 3.72761653079544
79 2001 0.578181818181818 0.4502832305588 4.55129566017628
79 2002 0.623636363636364 0.203103356553841 3.57591616526311
81 1994 0.566818181818182 0.398249695794411 4.37646013869308
81 1995 0.612272727272727 0.452666414787865 4.55846307107021
81 1996 0.657727272727273 0.183574243462421 3.50116803027296
81 1997 0.703181818181818 0.185260527985154 3.49241542398247
81 1998 0.748636363636364 0.387921074515253 4.25640498454065
81 1999 0.794090909090909 0.378310345089688 4.22021588126099
81 2000 0.839545454545455 0.23047288302145 3.61960405067641
81 2001 0.885 0.192768640565367 3.46352855279805
81 2002 0.930454545454545 0.156437071748687 3.33721895333352
83 1994 0.146363636363636 0.371932718215366 4.39475478670681
83 1995 0.191818181818182 0.487199508274707 4.80381161865647
83 1996 0.237272727272727 0.383730125436621 4.41136515577116
83 1997 0.282727272727273 0.274271113946558 3.9805710512324
83 1998 0.328181818181818 0.506158933731058 4.84197059289827
83 1999 0.373636363636364 0.145455930151946 3.43757119259345
83 2000 0.419090909090909 0.31834377062468 4.10061467582745
83 2001 0.464545454545455 0.232005162455119 3.76498197410594
83 2002 0.51 0.422888611705373 4.47402021350513
84 1994 0.498636363636364 0.405480410103878 4.40339478367988
84 1995 0.544090909090909 0.301326356480619 3.99538247115133
84 1996 0.589545454545455 0.434653948864231 4.51624584654415
84 1997 0.635 0.330786866650605 4.08184972965686
84 1998 0.680454545454545 0.153113975383198 3.37321143575097
84 1999 0.725909090909091 0.194953546515697 3.53017198131291
84 2000 0.771363636363636 0.289953583551924 3.88860995153298
84 2001 0.816818181818182 0.308507741502103 3.93191906205526
84 2002 0.862272727272727 0.227408435979779 3.61051235525454
86 1994 0.646363636363636 0.299507299164784 3.9624011273264
86 1995 0.691818181818182 0.465584132833527 4.5879635084453
86 1996 0.737272727272727 0.372794022553284 4.21895877294803
86 1997 0.782727272727273 0.430425710864105 4.42545128539671
86 1998 0.828181818181818 0.331012629871938 4.01675966640695
86 1999 0.873636363636364 0.564452946033915 4.91620433676776
86 2000 0.919090909090909 0.351554107650661 4.09042871466591
86 2001 0.964545454545455 0.26585856985377 3.72981588018343
86 2002 1.01 0.412495753835636 4.2845550447129
87 1994 0.544090909090909 0.217053380726031 3.66214336071571
87 1995 0.589545454545455 0.198166305484768 3.59996742758626
87 1996 0.635 0.266104382266082 3.83122456774106
87 1997 0.680454545454545 0.072928756531585 3.07321065217103
87 1998 0.725909090909091 0.236755741429207 3.70992462305799
87 1999 0.771363636363636 0.112471431101056 3.18993927569543
87 2000 0.816818181818182 0.19281117590937 3.49683113120942
87 2001 0.862272727272727 0.168931833347794 3.38072789023653
87 2002 0.907727272727273 0.32716256354898 3.99549126788047
89 1994 0.566818181818182 0.528379873925889 4.84703768552041
89 1995 0.612272727272727 0.159287952076187 3.41926434760886
89 1996 0.657727272727273 0.168576043849704 3.46437885542746
89 1997 0.703181818181818 0.432141732800807 4.43573758373823
89 1998 0.748636363636364 0.357204602876217 4.15555264785851
89 1999 0.794090909090909 0.350774354232901 4.12053709701857
89 2000 0.839545454545455 0.174279245668127 3.40805922654236
89 2001 0.885 0.342886773014465 4.03349894819384
89 2002 0.930454545454545 0.465263012173029 4.50196088877409
90 1994 0.203181818181818 0.355703602391196 4.31557512517296
90 1995 0.248636363636364 0.357525050878364 4.28244243486953
90 1996 0.294090909090909 0.579155454825282 5.14470739279425
90 1997 0.339545454545455 0.299351377538324 4.05048434181952
90 1998 0.385 0.128461969048301 3.38586567968449
90 1999 0.430454545454545 0.216074458789073 3.69501009081768
90 2000 0.475909090909091 0.387965032385226 4.35532120170233
90 2001 0.521363636363636 0.535782986150928 4.91888143284846
90 2002 0.566818181818182 0.54195863799236 4.9241755732566
91 1994 0.214545454545455 0.441834515217258 4.64190083402542
91 1995 0.26 0.110622446192109 3.34275778104829
91 1996 0.305454545454545 0.387245838826708 4.38866301541103
91 1997 0.350909090909091 0.68802325647086 5.55004660852694
91 1998 0.396363636363636 0.207719236295619 3.67917677115563
91 1999 0.441818181818182 0.405571713220644 4.42632110957192
91 2000 0.487272727272727 0.493489163853088 4.75386933263079
91 2001 0.532727272727273 0.267244516262086 3.87027821267551
91 2002 0.578181818181818 0.333844604100265 4.09903224309502
93 1994 0.01 0.19235479629804 3.73848589158266
93 1995 0.0554545454545455 0.177874906048737 3.67566347148404
93 1996 0.100909090909091 0.235447586848472 3.88134037593086
93 1997 0.146363636363636 0.0625653619972763 3.1997054252626
93 1998 0.191818181818182 0.409623122726589 4.51683277011035
93 1999 0.237272727272727 0.56937867175027 5.12104123886896
93 2000 0.282727272727273 0.135724975685676 3.4263178820189
93 2001 0.328181818181818 0.221412669112728 3.75096798060969
93 2002 0.373636363636364 0.158977369706315 3.50090954468873
94 1994 0.316818181818182 0.190609274413944 3.6468131446145
94 1995 0.362272727272727 0.486176107294992 4.75968454154704
94 1996 0.407727272727273 0.38037007426839 4.33959786676232
94 1997 0.453181818181818 0.440923235265755 4.56702687659448
94 1998 0.498636363636364 0.25975077951947 3.85562253187112
94 1999 0.544090909090909 0.424783356632377 4.46468206328876
94 2000 0.589545454545455 0.15551235642477 3.42251199419475
94 2001 0.635 0.409559776277189 4.39456429299923
94 2002 0.680454545454545 0.252677124160399 3.77387059786486
96 1994 0.0213636363636364 0.602938748118832 5.31601597288692
96 1995 0.0668181818181818 0.441959107967795 4.67703115638358
96 1996 0.112272727272727 0.306734317365505 4.13456063036954
96 1997 0.157727272727273 0.796373957045983 6.03457872605077
96 1998 0.203181818181818 0.124479574741294 3.41140808905794
96 1999 0.248636363636364 0.358080934301112 4.29537835653878
96 2000 0.294090909090909 0.431369124868702 4.58064149486588
96 2001 0.339545454545455 0.322677847592888 4.14413182825893
96 2002 0.385 0.327797488186356 4.13090076102996
98 1994 0.555454545454545 0.15058064313659 3.39134629309141
98 1995 0.600909090909091 0.467518209284265 4.62667188483228
98 1996 0.646363636363636 0.680843703273593 5.41595142744662
98 1997 0.691818181818182 0.396222099250114 4.32735245560329
98 1998 0.737272727272727 0.521515089007534 4.78935993322674
98 1999 0.782727272727273 0.181458119742746 3.45561996407918
98 2000 0.828181818181818 0.417196521145501 4.35255632151242
98 2001 0.873636363636364 0.290867441624903 3.86177545548033
98 2002 0.919090909090909 0.347149571829297 4.0585383366659
101 1994 0.578181818181818 0.312263611366233 4.03347578318644
101 1995 0.623636363636364 0.236000166054736 3.71400185753207
101 1996 0.669090909090909 0.290100801748607 3.90428587088543
101 1997 0.714545454545455 0.279972964007304 3.85523084267833
101 1998 0.76 0.406832426638713 4.33515432991487
101 1999 0.805454545454545 0.315207710893954 3.93375074695034
101 2000 0.850909090909091 0.403336962577197 4.29318710929469
101 2001 0.896363636363636 0.378057133341297 4.172127088212
101 2002 0.941818181818182 0.336915544487075 4.01423130576868
102 1994 0.0213636363636364 0.294058561493887 4.12626746516439
102 1995 0.0668181818181818 0.584203206916409 5.21615777752433
102 1996 0.112272727272727 0.527584866051935 4.98957250042535
102 1997 0.157727272727273 0.217524618386316 3.78697233272415
102 1998 0.203181818181818 0.507135073646229 4.89704567089205
102 1999 0.248636363636364 0.240801118077217 3.86180268711537
102 2000 0.294090909090909 0.165800062746097 3.55373657425611
102 2001 0.339545454545455 0.570624077306372 5.11741175061965
102 2002 0.385 0.433237484576761 4.53690128169278
104 1994 0.430454545454545 0.209252286664251 3.68028487029059
104 1995 0.475909090909091 0.358597207781994 4.23418798812196
104 1996 0.521363636363636 0.286119754349708 3.93056875357282
104 1997 0.566818181818182 0.410353632769436 4.40646786965061
104 1998 0.612272727272727 0.341286748459546 4.12956026082682
104 1999 0.657727272727273 0.420485228723683 4.43335330568918
104 2000 0.703181818181818 0.266918214606182 3.80167056693271
104 2001 0.748636363636364 0.137336565494592 3.29645366299608
104 2002 0.794090909090909 0.334021793220951 4.05160625459688
105 1994 0.407727272727273 0.298103940885622 4.01558792173046
105 1995 0.453181818181818 0.254658924888465 3.84647828743779
105 1996 0.498636363636364 0.184300795464524 3.58077919220179
105 1997 0.544090909090909 0.26013255767249 3.83289628103776
105 1998 0.589545454545455 0.216127994028799 3.66054649140154
105 1999 0.635 0.168071037491151 3.44446925201593
105 2000 0.680454545454545 0.369858600876615 4.22139332337806
105 2001 0.725909090909091 0.329032925864122 4.04993422236027
105 2002 0.771363636363636 0.309003400442826 3.97431374270558
106 1994 0.305454545454545 0.168378425558996 3.54979483019242
106 1995 0.350909090909091 0.262875313755589 3.90762907529395
106 1996 0.396363636363636 0.191881146094983 3.62031547561324
106 1997 0.441818181818182 0.127704123824646 3.35404481709
106 1998 0.487272727272727 0.290306137941896 3.96803650058758
106 1999 0.532727272727273 0.332702379172 4.14082192892726
106 2000 0.578181818181818 0.312240134388465 4.02454849942387
106 2001 0.623636363636364 0.341056710210576 4.12141361390767
106 2002 0.669090909090909 0.235897059249003 3.69577209165832
107 1994 0.544090909090909 0.196927973653521 3.58780020035269
107 1995 0.589545454545455 0.102435693328951 3.21379841297252
107 1996 0.635 0.315141216116607 4.01329432249574
107 1997 0.680454545454545 0.342763622553316 4.10353460020828
107 1998 0.725909090909091 0.277523180815832 3.84259890738371
107 1999 0.771363636363636 0.224050527163588 3.65278061763134
107 2000 0.816818181818182 0.486582478483311 4.6286062361428
107 2001 0.862272727272727 0.346005343025474 4.06958553143178
107 2002 0.907727272727273 0.588871389994127 4.99589670074485
109 1994 0.0781818181818182 0.411680530442307 4.57141600155368
109 1995 0.123636363636364 0.351806544484158 4.32623917247368
109 1996 0.169090909090909 0.456134543678074 4.71091830135156
109 1997 0.214545454545455 0.161711802161079 3.5681850204985
109 1998 0.26 0.302860327567555 4.08979907240932
109 1999 0.305454545454545 0.187704045546987 3.61880888997415
109 2000 0.350909090909091 0.267674387570332 3.91417091715409
109 2001 0.396363636363636 0.30784580571436 4.06865003339833
109 2002 0.441818181818182 0.355032827302773 4.23419219874021
110 1994 0.135 0.23224928103442 3.84332701116996
110 1995 0.180454545454545 0.462783991754265 4.72998641662954
110 1996 0.225909090909091 0.329166109333344 4.22153682749519
110 1997 0.271363636363636 0.255519074671892 3.90154378815341
110 1998 0.316818181818182 0.153652401253915 3.47652399312818
110 1999 0.362272727272727 0.272901633265408 3.93038856400795
110 2000 0.407727272727273 0.384717724674646 4.37226887190053
110 2001 0.453181818181818 0.359689884712433 4.26149870108092
110 2002 0.498636363636364 0.187430707153844 3.56518913626671
112 1994 0.555454545454545 0.175381118423895 3.49735097587241
112 1995 0.600909090909091 0.262446646018381 3.85151132347733
112 1996 0.646363636363636 0.348013925053437 4.1393694534447
112 1997 0.691818181818182 0.487966351032224 4.67656931059576
112 1998 0.737272727272727 0.124415264927949 3.24495688133866
112 1999 0.782727272727273 0.205815675515034 3.5455490329589
112 2000 0.828181818181818 0.37536272537999 4.20209051521368
112 2001 0.873636363636364 0.240072952170113 3.66423275114757
112 2002 0.919090909090909 0.24673461685047 3.67765387378777
113 1994 0.191818181818182 0.215864718089187 3.80200827740256
113 1995 0.237272727272727 0.293339512431388 4.0481267740598
113 1996 0.282727272727273 0.296357990276087 4.05236663575751
113 1997 0.328181818181818 0.380833046617561 4.37145442900992
113 1998 0.373636363636364 0.390370459934759 4.37064813778529
113 1999 0.419090909090909 0.327013763528611 4.1294705920716
113 2000 0.464545454545455 0.355850614276125 4.2281512840455
113 2001 0.51 0.433649176833486 4.50136288313117
113 2002 0.555454545454545 0.337351887147418 4.1270787683512
115 1994 0.487272727272727 0.489496130504411 4.74166910248137
115 1995 0.532727272727273 0.336738447740996 4.11918128674411
115 1996 0.578181818181818 0.292681283313543 3.95126086741625
115 1997 0.623636363636364 0.158262872841093 3.43034615274048
115 1998 0.669090909090909 0.557819672778505 4.94111664431399
115 1999 0.714545454545455 0.549316884786323 4.89475895905783
115 2000 0.76 0.262949729315229 3.77607337320458
115 2001 0.805454545454545 0.22348381918542 3.60072809863399
115 2002 0.850909090909091 0.344912215833411 4.07413949308559
116 1994 0.135 0.56156838970579 5.12703313676548
116 1995 0.180454545454545 0.170994579711155 3.62547007118464
116 1996 0.225909090909091 0.230996688322155 3.82353559230396
116 1997 0.271363636363636 0.356171613805659 4.29657481693691
116 1998 0.316818181818182 0.22142104587525 3.75392834870822
116 1999 0.362272727272727 0.595750539287654 5.19772622496251
116 2000 0.407727272727273 0.223565563370997 3.73560326810866
116 2001 0.453181818181818 0.535563705642841 4.90302998214898
116 2002 0.498636363636364 0.319304607317591 4.07162723194093
121 1994 0.0668181818181818 0.147121699201211 3.54681796863901
121 1995 0.112272727272727 0.421570925616053 4.59330706080857
121 1996 0.157727272727273 0.476585961227785 4.79011057578794
121 1997 0.203181818181818 0.236755980166652 3.86181715030154
121 1998 0.248636363636364 0.391911441774078 4.43428333286091
121 1999 0.294090909090909 0.491157977336483 4.82859238392549
121 2000 0.339545454545455 0.209911044299004 3.71067366044321
121 2001 0.385 0.38229220678334 4.34884045933657
121 2002 0.430454545454545 0.365384083310918 4.27773089497478
122 1994 0.0440909090909091 0.331123111950427 4.2615281831117
122 1995 0.0895454545454545 0.134717382459288 3.4840853299886
122 1996 0.135 0.401838632696468 4.51018793100608
122 1997 0.180454545454545 0.314160254936733 4.16388360221435
122 1998 0.225909090909091 0.20738223671645 3.7392252199846
122 1999 0.271363636363636 0.223260784818664 3.77489219739848
122 2000 0.316818181818182 0.419893489220006 4.52272785935544
122 2001 0.362272727272727 0.318974861241648 4.13477363442698
122 2002 0.407727272727273 0.249727214089349 3.82735134308999
126 1994 0.566818181818182 0.251654051817336 3.79536557940472
126 1995 0.612272727272727 0.183039170437354 3.5280380381236
126 1996 0.657727272727273 0.375761367172554 4.25505660394916
126 1997 0.703181818181818 0.389557902515131 4.2961218640665
126 1998 0.748636363636364 0.275886820193175 3.83512667996832
126 1999 0.794090909090909 0.24941411829877 3.73149652813745
126 2000 0.839545454545455 0.369005953187597 4.15833604480527
126 2001 0.885 0.363291555152795 4.10629644463908
126 2002 0.930454545454545 0.338936914901781 4.02947194301478
127 1994 0.328181818181818 0.326640633948617 4.1684893480287
127 1995 0.373636363636364 0.209346612295656 3.69633424514542
127 1996 0.419090909090909 0.225039476224932 3.73061490647897
127 1997 0.464545454545455 0.190918965014337 3.59124011530296
127 1998 0.51 0.306820368478753 4.01379952410792
127 1999 0.555454545454545 0.231677272831881 3.72201566447526
127 2000 0.600909090909091 0.24181881026796 3.74011052169535
127 2001 0.646363636363636 0.382706986424837 4.29235064433209
127 2002 0.691818181818182 0.203517894208216 3.58998651337334
128 1994 0.385 0.303134578271565 4.06221010830956
128 1995 0.430454545454545 0.345838371692298 4.18799181852549
128 1996 0.475909090909091 0.310894148270613 4.04557392169005
128 1997 0.521363636363636 0.209764193058727 3.63982549659961
128 1998 0.566818181818182 0.761940260719149 5.75382896521691
128 1999 0.612272727272727 0.333928902036318 4.08173159118473
128 2000 0.657727272727273 0.249096487298942 3.75834446003292
128 2001 0.703181818181818 0.309144218778383 3.98781174756838
128 2002 0.748636363636364 0.405135990920199 4.35107445872416
129 1994 0.419090909090909 0.466549476842172 4.67986673659429
129 1995 0.464545454545455 0.327917987271926 4.12736611642114
129 1996 0.51 0.456010250255622 4.59408803323584
129 1997 0.555454545454545 0.372783155548178 4.26142843909722
129 1998 0.600909090909091 0.3194200971504 4.04893656276178
129 1999 0.646363636363636 0.179815589531564 3.4888692025546
129 2000 0.691818181818182 0.331383238193067 4.06833826437003
129 2001 0.737272727272727 0.262439899743433 3.78646511117462
129 2002 0.782727272727273 0.251345579193074 3.73655302396846
130 1994 0.532727272727273 0.0739172438390934 3.10623311965529
130 1995 0.578181818181818 0.359479894145877 4.20501967683528
130 1996 0.623636363636364 0.297209204096545 3.94858186849711
130 1997 0.669090909090909 0.548271832519911 4.91245530546671
130 1998 0.714545454545455 0.132330873679807 3.29455593505367
130 1999 0.76 0.334285089463568 4.05506233210048
130 2000 0.805454545454545 0.242357928297324 3.69526083789376
130 2001 0.850909090909091 0.104282874752783 3.13484373408922
130 2002 0.896363636363636 0.540059628815696 4.78811744385416
131 1994 0.623636363636364 0.442236570389109 4.51285449728993
131 1995 0.669090909090909 0.393717355530968 4.31642885648175
131 1996 0.714545454545455 0.412268664813722 4.37464242162058
131 1997 0.76 0.522944280063852 4.77428108943821
131 1998 0.805454545454545 0.108762850865154 3.16915115578411
131 1999 0.850909090909091 0.394175104800759 4.25480975038951
131 2000 0.896363636363636 0.191249498984579 3.46815252623449
131 2001 0.941818181818182 0.348394243483314 4.04220719137574
131 2002 0.987272727272727 0.302134238015827 3.8522101326621
132 1994 0.373636363636364 0.494162447263437 4.79058109596106
132 1995 0.419090909090909 0.183407813698331 3.57197148933412
132 1996 0.464545454545455 0.308104498075264 4.03578314783097
132 1997 0.51 0.325604583671355 4.09949183192801
132 1998 0.555454545454545 0.191383305256664 3.57768318830378
132 1999 0.600909090909091 0.289189098735234 3.93006033978126
132 2000 0.646363636363636 0.156856382769685 3.41863797042849
132 2001 0.691818181818182 0.552928359993295 4.91776066721799
132 2002 0.737272727272727 0.264700307922707 3.78350091790597
133 1994 0.123636363636364 0.30244325193372 4.13770130843157
133 1995 0.169090909090909 0.496970665275709 4.86054980461527
133 1996 0.214545454545455 0.241701460426258 3.88033105613297
133 1997 0.26 0.338768889864795 4.22846064928477
133 1998 0.305454545454545 0.475528952832854 4.74341477902933
133 1999 0.350909090909091 0.242065411964603 3.83410097518092
133 2000 0.396363636363636 0.378728434467078 4.33617916977676
133 2001 0.441818181818182 0.208014026508085 3.66787350852056
133 2002 0.487272727272727 0.249312773776913 3.81157805638372
134 1994 0.316818181818182 0.406925124036234 4.48292069733956
134 1995 0.362272727272727 0.352135871880029 4.25794276567486
134 1996 0.407727272727273 0.334761141588776 4.16331011914054
134 1997 0.453181818181818 0.470649942833096 4.67610445476963
134 1998 0.498636363636364 0.364998728137346 4.24067477581497
134 1999 0.544090909090909 0.429654217108892 4.50960243054705
134 2000 0.589545454545455 0.371977335071416 4.25316737718757
134 2001 0.635 0.219176888840195 3.64129369426692
134 2002 0.680454545454545 0.517582712114382 4.78773685489159
138 1994 0.271363636363636 0.181630108055105 3.61419094656846
138 1995 0.316818181818182 0.287217607917593 4.01827151133967
138 1996 0.362272727272727 0.250143506476121 3.84526275362821
138 1997 0.407727272727273 0.289679665174006 4.01112506633836
138 1998 0.453181818181818 0.162948571479003 3.49977941613603
138 1999 0.498636363636364 0.180316267331725 3.5357387799706
138 2000 0.544090909090909 0.259525603284906 3.84234808858493
138 2001 0.589545454545455 0.122595415222862 3.30187497716309
138 2002 0.635 0.183632413780853 3.51702066303296
141 1994 0.225909090909091 0.313031153406072 4.13744197123336
141 1995 0.271363636363636 0.276233571288602 3.99241704017289
141 1996 0.316818181818182 0.21153864766625 3.71906922894065
141 1997 0.362272727272727 0.238288136785294 3.8169052898182
141 1998 0.407727272727273 0.405728593077584 4.44075984382591
141 1999 0.453181818181818 0.141236502610558 3.397407165518
141 2000 0.498636363636364 0.450713686061285 4.57805875028974
141 2001 0.544090909090909 0.479329843433 4.68674519518543
141 2002 0.589545454545455 0.263255263217085 3.81182040948226
145 1994 0.407727272727273 0.325041345482786 4.1143439881566
145 1995 0.453181818181818 0.346718975645694 4.19132026831382
145 1996 0.498636363636364 0.591450675937654 5.12745367162525
145 1997 0.544090909090909 0.506540250048151 4.78889878104701
145 1998 0.589545454545455 0.29651167069408 3.95495447103194
145 1999 0.635 0.34117041728512 4.1259308689355
145 2000 0.680454545454545 0.214957531954767 3.61971126611261
145 2001 0.725909090909091 0.357416648792429 4.14944675378871
145 2002 0.771363636363636 0.371883641782314 4.2018269752904
148 1994 0.180454545454545 0.111882855351808 3.37574924247235
148 1995 0.225909090909091 0.179779791872536 3.6393293739448
148 1996 0.271363636363636 0.0997349408041417 3.29041574099312
148 1997 0.316818181818182 0.224137308418755 3.75676088196749
148 1998 0.362272727272727 0.56003842136086 5.05365215160527
148 1999 0.407727272727273 0.508858199350724 4.83834575668207
148 2000 0.453181818181818 0.237193084405358 3.76702406660726
148 2001 0.498636363636364 0.396808134061866 4.3890349340283
148 2002 0.544090909090909 0.468666287964844 4.63872719807317
149 1994 0.157727272727273 0.111105759188172 3.39701426036935
149 1995 0.203181818181818 0.532420794688678 4.99402138376199
149 1996 0.248636363636364 0.359855204911288 4.31034685781426
149 1997 0.294090909090909 0.245315175190595 3.83457116757341
149 1998 0.339545454545455 0.363253426171946 4.29605697370255
149 1999 0.385 0.422217468092168 4.52144487359829
149 2000 0.430454545454545 0.366626128766899 4.28181314806229
149 2001 0.475909090909091 0.354744397541631 4.23649206741608
149 2002 0.521363636363636 0.170125979687204 3.48952656620354
151 1994 0.51 0.276110419635158 3.91379834550685
151 1995 0.555454545454545 0.221024620654441 3.68580293382913
151 1996 0.600909090909091 0.362962608838203 4.19492500026962
151 1997 0.646363636363636 0.288354538014503 3.92300641325665
151 1998 0.691818181818182 0.573369035959253 4.99453843308953
151 1999 0.737272727272727 0.25398813679405 3.75102242028986
151 2000 0.782727272727273 0.297255685088426 3.91846990718311
151 2001 0.828181818181818 0.348317865982644 4.08971991900326
151 2002 0.873636363636364 0.331245290170967 4.01748450272508
152 1994 0.0213636363636364 0.272190863534551 4.03875273203112
152 1995 0.0668181818181818 0.332582056702659 4.27326416017225
152 1996 0.112272727272727 0.182245823564659 3.66119470526042
152 1997 0.157727272727273 0.321531572954543 4.18693302050884
152 1998 0.203181818181818 0.493813090835308 4.84025590468001
152 1999 0.248636363636364 0.226629252964834 3.80197358545741
152 2000 0.294090909090909 0.237545020117104 3.82722805724452
152 2001 0.339545454545455 0.334351627024097 4.1883921039242
152 2002 0.385 0.442217004973465 4.570526328253
153 1994 0.635 0.224282413753157 3.65616555749324
153 1995 0.680454545454545 0.286985799853764 3.9049354226794
153 1996 0.725909090909091 0.227678540954193 3.67442703233396
153 1997 0.771363636363636 0.491386805181258 4.65974127839315
153 1998 0.816818181818182 0.514858197639044 4.74528580034096
153 1999 0.862272727272727 0.255876860627457 3.71274780432799
153 2000 0.907727272727273 0.427476731537371 4.34054958565586
153 2001 0.953181818181818 0.496439762214808 4.61392457312879
153 2002 0.998636363636364 0.423841877094087 4.33439949157865
156 1994 0.464545454545455 0.219262893923402 3.69054502656911
156 1995 0.51 0.16035211007368 3.45988335985775
156 1996 0.555454545454545 0.331172309791932 4.11908675842553
156 1997 0.600909090909091 0.344934932944196 4.13236887111304
156 1998 0.646363636363636 0.268176208583777 3.83968707284694
156 1999 0.691818181818182 0.314249549111904 4.00301476240924
156 2000 0.737272727272727 0.349888914490874 4.11167379785241
156 2001 0.782727272727273 0.165619061777056 3.39192672473391
156 2002 0.828181818181818 0.427236397298372 4.39568826619007
161 1994 0.339545454545455 0.591674662647344 5.17082584067058
161 1995 0.385 0.365830506963872 4.28898896684463
161 1996 0.430454545454545 0.419851248754191 4.4820801022433
161 1997 0.475909090909091 0.199589913943247 3.60474431396911
161 1998 0.521363636363636 0.456376707425813 4.60112290159464
161 1999 0.566818181818182 0.139305536188904 3.3707909670896
161 2000 0.612272727272727 0.315200473955546 4.0404080070315
161 2001 0.657727272727273 0.304476537782805 3.97102059441014
161 2002 0.703181818181818 0.346490555766995 4.13870769478321
163 1994 0.203181818181818 0.191757909707371 3.66431453120085
163 1995 0.248636363636364 0.334628684898659 4.22004916626245
163 1996 0.294090909090909 0.365123829090037 4.31414202148577
163 1997 0.339545454545455 0.552748328064053 5.03115926384527
163 1998 0.385 0.38832987658182 4.37926900723456
163 1999 0.430454545454545 0.233753984188381 3.76885656102713
163 2000 0.475909090909091 0.226034006572313 3.71865919141683
163 2001 0.521363636363636 0.280445629192168 3.9257279342802
163 2002 0.566818181818182 0.372221102799418 4.2571225779803
164 1994 0.0213636363636364 0.537795680122554 5.06401096853707
164 1995 0.0668181818181818 0.293358689417702 4.10307947076159
164 1996 0.112272727272727 0.208722150596016 3.77110604955239
164 1997 0.157727272727273 0.378547513374243 4.41970414886897
164 1998 0.203181818181818 0.264826696588618 3.95630053365855
164 1999 0.248636363636364 0.408202757128549 4.50128366581596
164 2000 0.294090909090909 0.220002436600765 3.76772698803097
164 2001 0.339545454545455 0.413286752598026 4.48449830461848
164 2002 0.385 0.396541087896799 4.41349619583045
167 1994 0.600909090909091 0.349117126725506 4.16863243653011
167 1995 0.646363636363636 0.275468189239115 3.87823849525329
167 1996 0.691818181818182 0.442331640451377 4.47237609055791
167 1997 0.737272727272727 0.049982624524998 2.96427817270564
167 1998 0.782727272727273 0.231186655961859 3.64616295831972
167 1999 0.828181818181818 0.377915645260901 4.19635593846033
167 2000 0.873636363636364 0.327206213067209 3.98430593046829
167 2001 0.919090909090909 0.280855111327026 3.80372494395788
167 2002 0.964545454545455 0.254238566697909 3.68273128668121
168 1994 0.0895454545454545 0.394541183611966 4.50513540225064
168 1995 0.135 0.40676902119329 4.54293959050119
168 1996 0.180454545454545 0.480568636984848 4.78160537645157
168 1997 0.225909090909091 0.151938790399848 3.50697277028001
168 1998 0.271363636363636 0.432031490029143 4.58720916043678
168 1999 0.316818181818182 0.199832781192133 3.67581476168658
168 2000 0.362272727272727 0.30046747308293 4.06301476549316
168 2001 0.407727272727273 0.24919133333046 3.82585989798164
168 2002 0.453181818181818 0.232767625725044 3.76384030314392
169 1994 0.135 0.246743253311371 3.90491124235042
169 1995 0.180454545454545 0.273882443733493 3.98477420027723
169 1996 0.225909090909091 0.207621261233106 3.73406512280182
169 1997 0.271363636363636 0.228131726914635 3.80066927160309
169 1998 0.316818181818182 0.391440027557586 4.42086311614112
169 1999 0.362272727272727 0.337159618025143 4.19611187292723
169 2000 0.407727272727273 0.612395406996456 5.24160244544863
169 2001 0.453181818181818 0.323859095209394 4.10694226002027
169 2002 0.498636363636364 0.225749672372272 3.71669510546765
170 1994 0.123636363636364 0.297031853263194 4.08312420910915
170 1995 0.169090909090909 0.29271164460252 4.07364073548689
170 1996 0.214545454545455 0.255110261112865 3.92095553989425
170 1997 0.26 0.508554279181578 4.88243434916585
170 1998 0.305454545454545 0.0669579393280042 3.17675641894402
170 1999 0.350909090909091 0.142486963881949 3.4400754098674
170 2000 0.396363636363636 0.401736297958593 4.44301579748092
170 2001 0.441818181818182 0.387231097106086 4.37367664870126
170 2002 0.487272727272727 0.507621689708128 4.79461344246096
172 1994 0.180454545454545 0.425410094400644 4.58153414170528
172 1995 0.225909090909091 0.207122914841488 3.71201426292477
172 1996 0.271363636363636 0.368613379542115 4.33761956241614
172 1997 0.316818181818182 0.542604601372645 4.98737341052126
172 1998 0.362272727272727 0.232545707092833 3.78350663735591
172 1999 0.407727272727273 0.374185466028112 4.31752950463531
172 2000 0.453181818181818 0.454579077417516 4.62951118009365
172 2001 0.498636363636364 0.209520163032357 3.65828875922938
172 2002 0.544090909090909 0.44542744503454 4.53641956577228
173 1994 0.635 0.404736243136023 4.3653566761032
173 1995 0.680454545454545 0.102421244644902 3.16986191184847
173 1996 0.725909090909091 0.231192130975266 3.66677765651232
173 1997 0.771363636363636 0.529902038038504 4.81247010151983
173 1998 0.816818181818182 0.269704587894801 3.78294584492133
173 1999 0.862272727272727 0.817419631864233 5.88195462203946
173 2000 0.907727272727273 0.201204202239568 3.47389232027199
173 2001 0.953181818181818 0.32862201275609 3.98008358766192
173 2002 0.998636363636364 0.375920831708845 4.14265370983226
177 1994 0.521363636363636 0.379551298347546 4.31188454891949
177 1995 0.566818181818182 0.382720678309453 4.30545110802366
177 1996 0.612272727272727 0.403198738137214 4.36310917399405
177 1997 0.657727272727273 0.143650225880366 3.34504326112894
177 1998 0.703181818181818 0.244645769941571 3.7246856641133
177 1999 0.748636363636364 0.158507819815579 3.38348230038479
177 2000 0.794090909090909 0.662634997054563 5.29838055548407
177 2001 0.839545454545455 0.353048243030144 4.09037288540353
177 2002 0.885 0.189445173666888 3.45104956388876
180 1994 0.339545454545455 0.126156872947237 3.36754483268854
180 1995 0.385 0.247677853438281 3.83413747660855
180 1996 0.430454545454545 0.345584282855129 4.19242905509059
180 1997 0.475909090909091 0.349031464778382 4.19077749898558
180 1998 0.521363636363636 0.146798120825849 3.3961785352524
180 1999 0.566818181818182 0.130087570571187 3.31915913442302
180 2000 0.612272727272727 0.508733316263208 4.77132222600641
180 2001 0.657727272727273 0.113055916896429 3.22970529434067
180 2002 0.703181818181818 0.351415287647157 4.14115631090854
183 1994 0.0554545454545455 0.1639125574827 3.62261916423648
183 1995 0.100909090909091 0.392118307885098 4.49370108086219
183 1996 0.146363636363636 0.311286282754066 4.15295908021994
183 1997 0.191818181818182 0.378018455325548 4.39195329889481
183 1998 0.237272727272727 0.324453785959018 4.16847975841091
183 1999 0.282727272727273 0.490732720630536 4.81735393373693
183 2000 0.328181818181818 0.588940779704588 5.17309898444675
183 2001 0.373636363636364 0.413761174433833 4.47956570346036
183 2002 0.419090909090909 0.10836215440108 3.31120045422044
187 1994 0.112272727272727 0.444442577602343 4.6967014905203
187 1995 0.157727272727273 0.359605060848919 4.3273636777494
187 1996 0.203181818181818 0.375537643702671 4.39133593831599
187 1997 0.248636363636364 0.405785919325501 4.47948846444953
187 1998 0.294090909090909 0.365339351233559 4.32027037418271
187 1999 0.339545454545455 0.333405285513736 4.18695577170753
187 2000 0.385 0.365358960252976 4.29430242597768
187 2001 0.430454545454545 0.415365383534815 4.46894379555507
187 2002 0.475909090909091 0.188761887446911 3.58069944284148
191 1994 0.157727272727273 0.412209633709115 4.53803364699417
191 1995 0.203181818181818 0.201881877869373 3.71793980742921
191 1996 0.248636363636364 0.413312948967368 4.52472975534246
191 1997 0.294090909090909 0.416450862472099 4.51305951140046
191 1998 0.339545454545455 0.325737035937964 4.15296627460076
191 1999 0.385 0.228125089047743 3.75257876245378
191 2000 0.430454545454545 0.522661407891524 4.89316893467319
191 2001 0.475909090909091 0.251381591965073 3.80342318874487
191 2002 0.521363636363636 0.512757530084894 4.81756248284795
192 1994 0.191818181818182 0.226952349211139 3.81784612243706
192 1995 0.237272727272727 0.364956655850959 4.33295578309329
192 1996 0.282727272727273 0.557074112696381 5.05975173948733
192 1997 0.328181818181818 0.29745274210422 4.04428269610439
192 1998 0.373636363636364 0.317351752030154 4.09900203238457
192 1999 0.419090909090909 0.345009882477436 4.20794761856751
192 2000 0.464545454545455 0.445655596329618 4.56060064564328
192 2001 0.51 0.609148031544503 5.20060896865523
192 2002 0.555454545454545 0.569631648352941 5.0238219346339
193 1994 0.146363636363636 0.496075493847341 4.85298393258642
193 1995 0.191818181818182 0.268464321261979 3.9924209224903
193 1996 0.237272727272727 0.348286169772945 4.27264663178681
193 1997 0.282727272727273 0.250753139811886 3.86733984276031
193 1998 0.328181818181818 0.169485288038894 3.55379948432306
193 1999 0.373636363636364 0.365376110524669 4.2972791535216
193 2000 0.419090909090909 0.262765872966134 3.8749342082933
193 2001 0.464545454545455 0.238641115637774 3.77499249175067
193 2002 0.51 0.497400988812173 4.76333617126573
194 1994 0.191818181818182 0.31373355499211 4.1553883453734
194 1995 0.237272727272727 0.367485026619072 4.33538354986919
194 1996 0.282727272727273 0.31624075934849 4.13259637721885
194 1997 0.328181818181818 0.197748436086387 3.66368919623765
194 1998 0.373636363636364 0.226974005931773 3.74858234847048
194 1999 0.419090909090909 0.315798458159489 4.08475126062601
194 2000 0.464545454545455 0.490755011660836 4.73085748829478
194 2001 0.51 0.417991708011713 4.46049839146713
194 2002 0.555454545454545 0.266305593335756 3.84504032163461
195 1994 0.112272727272727 0.495473986655167 4.87526318268878
195 1995 0.157727272727273 0.17200757390992 3.6149565734538
195 1996 0.203181818181818 0.384217916455797 4.41878138780923
195 1997 0.248636363636364 0.339036392378948 4.21987109410992
195 1998 0.294090909090909 0.439717180742286 4.60111700261906
195 1999 0.339545454545455 0.42998132057841 4.56784869666198
195 2000 0.385 0.527515528530731 4.92475577338288
195 2001 0.430454545454545 0.297017653963398 3.9915467863399
195 2002 0.475909090909091 0.10164287462634 3.24795826495703
196 1994 0.453181818181818 0.302952011765367 4.02064507419774
196 1995 0.498636363636364 0.30630524193311 4.03227534311871
196 1996 0.544090909090909 0.22670841855781 3.70884303516438
196 1997 0.589545454545455 0.48040655144324 4.65961846562443
196 1998 0.635 0.357266511909047 4.17669864668543
196 1999 0.680454545454545 0.260562419076224 3.79779377096303
196 2000 0.725909090909091 0.261203948431016 3.76228504968547
196 2001 0.771363636363636 0.425000099011756 4.41207791061997
196 2002 0.816818181818182 0.45692134178037 4.53190429351525
201 1994 0.271363636363636 0.318182902124793 4.15002396692404
201 1995 0.316818181818182 0.146923029177321 3.47215319313669
201 1996 0.362272727272727 0.426847957956657 4.53218862346674
201 1997 0.407727272727273 0.339908172039585 4.184881342727
201 1998 0.453181818181818 0.187577493670831 3.58430441753343
201 1999 0.498636363636364 0.46648349914555 4.64386938142295
201 2000 0.544090909090909 0.381846573284242 4.29710208873389
201 2001 0.589545454545455 0.297275783569888 3.96009887016554
201 2002 0.635 0.504226937885986 4.75096966894665
202 1994 0.294090909090909 0.140342166738309 3.44252735942611
202 1995 0.339545454545455 0.381814836471622 4.35372203052327
202 1996 0.385 0.354337445129982 4.23637050410593
202 1997 0.430454545454545 0.34368284831179 4.18355362960247
202 1998 0.475909090909091 0.136012071214484 3.3816475452306
202 1999 0.521363636363636 0.211331006655641 3.6517761364415
202 2000 0.566818181818182 0.298822459151656 3.98554737637956
202 2001 0.612272727272727 0.309281135925931 4.0147712632496
202 2002 0.657727272727273 0.324635927884969 4.04959331826454
204 1994 0.339545454545455 0.268800083897193 3.93240464869122
204 1995 0.385 0.23149636566093 3.7719955829425
204 1996 0.430454545454545 0.293530422067975 3.97828151600811
204 1997 0.475909090909091 0.17200617322373 3.50684940051977
204 1998 0.521363636363636 0.479299060386928 4.70371403480581
204 1999 0.566818181818182 0.320016594534648 4.06259263528255
204 2000 0.612272727272727 0.240435423941033 3.72510059193464
204 2001 0.657727272727273 0.264759669090975 3.81729531883915
204 2002 0.703181818181818 0.0812828159201704 3.10820552645942
206 1994 0.0895454545454545 0.364874303223254 4.37849153021734
206 1995 0.135 0.271355659929688 3.99102201197929
206 1996 0.180454545454545 0.180442236919815 3.64611721914737
206 1997 0.225909090909091 0.270997650508246 3.97409160437137
206 1998 0.271363636363636 0.101559762407465 3.29067442072657
206 1999 0.316818181818182 0.13845057477465 3.43223258845101
206 2000 0.362272727272727 0.267443988933605 3.91760504850618
206 2001 0.407727272727273 0.491821755320283 4.78995743619128
206 2002 0.453181818181818 0.252647104038002 3.8337803100593
207 1994 0.112272727272727 0.401462862798783 4.52762315593282
207 1995 0.157727272727273 0.260519185861444 3.9615605496458
207 1996 0.203181818181818 0.426694505991532 4.59259195687865
207 1997 0.248636363636364 0.0950507735834506 3.29281235790054
207 1998 0.294090909090909 0.221727372929933 3.76854565514342
207 1999 0.339545454545455 0.108987387104442 3.32073279617665
207 2000 0.385 0.169485215752524 3.54844282087002
207 2001 0.430454545454545 0.228160051948208 3.74168914412382
207 2002 0.475909090909091 0.460084704583559 4.62499997821186
210 1994 0.430454545454545 0.289298309314918 3.99232974575702
210 1995 0.475909090909091 0.272288041363436 3.92056778557764
210 1996 0.521363636363636 0.344617521695116 4.17067297773411
210 1997 0.566818181818182 0.130831163480721 3.33145239229661
210 1998 0.612272727272727 0.138254891834192 3.35906224316006
210 1999 0.657727272727273 0.53671032331321 4.87023083014729
210 2000 0.703181818181818 0.264414154945715 3.80129646611814
210 2001 0.748636363636364 0.379024313076102 4.22699246555918
210 2002 0.794090909090909 0.275472563670801 3.8357667328464
213 1994 0.135 0.419118812089511 4.56605641759997
213 1995 0.180454545454545 0.167046050559564 3.57783825964193
213 1996 0.225909090909091 0.286049625786949 4.02299721544782
213 1997 0.271363636363636 0.493191104400101 4.82581590879755
213 1998 0.316818181818182 0.700120346915209 5.59955372591623
213 1999 0.362272727272727 0.342488645112211 4.20383349457596
213 2000 0.407727272727273 0.418107862737249 4.49695123990135
213 2001 0.453181818181818 0.217493143350964 3.6969726357048
213 2002 0.498636363636364 0.403808654193344 4.41609139410879
214 1994 0.464545454545455 0.474906626306076 4.67235114424743
214 1995 0.51 0.342646109450568 4.16599373885365
214 1996 0.555454545454545 0.288805027986648 3.95028399372993
214 1997 0.600909090909091 0.273910534015304 3.86318862875423
214 1998 0.646363636363636 0.272822772679034 3.84775405818714
214 1999 0.691818181818182 0.294178974423292 3.91518515991962
214 2000 0.737272727272727 0.0825999036530007 3.09786387940465
214 2001 0.782727272727273 0.346085845019385 4.10059484691327
214 2002 0.828181818181818 0.258714684302897 3.76225642239711
218 1994 0.612272727272727 0.236579278072469 3.73206329362679
218 1995 0.657727272727273 0.158808617726979 3.39243509428179
218 1996 0.703181818181818 0.32430892364745 4.01091814377798
218 1997 0.748636363636364 0.444394584516473 4.47091099707369
218 1998 0.794090909090909 0.392304432872686 4.26076889099318
218 1999 0.839545454545455 0.306601181799855 3.92810155436561
218 2000 0.885 0.144128380461278 3.28387679483224
218 2001 0.930454545454545 0.2615821614874 3.71631462990573
218 2002 0.975909090909091 0.303971933226517 3.86666768064179
219 1994 0.419090909090909 0.500503806502083 4.80423679795312
219 1995 0.464545454545455 0.335474133922111 4.14723911999147
219 1996 0.51 0.324912004830906 4.09422033189028
219 1997 0.555454545454545 0.602507766471106 5.15890367870898
219 1998 0.600909090909091 0.269409383775627 3.85533887522384
219 1999 0.646363636363636 0.39909168631717 4.34301646031884
219 2000 0.691818181818182 0.452569251534883 4.53626984828446
219 2001 0.737272727272727 0.304962076229857 3.92784712395698
219 2002 0.782727272727273 0.520752046904429 4.78295235875868
220 1994 0.339545454545455 0.369924011832915 4.32059412134002
220 1995 0.385 0.1423743884118 3.4262818619703
220 1996 0.430454545454545 0.489112283088611 4.75045759460901
220 1997 0.475909090909091 0.296250031498733 3.99068665668549
220 1998 0.521363636363636 0.259702165745011 3.82853132398061
220 1999 0.566818181818182 0.388305506288933 4.30673911845364
220 2000 0.612272727272727 0.220847112924456 3.65072881459145
220 2001 0.657727272727273 0.374235713717546 4.24332022546045
220 2002 0.703181818181818 0.614604881687737 5.13383078646212
221 1994 0.362272727272727 0.319692773301314 4.11104320978068
221 1995 0.407727272727273 0.359633945200443 4.23800551455398
221 1996 0.453181818181818 0.321456625901487 4.09938027327595
221 1997 0.498636363636364 0.153901433352404 3.4235159844307
221 1998 0.544090909090909 0.384450620032718 4.31080430610891
221 1999 0.589545454545455 0.398125446736272 4.35844093529589
221 2000 0.635 0.29044417574694 3.94225829320078
221 2001 0.680454545454545 0.36292060893225 4.18939480861601
221 2002 0.725909090909091 0.44035799299432 4.46415685077315
225 1994 0.475909090909091 0.194198695114534 3.60474987396573
225 1995 0.521363636363636 0.389131438197867 4.34190388677419
225 1996 0.566818181818182 0.207118161688986 3.63103279944656
225 1997 0.612272727272727 0.530878440689857 4.88144137428861
225 1998 0.657727272727273 0.210099593045495 3.61724946865
225 1999 0.703181818181818 0.380640074315565 4.24968255649538
225 2000 0.748636363636364 0.281093818589392 3.85044958990807
225 2001 0.794090909090909 0.31082333984646 3.95615788977879
225 2002 0.839545454545455 0.31460715179246 3.96103841952348
226 1994 0.112272727272727 0.222907409473284 3.80800663174549
226 1995 0.157727272727273 0.406816882410857 4.52260073660489
226 1996 0.203181818181818 0.33423987104569 4.23177311767398
226 1997 0.248636363636364 0.327999590799008 4.19037037030107
226 1998 0.294090909090909 0.458922248013249 4.6836158909018
226 1999 0.339545454545455 0.288907437033255 4.02345408267135
226 2000 0.385 0.318902308850414 4.10488141244253
226 2001 0.430454545454545 0.404536929361688 4.4247113269683
226 2002 0.475909090909091 0.224869897402615 3.71487313269429
228 1994 0.0781818181818182 0.456050009070427 4.74985019406012
228 1995 0.123636363636364 0.605451670327531 5.29947978593389
228 1996 0.169090909090909 0.366568163246863 4.34947986241719
228 1997 0.214545454545455 0.207106817253757 3.73886878325216
228 1998 0.26 0.200494508649819 3.70691713880237
228 1999 0.305454545454545 0.351514593847883 4.25195755124661
228 2000 0.350909090909091 0.422478990215887 4.54155691504502
228 2001 0.396363636363636 0.375835837260553 4.31463857491667
228 2002 0.441818181818182 0.291167108882668 3.98153292116789
229 1994 0.237272727272727 0.412004811196361 4.51494362054674
229 1995 0.282727272727273 0.234976449596562 3.82025254824518
229 1996 0.328181818181818 0.458894955423549 4.67765173739133
229 1997 0.373636363636364 0.36580625080422 4.28663067655561
229 1998 0.419090909090909 0.0878473930958472 3.21561507777114
229 1999 0.464545454545455 0.183470344325195 3.56573163937027
229 2000 0.51 0.310716453176928 4.04386671297618
229 2001 0.555454545454545 0.438478190468708 4.52373940198638
229 2002 0.600909090909091 0.33795688230397 4.12564474924696
230 1994 0.0440909090909091 0.205079429716601 3.76945128315563
230 1995 0.0895454545454545 0.253478349506637 3.93736655590407
230 1996 0.135 0.481729889389672 4.82225944782603
230 1997 0.180454545454545 0.437234284415033 4.64895033917799
230 1998 0.225909090909091 0.498552907975569 4.84967953496893
230 1999 0.271363636363636 0.191692568124983 3.64661098672782
230 2000 0.316818181818182 0.278331017446748 3.96501604735393
230 2001 0.362272727272727 0.336433117525339 4.18461045753905
230 2002 0.407727272727273 0.485715992019917 4.74078300823232
231 1994 0.282727272727273 0.427331204306587 4.55528593373819
231 1995 0.328181818181818 0.236086236825262 3.81113332040467
231 1996 0.373636363636364 0.265260786060043 3.90820283994809
231 1997 0.419090909090909 0.250393194797697 3.82249614755478
231 1998 0.464545454545455 0.395497953061865 4.40150308082238
231 1999 0.51 0.183093390577049 3.54856822212982
231 2000 0.555454545454545 0.117322308725813 3.26320772538579
231 2001 0.600909090909091 0.311579573327152 4.00827851471116
231 2002 0.646363636363636 0.0700375821270782 3.07459775793697
234 1994 0.555454545454545 0.401313435459781 4.36413653996674
234 1995 0.600909090909091 0.241294654305031 3.73505444310282
234 1996 0.646363636363636 0.0694477741782105 3.04949724110069
234 1997 0.691818181818182 0.240500619274718 3.70956255494033
234 1998 0.737272727272727 0.357944166790459 4.14705212904027
234 1999 0.782727272727273 0.258686231836325 3.74847441545831
234 2000 0.828181818181818 0.314813460855689 3.96251101436619
234 2001 0.873636363636364 0.226676396915215 3.6129072586126
234 2002 0.919090909090909 0.243358853471504 3.66140299798957
235 1994 0.305454545454545 0.275157875942997 3.98610701306768
235 1995 0.350909090909091 0.347179181105491 4.21991795292899
235 1996 0.396363636363636 0.283178686236999 3.96389950040555
235 1997 0.441818181818182 0.160265085199805 3.49000669545599
235 1998 0.487272727272727 0.327577626287967 4.12250658010783
235 1999 0.532727272727273 0.560277062710993 5.00634622067128
235 2000 0.578181818181818 0.252728377592655 3.77769784153205
235 2001 0.623636363636364 0.132746062067851 3.30145989369143
235 2002 0.669090909090909 0.203285020579284 3.58876278313838
236 1994 0.180454545454545 0.188814097290762 3.6785869542093
236 1995 0.225909090909091 0.300974669153013 4.10234004360685
236 1996 0.271363636363636 0.472400869033293 4.74645999793918
236 1997 0.316818181818182 0.263241857687823 3.90693776640834
236 1998 0.362272727272727 0.24349341210292 3.85290199133506
236 1999 0.407727272727273 0.294554217996548 3.99893589088505
236 2000 0.453181818181818 0.685977518986899 5.52393791925066
236 2001 0.498636363636364 0.463921471194979 4.63033073437124
236 2002 0.544090909090909 0.218042038923006 3.67635971584108
237 1994 0.373636363636364 0.264676580448573 3.89767613271948
237 1995 0.419090909090909 0.267043114606895 3.90391715075825
237 1996 0.464545454545455 0.261047019206535 3.85692907372977
237 1997 0.51 0.455454098971171 4.5982784564342
237 1998 0.555454545454545 0.361500305736308 4.23069515174993
237 1999 0.600909090909091 0.156162188047701 3.42293479083727
237 2000 0.646363636363636 0.272941123342484 3.85575854107183
237 2001 0.691818181818182 0.36012713044788 4.18134590554659
237 2002 0.737272727272727 0.309947073432173 3.95446603115939
244 1994 0.112272727272727 0.445736909302193 4.67626871402923
244 1995 0.157727272727273 0.105273962695 3.35770855021656
244 1996 0.203181818181818 0.458080971686362 4.71001010490005
244 1997 0.248636363636364 0.409557734338064 4.49148633433545
244 1998 0.294090909090909 0.409080849241217 4.47844204937216
244 1999 0.339545454545455 0.228493817986683 3.77043480197327
244 2000 0.385 0.339301416562596 4.18712922680786
244 2001 0.430454545454545 0.14589386741999 3.43100184837007
244 2002 0.475909090909091 0.293923704641662 3.9866670297984
245 1994 0.487272727272727 0.434588922880007 4.52096801322129
245 1995 0.532727272727273 0.592832454010619 5.11367913365979
245 1996 0.578181818181818 0.307499954988649 4.00977114703791
245 1997 0.623636363636364 0.162958885838849 3.42995570622633
245 1998 0.669090909090909 0.394635703308405 4.3247180141077
245 1999 0.714545454545455 0.32362462577276 4.03236770551313
245 2000 0.76 0.436843112883898 4.44910674655059
245 2001 0.805454545454545 0.446753535469498 4.47598786487714
245 2002 0.850909090909091 0.0908236644014992 3.08790891776734
247 1994 0.532727272727273 0.163893710166002 3.45706465373606
247 1995 0.578181818181818 0.499912746963293 4.75674364009832
247 1996 0.623636363636364 0.581413913220796 5.04693095827226
247 1997 0.669090909090909 0.280022504842316 3.87734921469695
247 1998 0.714545454545455 0.12028728793182 3.24366007749526
247 1999 0.76 0.534498229010022 4.8267218998168
247 2000 0.805454545454545 0.492997553262727 4.64643441416099
247 2001 0.850909090909091 0.169734869807551 3.38318890967849
247 2002 0.896363636363636 0.193647902906671 3.45673762996559
248 1994 0.01 0.457305268945467 4.76414042635796
248 1995 0.0554545454545455 0.378822695036312 4.45054181638902
248 1996 0.100909090909091 0.169757178630612 3.61864018278023
248 1997 0.146363636363636 0.621687248373941 5.37717138694975
248 1998 0.191818181818182 0.321914142179066 4.19700461720952
248 1999 0.237272727272727 0.404408516927619 4.49790071985751
248 2000 0.282727272727273 0.26475460449949 3.94231361607178
248 2001 0.328181818181818 0.275372702411799 3.97279513238045
248 2002 0.373636363636364 0.245030752844 3.82630296206117
249 1994 0.248636363636364 0.28712082653431 4.03423972896675
249 1995 0.294090909090909 0.587212395527777 5.18208145503043
249 1996 0.339545454545455 0.414074035537697 4.477568275243
249 1997 0.385 0.182949306806564 3.56914464257035
249 1998 0.430454545454545 0.334076975762142 4.14483408845949
249 1999 0.475909090909091 0.389110596727116 4.35675025687463
249 2000 0.521363636363636 0.370525581781006 4.27340375132232
249 2001 0.566818181818182 0.306375700888639 4.01884055026488
249 2002 0.612272727272727 0.305455694320694 3.98979831867293
253 1994 0.248636363636364 0.200920839678153 3.71081676386317
253 1995 0.294090909090909 0.295051793590613 4.05374027108069
253 1996 0.339545454545455 0.191307231896436 3.62358003129244
253 1997 0.385 0.210862999751272 3.67949394944614
253 1998 0.430454545454545 0.262303919101887 3.87947284909646
253 1999 0.475909090909091 0.993186702000094 6.66984015404587
253 2000 0.521363636363636 0.357640646023224 4.23895375017846
253 2001 0.566818181818182 0.331208920057746 4.09461548442097
253 2002 0.612272727272727 0.396406648044367 4.34157333334921
255 1994 0.430454545454545 0.110000755766415 3.29064806855349
255 1995 0.475909090909091 0.224041778707485 3.71450641271638
255 1996 0.521363636363636 0.0929991006565953 3.19189158444023
255 1997 0.566818181818182 0.141424708453981 3.35578041407496
255 1998 0.612272727272727 0.493119329300906 4.70904337477813
255 1999 0.657727272727273 0.168268030226518 3.43249912030727
255 2000 0.703181818181818 0.488687809818551 4.67040767552643
255 2001 0.748636363636364 0.0901042315821622 3.1053735596452
255 2002 0.794090909090909 0.179774384998496 3.44027805274017
256 1994 0.339545454545455 0.364479212836882 4.2961881470116
256 1995 0.385 0.0798332874678656 3.18325163028666
256 1996 0.430454545454545 0.267140696740994 3.90490657143318
256 1997 0.475909090909091 0.0973600535582243 3.24154015234791
256 1998 0.521363636363636 0.361106609181837 4.22782377443869
256 1999 0.566818181818182 0.0999865366859315 3.21129449016089
256 2000 0.612272727272727 0.378123666237366 4.26503006111673
256 2001 0.657727272727273 0.119339908190067 3.23625076602006
256 2002 0.703181818181818 0.252810175028388 3.75804004229811
258 1994 0.01 0.293948877941777 4.13883656933896
258 1995 0.0554545454545455 0.431164824742614 4.63793591016415
258 1996 0.100909090909091 0.362059319352416 4.38812734360537
258 1997 0.146363636363636 0.337555539895468 4.25526654336998
258 1998 0.191818181818182 0.436606920446194 4.6222898903993
258 1999 0.237272727272727 0.359470608251683 4.30269166880102
258 2000 0.282727272727273 0.0580558973774243 3.13695321112731
258 2001 0.328181818181818 0.278587377161376 3.97516080394632
258 2002 0.373636363636364 0.213148623709835 3.68707270870767
259 1994 0.0327272727272727 0.513851790356056 4.96560745653248
259 1995 0.0781818181818182 0.153404566323533 3.57773646840549
259 1996 0.123636363636364 0.314091686278149 4.17939234741179
259 1997 0.169090909090909 0.305148137113755 4.1158495817574
259 1998 0.214545454545455 0.360856959464626 4.32032794373
259 1999 0.26 0.22326307422502 3.77071637514205
259 2000 0.305454545454545 0.174536327385428 3.57228380040746
259 2001 0.350909090909091 0.501759521631816 4.83676810018502
259 2002 0.396363636363636 0.211068010158734 3.68555310059486
260 1994 0.0895454545454545 0.361394081340293 4.36786228067678
260 1995 0.135 0.420540563534224 4.58695926775145
260 1996 0.180454545454545 0.353375005582938 4.31425401875359
260 1997 0.225909090909091 0.326293356375645 4.18269097684713
260 1998 0.271363636363636 0.243604664677221 3.85403135897664
260 1999 0.316818181818182 0.45379825451653 4.65211936566385
260 2000 0.362272727272727 0.430895080388524 4.53813166309925
260 2001 0.407727272727273 0.255637656266093 3.87326382035408
260 2002 0.453181818181818 0.362850658656739 4.25358502864524
264 1994 0.555454545454545 0.118764982283827 3.31057795629
264 1995 0.600909090909091 0.263343555902743 3.82470546122634
264 1996 0.646363636363636 0.282794013550288 3.89721898433601
264 1997 0.691818181818182 0.388123064241947 4.2816195580101
264 1998 0.737272727272727 0.151261421612859 3.36445370968826
264 1999 0.782727272727273 0.609283019495019 5.09422083652986
264 2000 0.828181818181818 0.186614633622583 3.45630132853782
264 2001 0.873636363636364 0.353379082740493 4.0925793991509
264 2002 0.919090909090909 0.259131490693046 3.71062579138749
265 1994 0.589545454545455 0.789313938139173 5.85432427503235
265 1995 0.635 0.28606877930544 3.91605954904824
265 1996 0.680454545454545 0.140767260855292 3.33795756981259
265 1997 0.725909090909091 0.232802493438508 3.66963990611598
265 1998 0.771363636363636 0.25212556990304 3.73094749092038
265 1999 0.816818181818182 0.403157938471027 4.3061489853103
265 2000 0.862272727272727 0.23245771165413 3.64966143841917
265 2001 0.907727272727273 0.320691509829492 3.96175182913388
265 2002 0.953181818181818 0.378294181020861 4.15902395786396
