ID YEAR COMPANYAGE RnDEXPEND REVENUE
1 1994 0.441818181818182 0.470022213845634 4.68124942872153
1 1995 0.487272727272727 0.123655871658284 3.31947215531169
1 1996 0.532727272727273 0.17608490483863 3.50837826278183
1 1997 0.578181818181818 0.206715088545935 3.62034181058871
1 1998 0.623636363636364 0.109349145012769 3.23281288814245
1 1999 0.669090909090909 0.254166689946656 3.78119912042199
1 2000 0.714545454545455 0.192267858683389 3.52373584104161
1 2001 0.76 0.323093256669884 4.03629937741333
1 2002 0.805454545454545 0.373370248065952 4.18901650955577
7 1994 0.373636363636364 0.347234696853146 4.21733906440518
7 1995 0.419090909090909 0.422129745158325 4.49052163635328
7 1996 0.464545454545455 0.333843576444499 4.13913325883983
7 1997 0.51 0.244988089156063 3.78918400786464
7 1998 0.555454545454545 0.152151260339078 3.42445311919923
7 1999 0.600909090909091 0.528667432329439 4.86386837923752
7 2000 0.646363636363636 0.508516876652311 4.76846124409315
7 2001 0.691818181818182 0.406752059895831 4.36382404044545
7 2002 0.737272727272727 0.180175914183082 3.46657019163557
9 1994 0.521363636363636 0.288676609509475 3.94165081818366
9 1995 0.566818181818182 0.265698965232337 3.84670202327233
9 1996 0.612272727272727 0.278905443005074 3.88655304534611
9 1997 0.657727272727273 0.343225958822963 4.11969320754644
9 1998 0.703181818181818 0.176185852861303 3.45887860963632
9 1999 0.748636363636364 0.328164788566838 4.04244430131311
9 2000 0.794090909090909 0.285236489890222 3.84379113407931
9 2001 0.839545454545455 0.15582048475223 3.33924751335533
9 2002 0.885 0.371680708553 4.14482733105747
11 1994 0.555454545454545 0.191212718274268 3.55958794102804
11 1995 0.600909090909091 0.358451403787387 4.18793536754061
11 1996 0.646363636363636 0.25373452893527 3.78752761152251
11 1997 0.691818181818182 0.309676940125261 3.97119799895851
11 1998 0.737272727272727 0.247488069539671 3.73579726778847
11 1999 0.782727272727273 0.393476055841962 4.28318922012745
11 2000 0.828181818181818 0.271324010518903 3.78990749416972
11 2001 0.873636363636364 0.409833540716644 4.31342981250279
11 2002 0.919090909090909 0.285661255831601 3.81208043207984
13 1994 0.521363636363636 0.460461105333861 4.61654482119468
13 1995 0.566818181818182 0.313112368971057 4.03980861857901
13 1996 0.612272727272727 0.353600334253223 4.17453435850976
13 1997 0.657727272727273 0.55097441257202 4.90450520729181
13 1998 0.703181818181818 0.124142682300806 3.25615625211739
13 1999 0.748636363636364 0.457023265277467 4.55412001445619
13 2000 0.794090909090909 0.285297966059231 3.87195366894392
13 2001 0.839545454545455 0.415182663773836 4.32430082663897
13 2002 0.885 0.383407706009805 4.2121401598391
16 1994 0.135 0.169998436518218 3.62372950670945
16 1995 0.180454545454545 0.248714873984862 3.89356688987684
16 1996 0.225909090909091 0.284820727044076 4.04150205768343
16 1997 0.271363636363636 0.296651532821601 4.06848540553225
16 1998 0.316818181818182 0.429027527009594 4.55702102757936
16 1999 0.362272727272727 0.15025423426767 3.45769675391442
16 2000 0.407727272727273 0.357700874266965 4.26293657295726
16 2001 0.453181818181818 0.390002455227898 4.36391417581194
16 2002 0.498636363636364 0.214464273081037 3.66416989840502
20 1994 0.441818181818182 0.20015189488721 3.62293512849154
20 1995 0.487272727272727 0.341536382422795 4.18077753093844
20 1996 0.532727272727273 0.19041114221929 3.562486900244
20 1997 0.578181818181818 0.443681050111795 4.52850377689309
20 1998 0.623636363636364 0.0645022320905725 3.05033001728966
20 1999 0.669090909090909 0.171385003133074 3.45739449931853
20 2000 0.714545454545455 0.460100316721926 4.54288298248375
20 2001 0.76 0.435100335231404 4.44193854653464
20 2002 0.805454545454545 0.332896163399356 4.03471910843368
22 1994 0.01 0.116698535583584 3.44878833321941
22 1995 0.0554545454545455 0.410033724843613 4.5564415206253
22 1996 0.100909090909091 0.138752252793946 3.48308708983363
22 1997 0.146363636363636 0.383917289950561 4.43686346977429
22 1998 0.191818181818182 0.343570903574325 4.26324595527554
22 1999 0.237272727272727 0.402544203758887 4.47748977654228
22 2000 0.282727272727273 0.470206425974492 4.73502041768339
22 2001 0.328181818181818 0.218285785325895 3.74854583062908
22 2002 0.373636363636364 0.173848778453047 3.53226641484652
26 1994 0.294090909090909 0.232155155208188 3.80090389691944
26 1995 0.339545454545455 0.157215360892555 3.50699442747665
26 1996 0.385 0.278720575769783 3.96045147865305
26 1997 0.430454545454545 0.229666167109696 3.75390828997956
26 1998 0.475909090909091 0.297597463028768 4.00573856751311
26 1999 0.521363636363636 0.413010501662607 4.45910690984451
26 2000 0.566818181818182 0.547054243724738 4.91516375088229
26 2001 0.612272727272727 0.53312410347 4.87692586329784
26 2002 0.657727272727273 0.119344536303765 3.25645570644955
28 1994 0.521363636363636 0.227875786520077 3.71034275778381
28 1995 0.566818181818182 0.124579101061215 3.30529525987847
28 1996 0.612272727272727 0.261032982062431 3.80926908317725
28 1997 0.657727272727273 0.303676362421848 3.96172358414468
28 1998 0.703181818181818 0.195889521523292 3.50914664628398
28 1999 0.748636363636364 0.198145422254477 3.50650233837681
28 2000 0.794090909090909 0.43467648629049 4.42828213377554
28 2001 0.839545454545455 0.199043603182012 3.52315607097081
28 2002 0.885 0.295151063408426 3.86782448780632
31 1994 0.464545454545455 0.258178448257049 3.85379964057367
31 1995 0.51 0.317161191148272 4.0856782527686
31 1996 0.555454545454545 0.42027957251783 4.43198829788089
31 1997 0.600909090909091 0.308943341748846 4.00413819584533
31 1998 0.646363636363636 0.180999857436748 3.49833524043147
31 1999 0.691818181818182 0.359289270324822 4.16531230525121
31 2000 0.737272727272727 0.291031857894943 3.88502974294581
31 2001 0.782727272727273 0.258281708237901 3.77115042508107
31 2002 0.828181818181818 0.419996232444717 4.36682870498233
32 1994 0.589545454545455 0.235831132145243 3.72711989267177
32 1995 0.635 0.427762499522199 4.45775959134426
32 1996 0.680454545454545 0.343215854094375 4.13357907180704
32 1997 0.725909090909091 0.274476380775261 3.84569361089071
32 1998 0.771363636363636 0.489557305198963 4.6467603506733
32 1999 0.816818181818182 0.457332316767637 4.49916543071975
32 2000 0.862272727272727 0.24385567288048 3.68622107814662
32 2001 0.907727272727273 0.41496367537558 4.32303408185555
32 2002 0.953181818181818 0.206473826699833 3.50307923188558
35 1994 0.635 0.378898890662089 4.27854340725345
35 1995 0.680454545454545 0.297914789195026 3.95408267522368
35 1996 0.725909090909091 0.202490368629584 3.55795375302036
35 1997 0.771363636363636 0.124867952626416 3.23710913778099
35 1998 0.816818181818182 0.258753448345024 3.726671977967
35 1999 0.862272727272727 0.222756341698163 3.59893973390014
35 2000 0.907727272727273 0.484119781151085 4.59009997525514
35 2001 0.953181818181818 0.137298079239031 3.23735706357014
35 2002 0.998636363636364 0.314674173185564 3.90747113178843
37 1994 0.578181818181818 0.458830897358217 4.59412949243467
37 1995 0.623636363636364 0.546081566029863 4.93426681628738
37 1996 0.669090909090909 0.267257104570529 3.82466915633572
37 1997 0.714545454545455 0.30815989917555 3.9774488049238
37 1998 0.76 0.255838013325955 3.74296965299215
37 1999 0.805454545454545 0.601367076857256 5.07172570395368
37 2000 0.850909090909091 0.477873379211189 4.57782398332263
37 2001 0.896363636363636 0.346994814389375 4.0483212895055
37 2002 0.941818181818182 0.31320741502797 3.91724005744352
38 1994 0.566818181818182 0.266672547610129 3.86450901995641
38 1995 0.612272727272727 0.440892142487629 4.51108784409308
38 1996 0.657727272727273 0.323640012367627 4.03388105316771
38 1997 0.703181818181818 0.190488510279724 3.51692571776359
38 1998 0.748636363636364 0.264430961450536 3.78138608425414
38 1999 0.794090909090909 0.0501186192801534 2.9615225404302
38 2000 0.839545454545455 0.173094822820188 3.39358848568568
38 2001 0.885 0.262696307598442 3.74296957887392
38 2002 0.930454545454545 0.496504502559056 4.6408488097685
39 1994 0.430454545454545 0.142565928872506 3.43683628920748
39 1995 0.475909090909091 0.495344403036483 4.76049176380182
39 1996 0.521363636363636 0.368878650202142 4.24827037906226
39 1997 0.566818181818182 0.0916210080649976 3.16692839263562
39 1998 0.612272727272727 0.116982848820797 3.26800208861263
39 1999 0.657727272727273 0.320918927194469 4.04091372347746
39 2000 0.703181818181818 0.24193873685791 3.73437993405372
39 2001 0.748636363636364 0.460425878634197 4.54011596930749
39 2002 0.794090909090909 0.355189849113093 4.11862065396447
41 1994 0.521363636363636 0.334132798920396 4.12673104498831
41 1995 0.566818181818182 0.125114713812563 3.28372902994896
41 1996 0.612272727272727 0.515570003153361 4.79680316556382
41 1997 0.657727272727273 0.161027215097429 3.41778550249546
41 1998 0.703181818181818 0.335051422279776 4.08417546222726
41 1999 0.748636363636364 0.348361762474535 4.10757483143431
41 2000 0.794090909090909 0.346179472172119 4.09224809649249
41 2001 0.839545454545455 0.442773507471367 4.44379168639676
41 2002 0.885 0.366380611193119 4.13006323115866
42 1994 0.271363636363636 0.236601921899187 3.81566177164196
42 1995 0.316818181818182 0.346131166030476 4.23602639960584
42 1996 0.362272727272727 0.30353736916964 4.05518738436677
42 1997 0.407727272727273 0.213854736018951 3.70323358388408
42 1998 0.453181818181818 0.200388458249143 3.62059723613415
42 1999 0.498636363636364 0.162630375554596 3.46814221260855
42 2000 0.544090909090909 0.306933588424827 4.0256686621525
42 2001 0.589545454545455 0.315457513020029 4.03132075021423
42 2002 0.635 0.53004456758245 4.87313231200641
43 1994 0.169090909090909 0.359600731804922 4.32310698213031
43 1995 0.214545454545455 0.634317843894436 5.37127519824058
43 1996 0.26 0.249544321208047 3.87683018301702
43 1997 0.305454545454545 0.20120861832296 3.67592343353282
43 1998 0.350909090909091 0.227247680007145 3.77333316370425
43 1999 0.396363636363636 0.214330345235828 3.71578184932029
43 2000 0.441818181818182 0.104350125670975 3.28203034282464
43 2001 0.487272727272727 0.322085284621378 4.08467671491252
43 2002 0.532727272727273 0.250433049217401 3.82577215950781
44 1994 0.271363636363636 0.275729647764214 3.98581873241246
44 1995 0.316818181818182 0.306881850643912 4.10813433821472
44 1996 0.362272727272727 0.408555809065679 4.44052506598198
44 1997 0.407727272727273 0.0533185141298735 3.09165301635699
44 1998 0.453181818181818 0.241893756858559 3.79478662937786
44 1999 0.498636363636364 0.246330891096136 3.79786962904618
44 2000 0.544090909090909 0.262055878084815 3.83367266835298
44 2001 0.589545454545455 0.150768891568624 3.39781791237457
44 2002 0.635 0.38292891371645 4.28153260691373
45 1994 0.566818181818182 0.217671883423177 3.67788477863681
45 1995 0.612272727272727 0.221399080931405 3.65490434985304
45 1996 0.657727272727273 0.190550244590411 3.53443799034753
45 1997 0.703181818181818 0.125524274746396 3.25812063028783
45 1998 0.748636363636364 0.214054526275845 3.60219398078884
45 1999 0.794090909090909 0.295413987253143 3.88452331517208
45 2000 0.839545454545455 0.28541221351605 3.83728851371917
45 2001 0.885 0.183911144739103 3.43263489556767
45 2002 0.930454545454545 0.389289404764022 4.22323368603469
46 1994 0.350909090909091 0.482783822641323 4.75381918369694
46 1995 0.396363636363636 0.223551429891773 3.7465634193296
46 1996 0.441818181818182 0.444337797225707 4.58829182401861
46 1997 0.487272727272727 0.390770305170231 4.37717419114538
46 1998 0.532727272727273 0.23345054613719 3.74356935678268
46 1999 0.578181818181818 0.194898422849411 3.56938993834193
46 2000 0.623636363636364 0.292045907175449 3.91852092298327
46 2001 0.669090909090909 0.222040295507655 3.63930818107259
46 2002 0.714545454545455 0.334569574931583 4.08104406405374
47 1994 0.646363636363636 0.305044779995816 3.98220667150883
47 1995 0.691818181818182 0.155010326060688 3.3856611080699
47 1996 0.737272727272727 0.429510839191906 4.43480517061046
47 1997 0.782727272727273 0.776054549605787 5.76037830104383
47 1998 0.828181818181818 0.169693096679784 3.38735479856861
47 1999 0.873636363636364 0.216781243252285 3.58248808287768
47 2000 0.919090909090909 0.406274872231284 4.29111210721718
47 2001 0.964545454545455 0.461382544991798 4.48117267211366
47 2002 1.01 0.307009955903854 3.86818684753384
48 1994 0.328181818181818 0.073823765310757 3.16933606875778
48 1995 0.373636363636364 0.347685252460057 4.24469537307474
48 1996 0.419090909090909 0.320562731002648 4.10194894312429
48 1997 0.464545454545455 0.232437117385579 3.77038299336193
48 1998 0.51 0.17040259737267 3.50911199858146
48 1999 0.555454545454545 0.423248564115702 4.46964244025728
48 2000 0.600909090909091 0.282117122751575 3.9083462225427
48 2001 0.646363636363636 0.646413849964391 5.28395414135925
48 2002 0.691818181818182 0.199170549614697 3.55190638997439
51 1994 0.0327272727272727 0.494606184098134 4.88404177312201
51 1995 0.0781818181818182 0.0660774445866041 3.22738473713683
51 1996 0.123636363636364 0.479560407922604 4.81192187822041
51 1997 0.169090909090909 0.49424373972669 4.85595299587554
51 1998 0.214545454545455 0.347534751368386 4.27529366018929
51 1999 0.26 0.512530519470113 4.89940498436212
51 2000 0.305454545454545 0.0989329646727297 3.27822697977156
51 2001 0.350909090909091 0.30261969555241 4.06676572787212
51 2002 0.396363636363636 0.27307070435895 3.93790410833488
52 1994 0.282727272727273 0.378658497338658 4.36782457896644
52 1995 0.328181818181818 0.296652462135713 4.04396253869371
52 1996 0.373636363636364 0.311308503802829 4.08591714002813
52 1997 0.419090909090909 0.631423798285953 5.31604024331089
52 1998 0.464545454545455 0.547798559962204 4.96682035342865
52 1999 0.51 0.251263227985384 3.80935542089892
52 2000 0.555454545454545 0.234073348424999 3.74415341527233
52 2001 0.600909090909091 0.146892947794335 3.36816609118299
52 2002 0.646363636363636 0.441135498554833 4.50189300045486
53 1994 0.396363636363636 0.401686781356377 4.44283263345385
53 1995 0.441818181818182 0.421951486406622 4.49414408472052
53 1996 0.487272727272727 0.481937732051818 4.70041767553491
53 1997 0.532727272727273 0.447342054395551 4.56370609592837
53 1998 0.578181818181818 0.344155355255456 4.13999837797123
53 1999 0.623636363636364 0.346070098600151 4.14269744378255
53 2000 0.669090909090909 0.340822477586903 4.09986057589406
53 2001 0.714545454545455 0.146389247731716 3.34069366368522
53 2002 0.76 0.332670792609639 4.05407373784438
54 1994 0.362272727272727 0.16684286739927 3.51311185114158
54 1995 0.407727272727273 0.277031548997464 3.95416990132403
54 1996 0.453181818181818 0.251746493501419 3.83850614334622
54 1997 0.498636363636364 0.134339495191792 3.35555008368983
54 1998 0.544090909090909 0.332120373148316 4.11241346820429
54 1999 0.589545454545455 0.367397665075594 4.21664405073343
54 2000 0.635 0.722467866923458 5.57793424642909
54 2001 0.680454545454545 0.429992896105964 4.4485789516719
54 2002 0.725909090909091 0.238342789016298 3.68632715579246
55 1994 0.237272727272727 0.398191775257396 4.45114036868902
55 1995 0.282727272727273 0.380689365688093 4.39413503858193
55 1996 0.328181818181818 0.383688126452581 4.36219245455962
55 1997 0.373636363636364 0.299218063233182 4.05599345134482
55 1998 0.419090909090909 0.225530367767134 3.74442869374648
55 1999 0.464545454545455 0.578507487991407 5.08257120539801
55 2000 0.51 0.50568604063629 4.78889075384312
55 2001 0.555454545454545 0.679858635600786 5.44756697299467
55 2002 0.600909090909091 0.272594816856424 3.87126058835202
57 1994 0.589545454545455 0.259167393490316 3.80540512428366
57 1995 0.635 0.314374296800518 4.00946269005796
57 1996 0.680454545454545 0.227869751543036 3.66542582787159
57 1997 0.725909090909091 0.228489086821498 3.66666766933516
57 1998 0.771363636363636 0.255918391142442 3.75725376695824
57 1999 0.816818181818182 0.428523987455698 4.41298228660206
57 2000 0.862272727272727 0.392722592633945 4.23757647631703
57 2001 0.907727272727273 0.376974858161402 4.1810830994851
57 2002 0.953181818181818 0.160167475918484 3.32258609761457
59 1994 0.248636363636364 0.270151649859324 3.95915267707151
59 1995 0.294090909090909 0.11133367796326 3.3363254061882
59 1996 0.339545454545455 0.369620926445484 4.3080273454912
59 1997 0.385 0.29720220637703 4.01456084496893
59 1998 0.430454545454545 0.23359280633193 3.77309047188983
59 1999 0.475909090909091 0.39865923515223 4.38990780983626
59 2000 0.521363636363636 0.320083025552956 4.09045191503754
59 2001 0.566818181818182 0.365762774369758 4.23345560929568
59 2002 0.612272727272727 0.111829444787578 3.24448076223821
60 1994 0.578181818181818 0.295610826300994 3.97763405602644
60 1995 0.623636363636364 0.309162518255129 4.01252152050768
60 1996 0.669090909090909 0.645186827491727 5.28662526347116
60 1997 0.714545454545455 0.318419656048758 4.02202394234374
60 1998 0.76 0.50381146407645 4.69851220755724
60 1999 0.805454545454545 0.184528438987666 3.46480756012107
60 2000 0.850909090909091 0.323377142917417 3.98789494109448
60 2001 0.896363636363636 0.316140937816276 3.94464228346883
60 2002 0.941818181818182 0.204833145210614 3.48166552627666
62 1994 0.623636363636364 0.278967981091356 3.87785678746674
62 1995 0.669090909090909 0.229948235586554 3.68249845144518
62 1996 0.714545454545455 0.338946228790004 4.08737496131236
62 1997 0.76 0.237207493213348 3.6837383058757
62 1998 0.805454545454545 0.357552585913337 4.1318858399944
62 1999 0.850909090909091 0.37756451543491 4.20731869618869
62 2000 0.896363636363636 0.306106686683161 3.90940651323442
62 2001 0.941818181818182 0.32778673402653 3.96392746747338
62 2002 0.987272727272727 0.491156599088145 4.60512212361425
65 1994 0.328181818181818 0.2826674205847 4.00283959078059
65 1995 0.373636363636364 0.474445340680526 4.71096745905743
65 1996 0.419090909090909 0.361540145794377 4.25825333165224
65 1997 0.464545454545455 0.204557191104479 3.66073279455674
65 1998 0.51 0.433662286313989 4.52093784837735
65 1999 0.555454545454545 0.320152140570509 4.07058039157627
65 2000 0.600909090909091 0.440991807071996 4.50884948779191
65 2001 0.646363636363636 0.201327155299729 3.56669893219016
65 2002 0.691818181818182 0.346089476283624 4.10866898897171
66 1994 0.01 0.285642927839302 4.09622004419869
66 1995 0.0554545454545455 0.303663388324417 4.16349354786689
66 1996 0.100909090909091 0.516934600414093 4.97232439765116
66 1997 0.146363636363636 0.26396388841351 3.95001153238172
66 1998 0.191818181818182 0.0885646809748883 3.28828076421573
66 1999 0.237272727272727 0.440843618496666 4.63415551657625
66 2000 0.282727272727273 0.36866989273323 4.32389571740371
66 2001 0.328181818181818 0.295760866790646 4.03087658617398
66 2002 0.373636363636364 0.351603695169196 4.23349422066116
68 1994 0.555454545454545 0.204793014160624 3.63984616419912
68 1995 0.600909090909091 0.486592962372395 4.71238778235531
68 1996 0.646363636363636 0.492600105756949 4.69519312420763
68 1997 0.691818181818182 0.400446133235665 4.31836117904353
68 1998 0.737272727272727 0.406713658459406 4.33956299198915
68 1999 0.782727272727273 0.341232942394343 4.07743103714676
68 2000 0.828181818181818 0.514758715098213 4.72725009866745
68 2001 0.873636363636364 0.428828589346237 4.38761823152796
68 2002 0.919090909090909 0.367906578296982 4.13113389207212
69 1994 0.328181818181818 0.641368907341691 5.3481380901722
69 1995 0.373636363636364 0.174503309446627 3.55652296624013
69 1996 0.419090909090909 0.601458166042297 5.19811333912784
69 1997 0.464545454545455 0.329752982841735 4.1344216548416
69 1998 0.51 0.288485109452149 3.95491516861564
69 1999 0.555454545454545 0.305767154536648 4.00435354212109
69 2000 0.600909090909091 0.404140441339815 4.38596194070017
69 2001 0.646363636363636 0.481009043597954 4.66351846775102
69 2002 0.691818181818182 0.581813457453834 5.05050921126191
72 1994 0.521363636363636 0.452356436539898 4.56571235330666
72 1995 0.566818181818182 0.323297347422602 4.06862568696771
72 1996 0.612272727272727 0.164949259532737 3.44077369137895
72 1997 0.657727272727273 0.275811756710844 3.84529129009629
72 1998 0.703181818181818 0.36490808497774 4.17679716342485
72 1999 0.748636363636364 0.553233656020553 4.91641179747086
72 2000 0.794090909090909 0.330815888938009 4.0288163604848
72 2001 0.839545454545455 0.121816444793012 3.21276635455495
72 2002 0.885 0.391379386167222 4.24265949736476
73 1994 0.100909090909091 0.555208044971157 5.10968265155066
73 1995 0.146363636363636 0.505718918462544 4.90923808945505
73 1996 0.191818181818182 0.453633975150048 4.69842193340268
73 1997 0.237272727272727 0.358926761581537 4.31842644954659
73 1998 0.282727272727273 0.433858240665534 4.57387652732662
73 1999 0.328181818181818 0.136887928290768 3.40998598143449
73 2000 0.373636363636364 0.449015469364332 4.61547491111581
73 2001 0.419090909090909 0.307589810270475 4.06447300545964
73 2002 0.464545454545455 0.524503237604909 4.90062891521975
74 1994 0.555454545454545 0.298250720214847 3.96500777074566
74 1995 0.600909090909091 0.273159532273117 3.87574412238252
74 1996 0.646363636363636 0.471258517514366 4.60953914017532
74 1997 0.691818181818182 0.162386637028227 3.40461879015366
74 1998 0.737272727272727 0.307390391034081 3.95526936156835
74 1999 0.782727272727273 0.152964271847593 3.32826211017382
74 2000 0.828181818181818 0.303343793273077 3.90796720381345
74 2001 0.873636363636364 0.350039644569406 4.09952804697161
74 2002 0.919090909090909 0.146322681372494 3.27531461703736
75 1994 0.350909090909091 0.305507715540992 4.0860683694259
75 1995 0.396363636363636 0.157061250075258 3.49949783891583
75 1996 0.441818181818182 0.370167295779236 4.29273217897694
75 1997 0.487272727272727 0.338543478320191 4.16150166391811
75 1998 0.532727272727273 0.172254567500911 3.47981230272921
75 1999 0.578181818181818 0.497466643467432 4.73820585222639
75 2000 0.623636363636364 0.248243609776299 3.77276608080133
75 2001 0.669090909090909 0.212497701802149 3.59766571253889
75 2002 0.714545454545455 0.150145302732619 3.35350612533808
76 1994 0.589545454545455 0.38913951872162 4.33284887524424
76 1995 0.635 0.426668714992653 4.44164738304049
76 1996 0.680454545454545 0.213003669837996 3.61186504129426
76 1997 0.725909090909091 0.429624424475044 4.43717898642121
76 1998 0.771363636363636 0.167830134534295 3.40357288912607
76 1999 0.816818181818182 0.307076012325013 3.91719425707199
76 2000 0.862272727272727 0.270809183977131 3.76522305855883
76 2001 0.907727272727273 0.326994450609727 3.97920513539568
76 2002 0.953181818181818 0.347595156315474 4.04374011710973
79 1994 0.26 0.276368345359542 3.99575924106749
79 1995 0.305454545454545 0.239724212911277 3.83963041373446
79 1996 0.350909090909091 0.631913501584501 5.34827350041414
79 1997 0.396363636363636 0.22768860374727 3.76833105990458
79 1998 0.441818181818182 0.434557988096774 4.54751123208378
79 1999 0.487272727272727 0.671433985999284 5.44427695762012
79 2000 0.532727272727273 0.234028156184613 3.72761653079544
79 2001 0.578181818181818 0.4502832305588 4.55129566017628
79 2002 0.623636363636364 0.203103356553841 3.57591616526311
80 1994 0.487272727272727 0.453081963045937 4.58683824432462
80 1995 0.532727272727273 0.214234187214209 3.68935933749261
80 1996 0.578181818181818 0.190299182575942 3.56595947505545
80 1997 0.623636363636364 0.217538436335134 3.64746048567941
80 1998 0.669090909090909 0.369219335307182 4.2205238390289
80 1999 0.714545454545455 0.23409985503392 3.67606377403121
80 2000 0.76 0.376719055496806 4.21657684935174
80 2001 0.805454545454545 0.573038959750892 4.96373989153382
80 2002 0.850909090909091 0.115971088652363 3.17953585614309
84 1994 0.498636363636364 0.405480410103878 4.40339478367988
84 1995 0.544090909090909 0.301326356480619 3.99538247115133
84 1996 0.589545454545455 0.434653948864231 4.51624584654415
84 1997 0.635 0.330786866650605 4.08184972965686
84 1998 0.680454545454545 0.153113975383198 3.37321143575097
84 1999 0.725909090909091 0.194953546515697 3.53017198131291
84 2000 0.771363636363636 0.289953583551924 3.88860995153298
84 2001 0.816818181818182 0.308507741502103 3.93191906205526
84 2002 0.862272727272727 0.227408435979779 3.61051235525454
85 1994 0.203181818181818 0.109038726652212 3.36037120366838
85 1995 0.248636363636364 0.631426670524024 5.34354721493745
85 1996 0.294090909090909 0.341712858486854 4.24496325550188
85 1997 0.339545454545455 0.0826645021663679 3.22079443538055
85 1998 0.385 0.445010429867428 4.6066533766608
85 1999 0.430454545454545 0.382487092385186 4.34799282034901
85 2000 0.475909090909091 0.157556239997468 3.44791090385183
85 2001 0.521363636363636 0.207508092285819 3.63870492280823
85 2002 0.566818181818182 0.529365407805449 4.87635490304041
86 1994 0.646363636363636 0.299507299164784 3.9624011273264
86 1995 0.691818181818182 0.465584132833527 4.5879635084453
86 1996 0.737272727272727 0.372794022553284 4.21895877294803
86 1997 0.782727272727273 0.430425710864105 4.42545128539671
86 1998 0.828181818181818 0.331012629871938 4.01675966640695
86 1999 0.873636363636364 0.564452946033915 4.91620433676776
86 2000 0.919090909090909 0.351554107650661 4.09042871466591
86 2001 0.964545454545455 0.26585856985377 3.72981588018343
86 2002 1.01 0.412495753835636 4.2845550447129
87 1994 0.544090909090909 0.217053380726031 3.66214336071571
87 1995 0.589545454545455 0.198166305484768 3.59996742758626
87 1996 0.635 0.266104382266082 3.83122456774106
87 1997 0.680454545454545 0.072928756531585 3.07321065217103
87 1998 0.725909090909091 0.236755741429207 3.70992462305799
87 1999 0.771363636363636 0.112471431101056 3.18993927569543
87 2000 0.816818181818182 0.19281117590937 3.49683113120942
87 2001 0.862272727272727 0.168931833347794 3.38072789023653
87 2002 0.907727272727273 0.32716256354898 3.99549126788047
88 1994 0.600909090909091 0.409717232258531 4.39611620290636
88 1995 0.646363636363636 0.148954800205371 3.38410491774286
88 1996 0.691818181818182 0.300890403931229 3.95524727965166
88 1997 0.737272727272727 0.288315546019288 3.87907731644693
88 1998 0.782727272727273 0.583985791237877 5.01163895389242
88 1999 0.828181818181818 0.165253729978943 3.37113369867156
88 2000 0.873636363636364 0.224157257565696 3.59049746621409
88 2001 0.919090909090909 0.47208226938448 4.55220433220386
88 2002 0.964545454545455 0.307302401494167 3.87935795412585
89 1994 0.566818181818182 0.528379873925889 4.84703768552041
89 1995 0.612272727272727 0.159287952076187 3.41926434760886
89 1996 0.657727272727273 0.168576043849704 3.46437885542746
89 1997 0.703181818181818 0.432141732800807 4.43573758373823
89 1998 0.748636363636364 0.357204602876217 4.15555264785851
89 1999 0.794090909090909 0.350774354232901 4.12053709701857
89 2000 0.839545454545455 0.174279245668127 3.40805922654236
89 2001 0.885 0.342886773014465 4.03349894819384
89 2002 0.930454545454545 0.465263012173029 4.50196088877409
90 1994 0.203181818181818 0.355703602391196 4.31557512517296
90 1995 0.248636363636364 0.357525050878364 4.28244243486953
90 1996 0.294090909090909 0.579155454825282 5.14470739279425
90 1997 0.339545454545455 0.299351377538324 4.05048434181952
90 1998 0.385 0.128461969048301 3.38586567968449
90 1999 0.430454545454545 0.216074458789073 3.69501009081768
90 2000 0.475909090909091 0.387965032385226 4.35532120170233
90 2001 0.521363636363636 0.535782986150928 4.91888143284846
90 2002 0.566818181818182 0.54195863799236 4.9241755732566
91 1994 0.214545454545455 0.441834515217258 4.64190083402542
91 1995 0.26 0.110622446192109 3.34275778104829
91 1996 0.305454545454545 0.387245838826708 4.38866301541103
91 1997 0.350909090909091 0.68802325647086 5.55004660852694
91 1998 0.396363636363636 0.207719236295619 3.67917677115563
91 1999 0.441818181818182 0.405571713220644 4.42632110957192
91 2000 0.487272727272727 0.493489163853088 4.75386933263079
91 2001 0.532727272727273 0.267244516262086 3.87027821267551
91 2002 0.578181818181818 0.333844604100265 4.09903224309502
95 1994 0.555454545454545 0.311934574871848 4.03268985601687
95 1995 0.600909090909091 0.271509501636524 3.85607450321587
95 1996 0.646363636363636 0.284935774958392 3.89106565958821
95 1997 0.691818181818182 0.112036353905113 3.21752272621167
95 1998 0.737272727272727 0.481310177747806 4.63178358163892
95 1999 0.782727272727273 0.249820653163268 3.72438511645643
95 2000 0.828181818181818 0.318242604570609 3.99486134971686
95 2001 0.873636363636364 0.416510656705987 4.35982481378033
95 2002 0.919090909090909 0.496594125881409 4.625152326989
96 1994 0.0213636363636364 0.602938748118832 5.31601597288692
96 1995 0.0668181818181818 0.441959107967795 4.67703115638358
96 1996 0.112272727272727 0.306734317365505 4.13456063036954
96 1997 0.157727272727273 0.796373957045983 6.03457872605077
96 1998 0.203181818181818 0.124479574741294 3.41140808905794
96 1999 0.248636363636364 0.358080934301112 4.29537835653878
96 2000 0.294090909090909 0.431369124868702 4.58064149486588
96 2001 0.339545454545455 0.322677847592888 4.14413182825893
96 2002 0.385 0.327797488186356 4.13090076102996
97 1994 0.157727272727273 0.384684786157258 4.43389279825872
97 1995 0.203181818181818 0.299059788176184 4.0926960158719
97 1996 0.248636363636364 0.247029436590574 3.88928460463522
97 1997 0.294090909090909 0.411778967338499 4.50118488401448
97 1998 0.339545454545455 0.202597427212612 3.67857557087182
97 1999 0.385 0.31731363730132 4.10264997395718
97 2000 0.430454545454545 0.361521232569541 4.2510520170808
97 2001 0.475909090909091 0.233375915102366 3.75253508583838
97 2002 0.521363636363636 0.228352213448105 3.71506215388328
98 1994 0.555454545454545 0.15058064313659 3.39134629309141
98 1995 0.600909090909091 0.467518209284265 4.62667188483228
98 1996 0.646363636363636 0.680843703273593 5.41595142744662
98 1997 0.691818181818182 0.396222099250114 4.32735245560329
98 1998 0.737272727272727 0.521515089007534 4.78935993322674
98 1999 0.782727272727273 0.181458119742746 3.45561996407918
98 2000 0.828181818181818 0.417196521145501 4.35255632151242
98 2001 0.873636363636364 0.290867441624903 3.86177545548033
98 2002 0.919090909090909 0.347149571829297 4.0585383366659
99 1994 0.555454545454545 0.679383719706213 5.45214264628079
99 1995 0.600909090909091 0.353121619721387 4.17334939172887
99 1996 0.646363636363636 0.450652195029817 4.54021062415951
99 1997 0.691818181818182 0.316000196703135 4.01094676283116
99 1998 0.737272727272727 0.203531348467108 3.54729352715012
99 1999 0.782727272727273 0.322595325066597 3.99737570276164
99 2000 0.828181818181818 0.564219681201646 4.92275497642215
99 2001 0.873636363636364 0.489635924939546 4.61176141188363
99 2002 0.919090909090909 0.169986157466231 3.36886748321378
101 1994 0.578181818181818 0.312263611366233 4.03347578318644
101 1995 0.623636363636364 0.236000166054736 3.71400185753207
101 1996 0.669090909090909 0.290100801748607 3.90428587088543
101 1997 0.714545454545455 0.279972964007304 3.85523084267833
101 1998 0.76 0.406832426638713 4.33515432991487
101 1999 0.805454545454545 0.315207710893954 3.93375074695034
101 2000 0.850909090909091 0.403336962577197 4.29318710929469
101 2001 0.896363636363636 0.378057133341297 4.172127088212
101 2002 0.941818181818182 0.336915544487075 4.01423130576868
103 1994 0.248636363636364 0.264495310567592 3.94227794650674
103 1995 0.294090909090909 0.525031727787925 4.93148107276824
103 1996 0.339545454545455 0.414318388313776 4.48683373010584
103 1997 0.385 0.611870939650825 5.23056182250663
103 1998 0.430454545454545 0.342035920780599 4.17112604435236
103 1999 0.475909090909091 0.23143867334048 3.75714893122306
103 2000 0.521363636363636 0.443894449416143 4.55597363321484
103 2001 0.566818181818182 0.383648272485433 4.29404058433535
103 2002 0.612272727272727 0.345059274211002 4.11926467046255
104 1994 0.430454545454545 0.209252286664251 3.68028487029059
104 1995 0.475909090909091 0.358597207781994 4.23418798812196
104 1996 0.521363636363636 0.286119754349708 3.93056875357282
104 1997 0.566818181818182 0.410353632769436 4.40646786965061
104 1998 0.612272727272727 0.341286748459546 4.12956026082682
104 1999 0.657727272727273 0.420485228723683 4.43335330568918
104 2000 0.703181818181818 0.266918214606182 3.80167056693271
104 2001 0.748636363636364 0.137336565494592 3.29645366299608
104 2002 0.794090909090909 0.334021793220951 4.05160625459688
107 1994 0.544090909090909 0.196927973653521 3.58780020035269
107 1995 0.589545454545455 0.102435693328951 3.21379841297252
107 1996 0.635 0.315141216116607 4.01329432249574
107 1997 0.680454545454545 0.342763622553316 4.10353460020828
107 1998 0.725909090909091 0.277523180815832 3.84259890738371
107 1999 0.771363636363636 0.224050527163588 3.65278061763134
107 2000 0.816818181818182 0.486582478483311 4.6286062361428
107 2001 0.862272727272727 0.346005343025474 4.06958553143178
107 2002 0.907727272727273 0.588871389994127 4.99589670074485
108 1994 0.475909090909091 0.31825020037074 4.06930586538281
108 1995 0.521363636363636 0.261877265740441 3.85271734262541
108 1996 0.566818181818182 0.19501689172456 3.56687900963175
108 1997 0.612272727272727 0.497596240852854 4.73129246011203
108 1998 0.657727272727273 0.376070770706892 4.25182065727579
108 1999 0.703181818181818 1.01 6.6725274292275
108 2000 0.748636363636364 0.356932160460599 4.15277814118501
108 2001 0.794090909090909 0.393003704151304 4.26173811182216
108 2002 0.839545454545455 0.785034279178627 5.75459779621505
109 1994 0.0781818181818182 0.411680530442307 4.57141600155368
109 1995 0.123636363636364 0.351806544484158 4.32623917247368
109 1996 0.169090909090909 0.456134543678074 4.71091830135156
109 1997 0.214545454545455 0.161711802161079 3.5681850204985
109 1998 0.26 0.302860327567555 4.08979907240932
109 1999 0.305454545454545 0.187704045546987 3.61880888997415
109 2000 0.350909090909091 0.267674387570332 3.91417091715409
109 2001 0.396363636363636 0.30784580571436 4.06865003339833
109 2002 0.441818181818182 0.355032827302773 4.23419219874021
110 1994 0.135 0.23224928103442 3.84332701116996
110 1995 0.180454545454545 0.462783991754265 4.72998641662954
110 1996 0.225909090909091 0.329166109333344 4.22153682749519
110 1997 0.271363636363636 0.255519074671892 3.90154378815341
110 1998 0.316818181818182 0.153652401253915 3.47652399312818
110 1999 0.362272727272727 0.272901633265408 3.93038856400795
110 2000 0.407727272727273 0.384717724674646 4.37226887190053
110 2001 0.453181818181818 0.359689884712433 4.26149870108092
110 2002 0.498636363636364 0.187430707153844 3.56518913626671
111 1994 0.214545454545455 0.232074095659465 3.81331581849124
111 1995 0.26 0.314230923902548 4.1334073535557
111 1996 0.305454545454545 0.200575453710504 3.68722527237105
111 1997 0.350909090909091 0.337814316920639 4.189250751888
111 1998 0.396363636363636 0.351204752385016 4.23200067778553
111 1999 0.441818181818182 0.131759141328292 3.36943804910792
111 2000 0.487272727272727 0.364681321958394 4.27047471167779
111 2001 0.532727272727273 0.266734572020925 3.86880905131992
111 2002 0.578181818181818 0.293115752490958 3.97687907882802
113 1994 0.191818181818182 0.215864718089187 3.80200827740256
113 1995 0.237272727272727 0.293339512431388 4.0481267740598
113 1996 0.282727272727273 0.296357990276087 4.05236663575751
113 1997 0.328181818181818 0.380833046617561 4.37145442900992
113 1998 0.373636363636364 0.390370459934759 4.37064813778529
113 1999 0.419090909090909 0.327013763528611 4.1294705920716
113 2000 0.464545454545455 0.355850614276125 4.2281512840455
113 2001 0.51 0.433649176833486 4.50136288313117
113 2002 0.555454545454545 0.337351887147418 4.1270787683512
114 1994 0.01 0.19875086080323 3.76813989906422
114 1995 0.0554545454545455 0.39127449469392 4.49641784096136
114 1996 0.100909090909091 0.378639065215772 4.43650929736016
114 1997 0.146363636363636 0.160134378195167 3.57347873689157
114 1998 0.191818181818182 0.598283598944109 5.25164657481812
114 1999 0.237272727272727 0.349906790151263 4.28969870097274
114 2000 0.282727272727273 0.392284663166643 4.4229597572734
114 2001 0.328181818181818 0.370203326645522 4.32390142308373
114 2002 0.373636363636364 0.39051884666015 4.39034641260907
115 1994 0.487272727272727 0.489496130504411 4.74166910248137
115 1995 0.532727272727273 0.336738447740996 4.11918128674411
115 1996 0.578181818181818 0.292681283313543 3.95126086741625
115 1997 0.623636363636364 0.158262872841093 3.43034615274048
115 1998 0.669090909090909 0.557819672778505 4.94111664431399
115 1999 0.714545454545455 0.549316884786323 4.89475895905783
115 2000 0.76 0.262949729315229 3.77607337320458
115 2001 0.805454545454545 0.22348381918542 3.60072809863399
115 2002 0.850909090909091 0.344912215833411 4.07413949308559
116 1994 0.135 0.56156838970579 5.12703313676548
116 1995 0.180454545454545 0.170994579711155 3.62547007118464
116 1996 0.225909090909091 0.230996688322155 3.82353559230396
116 1997 0.271363636363636 0.356171613805659 4.29657481693691
116 1998 0.316818181818182 0.22142104587525 3.75392834870822
116 1999 0.362272727272727 0.595750539287654 5.19772622496251
116 2000 0.407727272727273 0.223565563370997 3.73560326810866
116 2001 0.453181818181818 0.535563705642841 4.90302998214898
116 2002 0.498636363636364 0.319304607317591 4.07162723194093
117 1994 0.305454545454545 0.464415567923597 4.70995449227764
117 1995 0.350909090909091 0.0990729373279991 3.26314252136412
117 1996 0.396363636363636 0.330931441103385 4.16136467700258
117 1997 0.441818181818182 0.447970846761611 4.5835918465005
117 1998 0.487272727272727 0.177542021281288 3.53879997293451
117 1999 0.532727272727273 0.284327532334926 3.93783962741728
117 2000 0.578181818181818 0.415417644481561 4.41529276057985
117 2001 0.623636363636364 0.271191480699042 3.8380373159329
117 2002 0.669090909090909 0.216534257320999 3.63574563099623
118 1994 0.316818181818182 0.351236113255891 4.26376364451871
118 1995 0.362272727272727 0.329014551287529 4.15998197501066
118 1996 0.407727272727273 0.462018244857502 4.65598125593846
118 1997 0.453181818181818 0.321247449593371 4.10591180042094
118 1998 0.498636363636364 0.324822756322184 4.10259247897125
118 1999 0.544090909090909 0.417691650950973 4.44300253623573
118 2000 0.589545454545455 0.199590533134451 3.59371884546033
118 2001 0.635 0.144569617618997 3.35476565906051
118 2002 0.680454545454545 0.527372564605915 4.82067862461684
119 1994 0.0213636363636364 0.43200693342192 4.63916136201191
119 1995 0.0668181818181818 0.14446010707009 3.52421647975677
119 1996 0.112272727272727 0.321779313379989 4.22063589908376
119 1997 0.157727272727273 0.192079727517969 3.68569324521721
119 1998 0.203181818181818 0.278373806276801 4.01153071275663
119 1999 0.248636363636364 0.254132469611435 3.89649223362601
119 2000 0.294090909090909 0.20332934045662 3.68877242227381
119 2001 0.339545454545455 0.141840699551826 3.44903497303004
119 2002 0.385 0.383197721035355 4.37400215495738
120 1994 0.0213636363636364 0.341731463987572 4.33328590700392
120 1995 0.0668181818181818 0.237869707630982 3.90484369063731
120 1996 0.112272727272727 0.295516247365962 4.11869672090035
120 1997 0.157727272727273 0.192637708319536 3.69170487349427
120 1998 0.203181818181818 0.563949255370954 5.1095742233758
120 1999 0.248636363636364 0.3920627948184 4.44847245068854
120 2000 0.294090909090909 0.287619715020243 4.030893104349
120 2001 0.339545454545455 0.287409281414133 4.00278310342432
120 2002 0.385 0.273103334839962 3.94508985100085
122 1994 0.0440909090909091 0.331123111950427 4.2615281831117
122 1995 0.0895454545454545 0.134717382459288 3.4840853299886
122 1996 0.135 0.401838632696468 4.51018793100608
122 1997 0.180454545454545 0.314160254936733 4.16388360221435
122 1998 0.225909090909091 0.20738223671645 3.7392252199846
122 1999 0.271363636363636 0.223260784818664 3.77489219739848
122 2000 0.316818181818182 0.419893489220006 4.52272785935544
122 2001 0.362272727272727 0.318974861241648 4.13477363442698
122 2002 0.407727272727273 0.249727214089349 3.82735134308999
123 1994 0.589545454545455 0.322664204522537 4.0490172997381
123 1995 0.635 0.248316359441232 3.78117980674533
123 1996 0.680454545454545 0.448800608668203 4.52434909463246
123 1997 0.725909090909091 0.267545807780841 3.79787067947388
123 1998 0.771363636363636 0.237824063550811 3.67473019272385
123 1999 0.816818181818182 0.241987617367923 3.66942721213531
123 2000 0.862272727272727 0.313712699614346 3.95140277153582
123 2001 0.907727272727273 0.654449572309805 5.24421404276685
123 2002 0.953181818181818 0.376066491254813 4.15820360611077
124 1994 0.487272727272727 0.317711262406344 4.09032514280692
124 1995 0.532727272727273 0.304065785086528 4.00644530890329
124 1996 0.578181818181818 0.330175678530366 4.08066357482472
124 1997 0.623636363636364 0.188162753006849 3.51616864808534
124 1998 0.669090909090909 0.476637526780032 4.63260335789532
124 1999 0.714545454545455 0.148125931193621 3.35460477662957
124 2000 0.76 0.32140916324834 3.99964919324227
124 2001 0.805454545454545 0.228958207219878 3.64116573454098
124 2002 0.850909090909091 0.306605281308175 3.92027884953936
125 1994 0.271363636363636 0.149645925269697 3.49739172573002
125 1995 0.316818181818182 0.397383587776335 4.43298423214667
125 1996 0.362272727272727 0.421618062440768 4.49891869193655
125 1997 0.407727272727273 0.295982960086183 3.99895952881886
125 1998 0.453181818181818 0.585060469803738 5.11541881189184
125 1999 0.498636363636364 0.274880952876164 3.90340636028057
125 2000 0.544090909090909 0.266132662521461 3.853402353219
125 2001 0.589545454545455 0.158411296181741 3.43728691506929
125 2002 0.635 0.494553757948855 4.70830274596769
128 1994 0.385 0.303134578271565 4.06221010830956
128 1995 0.430454545454545 0.345838371692298 4.18799181852549
128 1996 0.475909090909091 0.310894148270613 4.04557392169005
128 1997 0.521363636363636 0.209764193058727 3.63982549659961
128 1998 0.566818181818182 0.761940260719149 5.75382896521691
128 1999 0.612272727272727 0.333928902036318 4.08173159118473
128 2000 0.657727272727273 0.249096487298942 3.75834446003292
128 2001 0.703181818181818 0.309144218778383 3.98781174756838
128 2002 0.748636363636364 0.405135990920199 4.35107445872416
129 1994 0.419090909090909 0.466549476842172 4.67986673659429
129 1995 0.464545454545455 0.327917987271926 4.12736611642114
129 1996 0.51 0.456010250255622 4.59408803323584
129 1997 0.555454545454545 0.372783155548178 4.26142843909722
129 1998 0.600909090909091 0.3194200971504 4.04893656276178
129 1999 0.646363636363636 0.179815589531564 3.4888692025546
129 2000 0.691818181818182 0.331383238193067 4.06833826437003
129 2001 0.737272727272727 0.262439899743433 3.78646511117462
129 2002 0.782727272727273 0.251345579193074 3.73655302396846
132 1994 0.373636363636364 0.494162447263437 4.79058109596106
132 1995 0.419090909090909 0.183407813698331 3.57197148933412
132 1996 0.464545454545455 0.308104498075264 4.03578314783097
132 1997 0.51 0.325604583671355 4.09949183192801
132 1998 0.555454545454545 0.191383305256664 3.57768318830378
132 1999 0.600909090909091 0.289189098735234 3.93006033978126
132 2000 0.646363636363636 0.156856382769685 3.41863797042849
132 2001 0.691818181818182 0.552928359993295 4.91776066721799
132 2002 0.737272727272727 0.264700307922707 3.78350091790597
134 1994 0.316818181818182 0.406925124036234 4.48292069733956
134 1995 0.362272727272727 0.352135871880029 4.25794276567486
134 1996 0.407727272727273 0.334761141588776 4.16331011914054
134 1997 0.453181818181818 0.470649942833096 4.67610445476963
134 1998 0.498636363636364 0.364998728137346 4.24067477581497
134 1999 0.544090909090909 0.429654217108892 4.50960243054705
134 2000 0.589545454545455 0.371977335071416 4.25316737718757
134 2001 0.635 0.219176888840195 3.64129369426692
134 2002 0.680454545454545 0.517582712114382 4.78773685489159
136 1994 0.146363636363636 0.0982659252752881 3.33528115547083
136 1995 0.191818181818182 0.251801001103986 3.89562119254819
136 1996 0.237272727272727 0.153195272935921 3.54317600012248
136 1997 0.282727272727273 0.134437701497574 3.42940265075048
136 1998 0.328181818181818 0.0990826882185198 3.27603586749753
136 1999 0.373636363636364 0.266584444495271 3.88350871843192
136 2000 0.419090909090909 0.321489184795763 4.10826076711986
136 2001 0.464545454545455 0.247801883765338 3.803407431884
136 2002 0.51 0.358191589751879 4.20464809182383
139 1994 0.350909090909091 0.407928506453894 4.45697990149567
139 1995 0.396363636363636 0.234266959642801 3.77849673394449
139 1996 0.441818181818182 0.332604793077868 4.13952620429504
139 1997 0.487272727272727 0.258146883412264 3.84722244531409
139 1998 0.532727272727273 0.172560484380158 3.49531318979438
139 1999 0.578181818181818 0.1329781730455 3.33287850276593
139 2000 0.623636363636364 0.188962129718768 3.53504349152275
139 2001 0.669090909090909 0.261728684257865 3.8106153680502
139 2002 0.714545454545455 0.339043961645153 4.08483199892879
146 1994 0.566818181818182 0.368638695740121 4.24938462845888
146 1995 0.612272727272727 0.286080336999506 3.92974116759578
146 1996 0.657727272727273 0.444350431540123 4.52578166548735
146 1997 0.703181818181818 0.273224066436585 3.83891404151653
146 1998 0.748636363636364 0.267275038153962 3.79452475710288
146 1999 0.794090909090909 0.554569119423255 4.89382989415698
146 2000 0.839545454545455 0.215443165205355 3.57755002728134
146 2001 0.885 0.392143092589057 4.23502711091122
146 2002 0.930454545454545 0.369168888762902 4.13410837043149
148 1994 0.180454545454545 0.111882855351808 3.37574924247235
148 1995 0.225909090909091 0.179779791872536 3.6393293739448
148 1996 0.271363636363636 0.0997349408041417 3.29041574099312
148 1997 0.316818181818182 0.224137308418755 3.75676088196749
148 1998 0.362272727272727 0.56003842136086 5.05365215160527
148 1999 0.407727272727273 0.508858199350724 4.83834575668207
148 2000 0.453181818181818 0.237193084405358 3.76702406660726
148 2001 0.498636363636364 0.396808134061866 4.3890349340283
148 2002 0.544090909090909 0.468666287964844 4.63872719807317
150 1994 0.146363636363636 0.17231265133603 3.60477426339702
150 1995 0.191818181818182 0.259782384673996 3.96038380617176
150 1996 0.237272727272727 0.264978747558483 3.93976103128696
150 1997 0.282727272727273 0.361123497561585 4.3136790447489
150 1998 0.328181818181818 0.473230966753538 4.74814697557759
150 1999 0.373636363636364 0.435507315353387 4.58335961137864
150 2000 0.419090909090909 0.0839943483690381 3.1941893860635
150 2001 0.464545454545455 0.233827959305909 3.73599655557054
150 2002 0.51 0.453564739691556 4.59414403729256
151 1994 0.51 0.276110419635158 3.91379834550685
151 1995 0.555454545454545 0.221024620654441 3.68580293382913
151 1996 0.600909090909091 0.362962608838203 4.19492500026962
151 1997 0.646363636363636 0.288354538014503 3.92300641325665
151 1998 0.691818181818182 0.573369035959253 4.99453843308953
151 1999 0.737272727272727 0.25398813679405 3.75102242028986
151 2000 0.782727272727273 0.297255685088426 3.91846990718311
151 2001 0.828181818181818 0.348317865982644 4.08971991900326
151 2002 0.873636363636364 0.331245290170967 4.01748450272508
152 1994 0.0213636363636364 0.272190863534551 4.03875273203112
152 1995 0.0668181818181818 0.332582056702659 4.27326416017225
152 1996 0.112272727272727 0.182245823564659 3.66119470526042
152 1997 0.157727272727273 0.321531572954543 4.18693302050884
152 1998 0.203181818181818 0.493813090835308 4.84025590468001
152 1999 0.248636363636364 0.226629252964834 3.80197358545741
152 2000 0.294090909090909 0.237545020117104 3.82722805724452
152 2001 0.339545454545455 0.334351627024097 4.1883921039242
152 2002 0.385 0.442217004973465 4.570526328253
154 1994 0.146363636363636 0.185805834931153 3.67252193859117
154 1995 0.191818181818182 0.091075316086438 3.27976699945126
154 1996 0.237272727272727 0.329362295784887 4.20511804857192
154 1997 0.282727272727273 0.216058107456604 3.74967447639978
154 1998 0.328181818181818 0.448255049868356 4.63223266246323
154 1999 0.373636363636364 0.354131387402642 4.26164856429107
154 2000 0.419090909090909 0.198140874983684 3.65758530189815
154 2001 0.464545454545455 0.378755780397144 4.32060272510973
154 2002 0.51 0.264992759221967 3.86762617464304
155 1994 0.600909090909091 0.360927575823915 4.19843640342887
155 1995 0.646363636363636 0.375582581812791 4.26344991311334
155 1996 0.691818181818182 0.328222950285145 4.06064873798283
155 1997 0.737272727272727 0.343371101931749 4.07734528364295
155 1998 0.782727272727273 0.0396472291030366 2.90237684302636
155 1999 0.828181818181818 0.241114832735374 3.67693287634337
155 2000 0.873636363636364 0.218989542893339 3.57786741875284
155 2001 0.919090909090909 0.21152539118744 3.52880605450838
155 2002 0.964545454545455 0.301101193737373 3.86087362552117
158 1994 0.532727272727273 0.334573157330453 4.11392149567349
158 1995 0.578181818181818 0.235014537227362 3.71802331560197
158 1996 0.623636363636364 0.411867647619446 4.38946856893715
158 1997 0.669090909090909 0.120168553443365 3.25311484596568
158 1998 0.714545454545455 0.188303969895372 3.51016951109225
158 1999 0.76 0.517849698936253 4.77010112661434
158 2000 0.805454545454545 0.29851426233627 3.90853040817288
158 2001 0.850909090909091 0.376200101204549 4.18570925206792
158 2002 0.896363636363636 0.369286215642494 4.13560440695263
160 1994 0.237272727272727 0.559180330526359 5.08637202311722
160 1995 0.282727272727273 0.485127236824779 4.78861818475035
160 1996 0.328181818181818 0.639160743937243 5.34709212440996
160 1997 0.373636363636364 0.30232075460915 4.05065706150356
160 1998 0.419090909090909 0.473431027247286 4.69219297910711
160 1999 0.464545454545455 0.571198141982782 5.05296903416145
160 2000 0.51 0.237208537519111 3.74860168273712
160 2001 0.555454545454545 0.542395628485264 4.92217490729796
160 2002 0.600909090909091 0.651662659859948 5.3327758325378
161 1994 0.339545454545455 0.591674662647344 5.17082584067058
161 1995 0.385 0.365830506963872 4.28898896684463
161 1996 0.430454545454545 0.419851248754191 4.4820801022433
161 1997 0.475909090909091 0.199589913943247 3.60474431396911
161 1998 0.521363636363636 0.456376707425813 4.60112290159464
161 1999 0.566818181818182 0.139305536188904 3.3707909670896
161 2000 0.612272727272727 0.315200473955546 4.0404080070315
161 2001 0.657727272727273 0.304476537782805 3.97102059441014
161 2002 0.703181818181818 0.346490555766995 4.13870769478321
163 1994 0.203181818181818 0.191757909707371 3.66431453120085
163 1995 0.248636363636364 0.334628684898659 4.22004916626245
163 1996 0.294090909090909 0.365123829090037 4.31414202148577
163 1997 0.339545454545455 0.552748328064053 5.03115926384527
163 1998 0.385 0.38832987658182 4.37926900723456
163 1999 0.430454545454545 0.233753984188381 3.76885656102713
163 2000 0.475909090909091 0.226034006572313 3.71865919141683
163 2001 0.521363636363636 0.280445629192168 3.9257279342802
163 2002 0.566818181818182 0.372221102799418 4.2571225779803
164 1994 0.0213636363636364 0.537795680122554 5.06401096853707
164 1995 0.0668181818181818 0.293358689417702 4.10307947076159
164 1996 0.112272727272727 0.208722150596016 3.77110604955239
164 1997 0.157727272727273 0.378547513374243 4.41970414886897
164 1998 0.203181818181818 0.264826696588618 3.95630053365855
164 1999 0.248636363636364 0.408202757128549 4.50128366581596
164 2000 0.294090909090909 0.220002436600765 3.76772698803097
164 2001 0.339545454545455 0.413286752598026 4.48449830461848
164 2002 0.385 0.396541087896799 4.41349619583045
166 1994 0.237272727272727 0.395106465145217 4.45603985918473
166 1995 0.282727272727273 0.456316879531949 4.6782963862065
166 1996 0.328181818181818 0.397105682557342 4.42671015645602
166 1997 0.373636363636364 0.280276002651512 3.97689443226898
166 1998 0.419090909090909 0.0648114939100369 3.10721735689667
166 1999 0.464545454545455 0.208008158848669 3.65964321063625
166 2000 0.51 0.327767783266029 4.09763843700812
166 2001 0.555454545454545 0.390339181310877 4.32619317120651
166 2002 0.600909090909091 0.358380243683824 4.18333779050749
167 1994 0.600909090909091 0.349117126725506 4.16863243653011
167 1995 0.646363636363636 0.275468189239115 3.87823849525329
167 1996 0.691818181818182 0.442331640451377 4.47237609055791
167 1997 0.737272727272727 0.049982624524998 2.96427817270564
167 1998 0.782727272727273 0.231186655961859 3.64616295831972
167 1999 0.828181818181818 0.377915645260901 4.19635593846033
167 2000 0.873636363636364 0.327206213067209 3.98430593046829
167 2001 0.919090909090909 0.280855111327026 3.80372494395788
167 2002 0.964545454545455 0.254238566697909 3.68273128668121
168 1994 0.0895454545454545 0.394541183611966 4.50513540225064
168 1995 0.135 0.40676902119329 4.54293959050119
168 1996 0.180454545454545 0.480568636984848 4.78160537645157
168 1997 0.225909090909091 0.151938790399848 3.50697277028001
168 1998 0.271363636363636 0.432031490029143 4.58720916043678
168 1999 0.316818181818182 0.199832781192133 3.67581476168658
168 2000 0.362272727272727 0.30046747308293 4.06301476549316
168 2001 0.407727272727273 0.24919133333046 3.82585989798164
168 2002 0.453181818181818 0.232767625725044 3.76384030314392
171 1994 0.544090909090909 0.514800704941344 4.81784775564849
171 1995 0.589545454545455 0.351837782014659 4.18267234678414
171 1996 0.635 0.427197528809297 4.45276940487774
171 1997 0.680454545454545 0.273376075273491 3.85780638425269
171 1998 0.725909090909091 0.201321857439465 3.55902029508974
171 1999 0.771363636363636 0.232223542243713 3.66604644922471
171 2000 0.816818181818182 0.227188410382074 3.61746983282066
171 2001 0.862272727272727 0.209921419243954 3.53602811590932
171 2002 0.907727272727273 0.261380835745018 3.72614502757283
172 1994 0.180454545454545 0.425410094400644 4.58153414170528
172 1995 0.225909090909091 0.207122914841488 3.71201426292477
172 1996 0.271363636363636 0.368613379542115 4.33761956241614
172 1997 0.316818181818182 0.542604601372645 4.98737341052126
172 1998 0.362272727272727 0.232545707092833 3.78350663735591
172 1999 0.407727272727273 0.374185466028112 4.31752950463531
172 2000 0.453181818181818 0.454579077417516 4.62951118009365
172 2001 0.498636363636364 0.209520163032357 3.65828875922938
172 2002 0.544090909090909 0.44542744503454 4.53641956577228
173 1994 0.635 0.404736243136023 4.3653566761032
173 1995 0.680454545454545 0.102421244644902 3.16986191184847
173 1996 0.725909090909091 0.231192130975266 3.66677765651232
173 1997 0.771363636363636 0.529902038038504 4.81247010151983
173 1998 0.816818181818182 0.269704587894801 3.78294584492133
173 1999 0.862272727272727 0.817419631864233 5.88195462203946
173 2000 0.907727272727273 0.201204202239568 3.47389232027199
173 2001 0.953181818181818 0.32862201275609 3.98008358766192
173 2002 0.998636363636364 0.375920831708845 4.14265370983226
174 1994 0.112272727272727 0.276113828062578 4.0254171745704
174 1995 0.157727272727273 0.186314600184507 3.67903119164366
174 1996 0.203181818181818 0.216580762113299 3.78903268996885
174 1997 0.248636363636364 0.406187950452575 4.49105150573664
174 1998 0.294090909090909 0.441591140150423 4.62702100950378
174 1999 0.339545454545455 0.198208223327262 3.65472093655334
174 2000 0.385 0.360125582305589 4.26298435734241
174 2001 0.430454545454545 0.53614216852443 4.93966603659394
174 2002 0.475909090909091 0.293840066523826 3.98598069166383
176 1994 0.453181818181818 0.304711447918664 4.02914154491818
176 1995 0.498636363636364 0.10628225673261 3.24270713712452
176 1996 0.544090909090909 0.48844555601268 4.71549671627247
176 1997 0.589545454545455 0.308102483100793 4.00432049312601
176 1998 0.635 0.191010351775976 3.53302921682696
176 1999 0.680454545454545 0.408502430622802 4.38461386503843
176 2000 0.725909090909091 0.0706394973439153 3.05235731860381
176 2001 0.771363636363636 0.105671249315363 3.1683567986867
176 2002 0.816818181818182 0.187739377069466 3.4687390206577
181 1994 0.203181818181818 0.146090334359055 3.4979483514552
181 1995 0.248636363636364 0.402773990202323 4.47542901570753
181 1996 0.294090909090909 0.310522035598842 4.10320493683325
181 1997 0.339545454545455 0.297099968017012 4.04982532814631
181 1998 0.385 0.382460849219306 4.34812262376389
181 1999 0.430454545454545 0.236385020332962 3.78230608749041
181 2000 0.475909090909091 0.192353001888705 3.59591226333315
181 2001 0.521363636363636 0.251026500407989 3.8011538730532
181 2002 0.566818181818182 0.189344998093396 3.55727937481938
183 1994 0.0554545454545455 0.1639125574827 3.62261916423648
183 1995 0.100909090909091 0.392118307885098 4.49370108086219
183 1996 0.146363636363636 0.311286282754066 4.15295908021994
183 1997 0.191818181818182 0.378018455325548 4.39195329889481
183 1998 0.237272727272727 0.324453785959018 4.16847975841091
183 1999 0.282727272727273 0.490732720630536 4.81735393373693
183 2000 0.328181818181818 0.588940779704588 5.17309898444675
183 2001 0.373636363636364 0.413761174433833 4.47956570346036
183 2002 0.419090909090909 0.10836215440108 3.31120045422044
184 1994 0.498636363636364 0.176878816892765 3.52584570498323
184 1995 0.544090909090909 0.161282328523652 3.45355608528837
184 1996 0.589545454545455 0.362259525605557 4.22106742755907
184 1997 0.635 0.29889153056348 3.95948015814154
184 1998 0.680454545454545 0.143935654545484 3.35434487123795
184 1999 0.725909090909091 0.384150743649225 4.25066474630027
184 2000 0.771363636363636 0.234001094488733 3.66337302383733
184 2001 0.816818181818182 0.509960396485417 4.70226233433631
184 2002 0.862272727272727 0.334696461250665 4.02013028185101
191 1994 0.157727272727273 0.412209633709115 4.53803364699417
191 1995 0.203181818181818 0.201881877869373 3.71793980742921
191 1996 0.248636363636364 0.413312948967368 4.52472975534246
191 1997 0.294090909090909 0.416450862472099 4.51305951140046
191 1998 0.339545454545455 0.325737035937964 4.15296627460076
191 1999 0.385 0.228125089047743 3.75257876245378
191 2000 0.430454545454545 0.522661407891524 4.89316893467319
191 2001 0.475909090909091 0.251381591965073 3.80342318874487
191 2002 0.521363636363636 0.512757530084894 4.81756248284795
195 1994 0.112272727272727 0.495473986655167 4.87526318268878
195 1995 0.157727272727273 0.17200757390992 3.6149565734538
195 1996 0.203181818181818 0.384217916455797 4.41878138780923
195 1997 0.248636363636364 0.339036392378948 4.21987109410992
195 1998 0.294090909090909 0.439717180742286 4.60111700261906
195 1999 0.339545454545455 0.42998132057841 4.56784869666198
195 2000 0.385 0.527515528530731 4.92475577338288
195 2001 0.430454545454545 0.297017653963398 3.9915467863399
195 2002 0.475909090909091 0.10164287462634 3.24795826495703
198 1994 0.373636363636364 0.353005096621009 4.24173053384668
198 1995 0.419090909090909 0.386594675414706 4.37176554476249
198 1996 0.464545454545455 0.379559708104612 4.3311710466629
198 1997 0.51 0.153245433141682 3.42082299906933
198 1998 0.555454545454545 0.389967465026868 4.33277123572335
198 1999 0.600909090909091 0.257970064358883 3.82095673588261
198 2000 0.646363636363636 0.301288055201409 3.96480346456255
198 2001 0.691818181818182 0.370086593942518 4.20401139867897
198 2002 0.737272727272727 0.334841994425553 4.06159017230754
199 1994 0.532727272727273 0.790850867680178 5.89220353820348
199 1995 0.578181818181818 0.333119185275537 4.09030508877915
199 1996 0.623636363636364 0.395929965892939 4.32535805371953
199 1997 0.669090909090909 0.206967817847016 3.60364675919516
199 1998 0.714545454545455 0.11826963552158 3.23628760635677
199 1999 0.76 0.228807212879972 3.65159365121434
199 2000 0.805454545454545 0.218126505295248 3.59660983915337
199 2001 0.850909090909091 0.231027811792393 3.64535717913208
199 2002 0.896363636363636 0.335043027264351 4.00094867347145
200 1994 0.146363636363636 0.431779498481395 4.6079583844812
200 1995 0.191818181818182 0.428427197910543 4.58979425812214
200 1996 0.237272727272727 0.361799989413717 4.3423118631081
200 1997 0.282727272727273 0.388602513199767 4.41736410043569
200 1998 0.328181818181818 0.277887870500006 3.96620055530735
200 1999 0.373636363636364 0.256423978923164 3.86713405808238
200 2000 0.419090909090909 0.0605964628078896 3.11285973432923
200 2001 0.464545454545455 0.219751070933383 3.6949155026254
200 2002 0.51 0.561703036393357 5.00797177822436
201 1994 0.271363636363636 0.318182902124793 4.15002396692404
201 1995 0.316818181818182 0.146923029177321 3.47215319313669
201 1996 0.362272727272727 0.426847957956657 4.53218862346674
201 1997 0.407727272727273 0.339908172039585 4.184881342727
201 1998 0.453181818181818 0.187577493670831 3.58430441753343
201 1999 0.498636363636364 0.46648349914555 4.64386938142295
201 2000 0.544090909090909 0.381846573284242 4.29710208873389
201 2001 0.589545454545455 0.297275783569888 3.96009887016554
201 2002 0.635 0.504226937885986 4.75096966894665
202 1994 0.294090909090909 0.140342166738309 3.44252735942611
202 1995 0.339545454545455 0.381814836471622 4.35372203052327
202 1996 0.385 0.354337445129982 4.23637050410593
202 1997 0.430454545454545 0.34368284831179 4.18355362960247
202 1998 0.475909090909091 0.136012071214484 3.3816475452306
202 1999 0.521363636363636 0.211331006655641 3.6517761364415
202 2000 0.566818181818182 0.298822459151656 3.98554737637956
202 2001 0.612272727272727 0.309281135925931 4.0147712632496
202 2002 0.657727272727273 0.324635927884969 4.04959331826454
206 1994 0.0895454545454545 0.364874303223254 4.37849153021734
206 1995 0.135 0.271355659929688 3.99102201197929
206 1996 0.180454545454545 0.180442236919815 3.64611721914737
206 1997 0.225909090909091 0.270997650508246 3.97409160437137
206 1998 0.271363636363636 0.101559762407465 3.29067442072657
206 1999 0.316818181818182 0.13845057477465 3.43223258845101
206 2000 0.362272727272727 0.267443988933605 3.91760504850618
206 2001 0.407727272727273 0.491821755320283 4.78995743619128
206 2002 0.453181818181818 0.252647104038002 3.8337803100593
208 1994 0.169090909090909 0.226197340461279 3.82482988101613
208 1995 0.214545454545455 0.534017342461304 4.99516074774121
208 1996 0.26 0.111361261853922 3.3375157669673
208 1997 0.305454545454545 0.415519814631503 4.50507178091251
208 1998 0.350909090909091 0.433948115535172 4.5666265862265
208 1999 0.396363636363636 0.449463106489234 4.62489403860052
208 2000 0.441818181818182 0.26926497099568 3.90299702771511
208 2001 0.487272727272727 0.358655991243666 4.23947702734889
208 2002 0.532727272727273 0.207784229555973 3.63497899455399
210 1994 0.430454545454545 0.289298309314918 3.99232974575702
210 1995 0.475909090909091 0.272288041363436 3.92056778557764
210 1996 0.521363636363636 0.344617521695116 4.17067297773411
210 1997 0.566818181818182 0.130831163480721 3.33145239229661
210 1998 0.612272727272727 0.138254891834192 3.35906224316006
210 1999 0.657727272727273 0.53671032331321 4.87023083014729
210 2000 0.703181818181818 0.264414154945715 3.80129646611814
210 2001 0.748636363636364 0.379024313076102 4.22699246555918
210 2002 0.794090909090909 0.275472563670801 3.8357667328464
211 1994 0.635 0.282912179125439 3.90490250730965
211 1995 0.680454545454545 0.239096305895792 3.71678941535357
211 1996 0.725909090909091 0.258504524218351 3.76690210394619
211 1997 0.771363636363636 0.102656760415474 3.15650793150185
211 1998 0.816818181818182 0.267373072242068 3.78190563686994
211 1999 0.862272727272727 0.239216641316647 3.6582606932566
211 2000 0.907727272727273 0.17846202386699 3.40680869089538
211 2001 0.953181818181818 0.486384663588533 4.56119854729574
211 2002 0.998636363636364 0.268220217629079 3.72039675863866
212 1994 0.396363636363636 0.374502619661283 4.32157446622573
212 1995 0.441818181818182 0.372878738120652 4.28503010340501
212 1996 0.487272727272727 0.511610144388354 4.81458499888304
212 1997 0.532727272727273 0.537946004047463 4.89414310763605
212 1998 0.578181818181818 0.505970714351762 4.76903584230825
212 1999 0.623636363636364 0.432085440419598 4.47331551271162
212 2000 0.669090909090909 0.267509269873117 3.84371185324844
212 2001 0.714545454545455 0.278124655926926 3.84881742947501
212 2002 0.76 0.316641382050146 3.9890551110257
213 1994 0.135 0.419118812089511 4.56605641759997
213 1995 0.180454545454545 0.167046050559564 3.57783825964193
213 1996 0.225909090909091 0.286049625786949 4.02299721544782
213 1997 0.271363636363636 0.493191104400101 4.82581590879755
213 1998 0.316818181818182 0.700120346915209 5.59955372591623
213 1999 0.362272727272727 0.342488645112211 4.20383349457596
213 2000 0.407727272727273 0.418107862737249 4.49695123990135
213 2001 0.453181818181818 0.217493143350964 3.6969726357048
213 2002 0.498636363636364 0.403808654193344 4.41609139410879
214 1994 0.464545454545455 0.474906626306076 4.67235114424743
214 1995 0.51 0.342646109450568 4.16599373885365
214 1996 0.555454545454545 0.288805027986648 3.95028399372993
214 1997 0.600909090909091 0.273910534015304 3.86318862875423
214 1998 0.646363636363636 0.272822772679034 3.84775405818714
214 1999 0.691818181818182 0.294178974423292 3.91518515991962
214 2000 0.737272727272727 0.0825999036530007 3.09786387940465
214 2001 0.782727272727273 0.346085845019385 4.10059484691327
214 2002 0.828181818181818 0.258714684302897 3.76225642239711
217 1994 0.157727272727273 0.275792426959608 4.00270787679636
217 1995 0.203181818181818 0.502070762567332 4.86037566846507
217 1996 0.248636363636364 0.401396632720441 4.47116976031933
217 1997 0.294090909090909 0.522629779544001 4.93445361523827
217 1998 0.339545454545455 0.208632958149227 3.71266285585927
217 1999 0.385 0.385951540198635 4.37617824899473
217 2000 0.430454545454545 0.199315736381219 3.63875785636741
217 2001 0.475909090909091 0.312825859444534 4.06524982526081
217 2002 0.521363636363636 0.176924741595953 3.52938495440373
218 1994 0.612272727272727 0.236579278072469 3.73206329362679
218 1995 0.657727272727273 0.158808617726979 3.39243509428179
218 1996 0.703181818181818 0.32430892364745 4.01091814377798
218 1997 0.748636363636364 0.444394584516473 4.47091099707369
218 1998 0.794090909090909 0.392304432872686 4.26076889099318
218 1999 0.839545454545455 0.306601181799855 3.92810155436561
218 2000 0.885 0.144128380461278 3.28387679483224
218 2001 0.930454545454545 0.2615821614874 3.71631462990573
218 2002 0.975909090909091 0.303971933226517 3.86666768064179
219 1994 0.419090909090909 0.500503806502083 4.80423679795312
219 1995 0.464545454545455 0.335474133922111 4.14723911999147
219 1996 0.51 0.324912004830906 4.09422033189028
219 1997 0.555454545454545 0.602507766471106 5.15890367870898
219 1998 0.600909090909091 0.269409383775627 3.85533887522384
219 1999 0.646363636363636 0.39909168631717 4.34301646031884
219 2000 0.691818181818182 0.452569251534883 4.53626984828446
219 2001 0.737272727272727 0.304962076229857 3.92784712395698
219 2002 0.782727272727273 0.520752046904429 4.78295235875868
221 1994 0.362272727272727 0.319692773301314 4.11104320978068
221 1995 0.407727272727273 0.359633945200443 4.23800551455398
221 1996 0.453181818181818 0.321456625901487 4.09938027327595
221 1997 0.498636363636364 0.153901433352404 3.4235159844307
221 1998 0.544090909090909 0.384450620032718 4.31080430610891
221 1999 0.589545454545455 0.398125446736272 4.35844093529589
221 2000 0.635 0.29044417574694 3.94225829320078
221 2001 0.680454545454545 0.36292060893225 4.18939480861601
221 2002 0.725909090909091 0.44035799299432 4.46415685077315
222 1994 0.0213636363636364 0.123839790681854 3.47785420853167
222 1995 0.0668181818181818 0.433447443807751 4.65736993046767
222 1996 0.112272727272727 0.296750261538812 4.09741054907061
222 1997 0.157727272727273 0.185733859723496 3.67054298155642
222 1998 0.203181818181818 0.260270177265956 3.95030182957176
222 1999 0.248636363636364 0.288855286459846 4.05670989992949
222 2000 0.294090909090909 0.243383923646535 3.85138956423188
222 2001 0.339545454545455 0.262427237600315 3.88976646609178
222 2002 0.385 0.231257435534342 3.77062660171971
225 1994 0.475909090909091 0.194198695114534 3.60474987396573
225 1995 0.521363636363636 0.389131438197867 4.34190388677419
225 1996 0.566818181818182 0.207118161688986 3.63103279944656
225 1997 0.612272727272727 0.530878440689857 4.88144137428861
225 1998 0.657727272727273 0.210099593045495 3.61724946865
225 1999 0.703181818181818 0.380640074315565 4.24968255649538
225 2000 0.748636363636364 0.281093818589392 3.85044958990807
225 2001 0.794090909090909 0.31082333984646 3.95615788977879
225 2002 0.839545454545455 0.31460715179246 3.96103841952348
226 1994 0.112272727272727 0.222907409473284 3.80800663174549
226 1995 0.157727272727273 0.406816882410857 4.52260073660489
226 1996 0.203181818181818 0.33423987104569 4.23177311767398
226 1997 0.248636363636364 0.327999590799008 4.19037037030107
226 1998 0.294090909090909 0.458922248013249 4.6836158909018
226 1999 0.339545454545455 0.288907437033255 4.02345408267135
226 2000 0.385 0.318902308850414 4.10488141244253
226 2001 0.430454545454545 0.404536929361688 4.4247113269683
226 2002 0.475909090909091 0.224869897402615 3.71487313269429
227 1994 0.282727272727273 0.30499847244089 4.09452847116587
227 1995 0.328181818181818 0.13789287770116 3.42208669104282
227 1996 0.373636363636364 0.217173705162828 3.71789303647068
227 1997 0.419090909090909 0.226258837899912 3.73793584106222
227 1998 0.464545454545455 0.215558293503805 3.69975351356609
227 1999 0.51 0.345421885136817 4.18003422756428
227 2000 0.555454545454545 0.459773556590252 4.60206944715903
227 2001 0.600909090909091 0.254951188164986 3.79755861499453
227 2002 0.646363636363636 0.311664565992049 3.99504225854687
228 1994 0.0781818181818182 0.456050009070427 4.74985019406012
228 1995 0.123636363636364 0.605451670327531 5.29947978593389
228 1996 0.169090909090909 0.366568163246863 4.34947986241719
228 1997 0.214545454545455 0.207106817253757 3.73886878325216
228 1998 0.26 0.200494508649819 3.70691713880237
228 1999 0.305454545454545 0.351514593847883 4.25195755124661
228 2000 0.350909090909091 0.422478990215887 4.54155691504502
228 2001 0.396363636363636 0.375835837260553 4.31463857491667
228 2002 0.441818181818182 0.291167108882668 3.98153292116789
229 1994 0.237272727272727 0.412004811196361 4.51494362054674
229 1995 0.282727272727273 0.234976449596562 3.82025254824518
229 1996 0.328181818181818 0.458894955423549 4.67765173739133
229 1997 0.373636363636364 0.36580625080422 4.28663067655561
229 1998 0.419090909090909 0.0878473930958472 3.21561507777114
229 1999 0.464545454545455 0.183470344325195 3.56573163937027
229 2000 0.51 0.310716453176928 4.04386671297618
229 2001 0.555454545454545 0.438478190468708 4.52373940198638
229 2002 0.600909090909091 0.33795688230397 4.12564474924696
231 1994 0.282727272727273 0.427331204306587 4.55528593373819
231 1995 0.328181818181818 0.236086236825262 3.81113332040467
231 1996 0.373636363636364 0.265260786060043 3.90820283994809
231 1997 0.419090909090909 0.250393194797697 3.82249614755478
231 1998 0.464545454545455 0.395497953061865 4.40150308082238
231 1999 0.51 0.183093390577049 3.54856822212982
231 2000 0.555454545454545 0.117322308725813 3.26320772538579
231 2001 0.600909090909091 0.311579573327152 4.00827851471116
231 2002 0.646363636363636 0.0700375821270782 3.07459775793697
232 1994 0.01 0.479313510414718 4.85275005042353
232 1995 0.0554545454545455 0.137644719700042 3.52612976745934
232 1996 0.100909090909091 0.404064859871318 4.52682434487483
232 1997 0.146363636363636 0.418906343898599 4.55567478042205
232 1998 0.191818181818182 0.240080765645108 3.87156518860711
232 1999 0.237272727272727 0.233702274190738 3.82430246163197
232 2000 0.282727272727273 0.346058725496464 4.24270441766985
232 2001 0.328181818181818 0.36745093439687 4.3281511270551
232 2002 0.373636363636364 0.182496416516849 3.58187722461956
233 1994 0.146363636363636 0.256097000378676 3.93518906892975
233 1995 0.191818181818182 0.434326532958891 4.602792269415
233 1996 0.237272727272727 0.146861260489097 3.4774064849564
233 1997 0.282727272727273 0.245715360546792 3.86606711553158
233 1998 0.328181818181818 0.309202449570238 4.07560601764646
233 1999 0.373636363636364 0.435637218788915 4.57465526285684
233 2000 0.419090909090909 0.314885887355071 4.05828993882455
233 2001 0.464545454545455 0.230126423223648 3.72989843350217
233 2002 0.51 0.517977100238178 4.84215505383275
234 1994 0.555454545454545 0.401313435459781 4.36413653996674
234 1995 0.600909090909091 0.241294654305031 3.73505444310282
234 1996 0.646363636363636 0.0694477741782105 3.04949724110069
234 1997 0.691818181818182 0.240500619274718 3.70956255494033
234 1998 0.737272727272727 0.357944166790459 4.14705212904027
234 1999 0.782727272727273 0.258686231836325 3.74847441545831
234 2000 0.828181818181818 0.314813460855689 3.96251101436619
234 2001 0.873636363636364 0.226676396915215 3.6129072586126
234 2002 0.919090909090909 0.243358853471504 3.66140299798957
235 1994 0.305454545454545 0.275157875942997 3.98610701306768
235 1995 0.350909090909091 0.347179181105491 4.21991795292899
235 1996 0.396363636363636 0.283178686236999 3.96389950040555
235 1997 0.441818181818182 0.160265085199805 3.49000669545599
235 1998 0.487272727272727 0.327577626287967 4.12250658010783
235 1999 0.532727272727273 0.560277062710993 5.00634622067128
235 2000 0.578181818181818 0.252728377592655 3.77769784153205
235 2001 0.623636363636364 0.132746062067851 3.30145989369143
235 2002 0.669090909090909 0.203285020579284 3.58876278313838
236 1994 0.180454545454545 0.188814097290762 3.6785869542093
236 1995 0.225909090909091 0.300974669153013 4.10234004360685
236 1996 0.271363636363636 0.472400869033293 4.74645999793918
236 1997 0.316818181818182 0.263241857687823 3.90693776640834
236 1998 0.362272727272727 0.24349341210292 3.85290199133506
236 1999 0.407727272727273 0.294554217996548 3.99893589088505
236 2000 0.453181818181818 0.685977518986899 5.52393791925066
236 2001 0.498636363636364 0.463921471194979 4.63033073437124
236 2002 0.544090909090909 0.218042038923006 3.67635971584108
241 1994 0.282727272727273 0.216730711342085 3.74606636836928
241 1995 0.328181818181818 0.223774275936129 3.77132773623466
241 1996 0.373636363636364 0.167671675573053 3.53001839742154
241 1997 0.419090909090909 0.262726073380898 3.89351500309149
241 1998 0.464545454545455 0.287694842530908 3.96651306863822
241 1999 0.51 0.240241476920935 3.76275210993093
241 2000 0.555454545454545 0.322362643203252 4.06900952083638
241 2001 0.600909090909091 0.300655388800284 3.97048874013672
241 2002 0.646363636363636 0.322700216857349 4.03900448881406
245 1994 0.487272727272727 0.434588922880007 4.52096801322129
245 1995 0.532727272727273 0.592832454010619 5.11367913365979
245 1996 0.578181818181818 0.307499954988649 4.00977114703791
245 1997 0.623636363636364 0.162958885838849 3.42995570622633
245 1998 0.669090909090909 0.394635703308405 4.3247180141077
245 1999 0.714545454545455 0.32362462577276 4.03236770551313
245 2000 0.76 0.436843112883898 4.44910674655059
245 2001 0.805454545454545 0.446753535469498 4.47598786487714
245 2002 0.850909090909091 0.0908236644014992 3.08790891776734
247 1994 0.532727272727273 0.163893710166002 3.45706465373606
247 1995 0.578181818181818 0.499912746963293 4.75674364009832
247 1996 0.623636363636364 0.581413913220796 5.04693095827226
247 1997 0.669090909090909 0.280022504842316 3.87734921469695
247 1998 0.714545454545455 0.12028728793182 3.24366007749526
247 1999 0.76 0.534498229010022 4.8267218998168
247 2000 0.805454545454545 0.492997553262727 4.64643441416099
247 2001 0.850909090909091 0.169734869807551 3.38318890967849
247 2002 0.896363636363636 0.193647902906671 3.45673762996559
250 1994 0.475909090909091 0.517534770623887 4.85865429339859
250 1995 0.521363636363636 0.47069164458711 4.63805558716356
250 1996 0.566818181818182 0.141381838025133 3.37181445169895
250 1997 0.612272727272727 0.246075786177394 3.75365917151976
250 1998 0.657727272727273 0.261984144876619 3.81796587965467
250 1999 0.703181818181818 0.154846469947396 3.3665217718948
250 2000 0.748636363636364 0.407983931903165 4.35560380427155
250 2001 0.794090909090909 0.320754182913637 3.99596194182412
250 2002 0.839545454545455 0.354731504059909 4.08996963761657
251 1994 0.248636363636364 0.183006553530772 3.63400727009891
251 1995 0.294090909090909 0.177603528323605 3.58754500353287
251 1996 0.339545454545455 0.20254275768718 3.67022967164715
251 1997 0.385 0.344757209344923 4.22751127494875
251 1998 0.430454545454545 0.366940935512812 4.28667542124634
251 1999 0.475909090909091 0.24153912571691 3.80298730572616
251 2000 0.521363636363636 0.301104736133368 3.99101276449439
251 2001 0.566818181818182 0.264730446875857 3.85463711583276
251 2002 0.612272727272727 0.342756886449552 4.14534631663225
253 1994 0.248636363636364 0.200920839678153 3.71081676386317
253 1995 0.294090909090909 0.295051793590613 4.05374027108069
253 1996 0.339545454545455 0.191307231896436 3.62358003129244
253 1997 0.385 0.210862999751272 3.67949394944614
253 1998 0.430454545454545 0.262303919101887 3.87947284909646
253 1999 0.475909090909091 0.993186702000094 6.66984015404587
253 2000 0.521363636363636 0.357640646023224 4.23895375017846
253 2001 0.566818181818182 0.331208920057746 4.09461548442097
253 2002 0.612272727272727 0.396406648044367 4.34157333334921
254 1994 0.26 0.386208448235321 4.41239473006936
254 1995 0.305454545454545 0.242503575621616 3.84439215912478
254 1996 0.350909090909091 0.417473910480047 4.48755970937194
254 1997 0.396363636363636 0.265492084538926 3.90714253704222
254 1998 0.441818181818182 0.399762178088641 4.41352695752558
254 1999 0.487272727272727 0.339219912259844 4.1536321815409
254 2000 0.532727272727273 0.486964606312505 4.71952975791594
254 2001 0.578181818181818 0.335173451820023 4.10456816194809
254 2002 0.623636363636364 0.131194275144355 3.30766673039242
255 1994 0.430454545454545 0.110000755766415 3.29064806855349
255 1995 0.475909090909091 0.224041778707485 3.71450641271638
255 1996 0.521363636363636 0.0929991006565953 3.19189158444023
255 1997 0.566818181818182 0.141424708453981 3.35578041407496
255 1998 0.612272727272727 0.493119329300906 4.70904337477813
255 1999 0.657727272727273 0.168268030226518 3.43249912030727
255 2000 0.703181818181818 0.488687809818551 4.67040767552643
255 2001 0.748636363636364 0.0901042315821622 3.1053735596452
255 2002 0.794090909090909 0.179774384998496 3.44027805274017
256 1994 0.339545454545455 0.364479212836882 4.2961881470116
256 1995 0.385 0.0798332874678656 3.18325163028666
256 1996 0.430454545454545 0.267140696740994 3.90490657143318
256 1997 0.475909090909091 0.0973600535582243 3.24154015234791
256 1998 0.521363636363636 0.361106609181837 4.22782377443869
256 1999 0.566818181818182 0.0999865366859315 3.21129449016089
256 2000 0.612272727272727 0.378123666237366 4.26503006111673
256 2001 0.657727272727273 0.119339908190067 3.23625076602006
256 2002 0.703181818181818 0.252810175028388 3.75804004229811
257 1994 0.441818181818182 0.225470247581005 3.73261432369481
257 1995 0.487272727272727 0.466696241749972 4.65771667826531
257 1996 0.532727272727273 0.0503836514807934 3.01923024043739
257 1997 0.578181818181818 0.520039403514683 4.82288869248422
257 1998 0.623636363636364 0.645672613361038 5.31123468234155
257 1999 0.669090909090909 0.353828738071128 4.15335523778378
257 2000 0.714545454545455 0.377267116619007 4.24184174623458
257 2001 0.76 0.08422066004328 3.09241994260551
257 2002 0.805454545454545 0.18457981017394 3.47379878351667
258 1994 0.01 0.293948877941777 4.13883656933896
258 1995 0.0554545454545455 0.431164824742614 4.63793591016415
258 1996 0.100909090909091 0.362059319352416 4.38812734360537
258 1997 0.146363636363636 0.337555539895468 4.25526654336998
258 1998 0.191818181818182 0.436606920446194 4.6222898903993
258 1999 0.237272727272727 0.359470608251683 4.30269166880102
258 2000 0.282727272727273 0.0580558973774243 3.13695321112731
258 2001 0.328181818181818 0.278587377161376 3.97516080394632
258 2002 0.373636363636364 0.213148623709835 3.68707270870767
259 1994 0.0327272727272727 0.513851790356056 4.96560745653248
259 1995 0.0781818181818182 0.153404566323533 3.57773646840549
259 1996 0.123636363636364 0.314091686278149 4.17939234741179
259 1997 0.169090909090909 0.305148137113755 4.1158495817574
259 1998 0.214545454545455 0.360856959464626 4.32032794373
259 1999 0.26 0.22326307422502 3.77071637514205
259 2000 0.305454545454545 0.174536327385428 3.57228380040746
259 2001 0.350909090909091 0.501759521631816 4.83676810018502
259 2002 0.396363636363636 0.211068010158734 3.68555310059486
261 1994 0.100909090909091 0.391985432731853 4.47759354196023
261 1995 0.146363636363636 0.474149636434568 4.7962110878635
261 1996 0.191818181818182 0.105671785190466 3.35482312326271
261 1997 0.237272727272727 0.429198622545097 4.5768051095903
261 1998 0.282727272727273 0.260779600711082 3.92204381238776
261 1999 0.328181818181818 0.401570677941721 4.44844986554379
261 2000 0.373636363636364 0.264464080036659 3.89436782835394
261 2001 0.419090909090909 0.434383434958644 4.54332186364208
261 2002 0.464545454545455 0.475225088331454 4.68996015360091
264 1994 0.555454545454545 0.118764982283827 3.31057795629
264 1995 0.600909090909091 0.263343555902743 3.82470546122634
264 1996 0.646363636363636 0.282794013550288 3.89721898433601
264 1997 0.691818181818182 0.388123064241947 4.2816195580101
264 1998 0.737272727272727 0.151261421612859 3.36445370968826
264 1999 0.782727272727273 0.609283019495019 5.09422083652986
264 2000 0.828181818181818 0.186614633622583 3.45630132853782
264 2001 0.873636363636364 0.353379082740493 4.0925793991509
264 2002 0.919090909090909 0.259131490693046 3.71062579138749
