ID YEAR COMPANYAGE RnDEXPEND REVENUE
1 1994 0.441818181818182 0.470022213845634 4.68124942872153
1 1995 0.487272727272727 0.123655871658284 3.31947215531169
1 1996 0.532727272727273 0.17608490483863 3.50837826278183
1 1997 0.578181818181818 0.206715088545935 3.62034181058871
1 1998 0.623636363636364 0.109349145012769 3.23281288814245
1 1999 0.669090909090909 0.254166689946656 3.78119912042199
1 2000 0.714545454545455 0.192267858683389 3.52373584104161
1 2001 0.76 0.323093256669884 4.03629937741333
1 2002 0.805454545454545 0.373370248065952 4.18901650955577
2 1994 0.0327272727272727 0.480345822480505 4.84057777838254
2 1995 0.0781818181818182 0.444510130014373 4.69267897951761
2 1996 0.123636363636364 0.210456547578131 3.7737740085678
2 1997 0.169090909090909 0.208582751356843 3.76487673505259
2 1998 0.214545454545455 0.122071195825295 3.39927186582548
2 1999 0.26 0.362774918820845 4.31893785971033
2 2000 0.305454545454545 0.288789519533911 4.00735043125712
2 2001 0.350909090909091 0.364092238478523 4.31603764925333
2 2002 0.396363636363636 0.469354477242602 4.69279550054804
3 1994 0.578181818181818 0.256517220425403 3.81080289238701
3 1995 0.623636363636364 0.240507752791485 3.73234505817187
3 1996 0.669090909090909 0.609314369971138 5.164735737098
3 1997 0.714545454545455 0.225529616505255 3.67366029670992
3 1998 0.76 0.297139733901785 3.90151303832592
3 1999 0.805454545454545 0.440514362435054 4.4405168647088
3 2000 0.850909090909091 0.266381022184105 3.77385692289209
3 2001 0.896363636363636 0.470406458897531 4.54253952612884
3 2002 0.941818181818182 0.232207580627999 3.59599896535331
4 1994 0.521363636363636 0.167139561567184 3.47443491686523
4 1995 0.566818181818182 0.280843180452084 3.90168539926338
4 1996 0.612272727272727 0.0698452922988028 3.07821556518233
4 1997 0.657727272727273 0.404106504708537 4.36573616968051
4 1998 0.703181818181818 0.327178452832099 4.04652370052307
4 1999 0.748636363636364 0.14322347848924 3.30697503457961
4 2000 0.794090909090909 0.269891403693388 3.79873799414548
4 2001 0.839545454545455 0.196304317241263 3.49587785519331
4 2002 0.885 0.359686119258911 4.10172235779352
6 1994 0.225909090909091 0.465950022339014 4.74201417501343
6 1995 0.271363636363636 0.240033444083728 3.83805108800451
6 1996 0.316818181818182 0.197908001676817 3.66570520308642
6 1997 0.362272727272727 0.208754586833112 3.70233981984382
6 1998 0.407727272727273 0.206474066145671 3.69083286205638
6 1999 0.453181818181818 0.313770013228812 4.07668812365942
6 2000 0.498636363636364 0.590318019529356 5.13027510275426
6 2001 0.544090909090909 0.353768729046771 4.21201464142937
6 2002 0.589545454545455 0.344868071330379 4.13060097678558
8 1994 0.01 0.507787933261717 4.93889614988167
8 1995 0.0554545454545455 0.437731506384838 4.66535206887052
8 1996 0.100909090909091 0.285904468629318 4.07260428026779
8 1997 0.146363636363636 0.315721414752373 4.17761804371605
8 1998 0.191818181818182 0.350822056129002 4.31612501067566
8 1999 0.237272727272727 0.499026770563358 4.85582971810063
8 2000 0.282727272727273 0.32806537990457 4.18995599671732
8 2001 0.328181818181818 0.0940128899358672 3.26974210600129
8 2002 0.373636363636364 0.250520695976274 3.85305060459894
9 1994 0.521363636363636 0.288676609509475 3.94165081818366
9 1995 0.566818181818182 0.265698965232337 3.84670202327233
9 1996 0.612272727272727 0.278905443005074 3.88655304534611
9 1997 0.657727272727273 0.343225958822963 4.11969320754644
9 1998 0.703181818181818 0.176185852861303 3.45887860963632
9 1999 0.748636363636364 0.328164788566838 4.04244430131311
9 2000 0.794090909090909 0.285236489890222 3.84379113407931
9 2001 0.839545454545455 0.15582048475223 3.33924751335533
9 2002 0.885 0.371680708553 4.14482733105747
10 1994 0.0440909090909091 0.397183885938543 4.517078342938
10 1995 0.0895454545454545 0.250830285489562 3.94677313006773
10 1996 0.135 0.30224858870797 4.11567918494202
10 1997 0.180454545454545 0.361962838367142 4.32992250188252
10 1998 0.225909090909091 0.402821849530872 4.48242685195651
10 1999 0.271363636363636 0.51995383301626 4.91491765930748
10 2000 0.316818181818182 0.314299592694853 4.12099023430066
10 2001 0.362272727272727 0.303549134090781 4.05291813263993
10 2002 0.407727272727273 0.326727398821642 4.13593234355294
13 1994 0.521363636363636 0.460461105333861 4.61654482119468
13 1995 0.566818181818182 0.313112368971057 4.03980861857901
13 1996 0.612272727272727 0.353600334253223 4.17453435850976
13 1997 0.657727272727273 0.55097441257202 4.90450520729181
13 1998 0.703181818181818 0.124142682300806 3.25615625211739
13 1999 0.748636363636364 0.457023265277467 4.55412001445619
13 2000 0.794090909090909 0.285297966059231 3.87195366894392
13 2001 0.839545454545455 0.415182663773836 4.32430082663897
13 2002 0.885 0.383407706009805 4.2121401598391
14 1994 0.407727272727273 0.329435688680313 4.12474461014614
14 1995 0.453181818181818 0.325134086008129 4.11321144422073
14 1996 0.498636363636364 0.296831586062065 3.98101533710962
14 1997 0.544090909090909 0.01 2.87209290109405
14 1998 0.589545454545455 0.23575277563204 3.72732951972373
14 1999 0.635 0.30857206936675 4.00130086254486
14 2000 0.680454545454545 0.461377955443968 4.55588206533521
14 2001 0.725909090909091 0.247956275137712 3.73903360410909
14 2002 0.771363636363636 0.112267148311449 3.18557637432201
15 1994 0.350909090909091 0.209697521405822 3.6781119264721
15 1995 0.396363636363636 0.225196820779748 3.75214870344164
15 1996 0.441818181818182 0.148174549318773 3.44338414636587
15 1997 0.487272727272727 0.248608310552591 3.81758130421939
15 1998 0.532727272727273 0.425113818989599 4.46777499557899
15 1999 0.578181818181818 0.309782809610221 4.02755987566956
15 2000 0.623636363636364 0.461026242189177 4.58285476922477
15 2001 0.669090909090909 0.190500121575459 3.53086256733061
15 2002 0.714545454545455 0.342426611209626 4.08248895363859
16 1994 0.135 0.169998436518218 3.62372950670945
16 1995 0.180454545454545 0.248714873984862 3.89356688987684
16 1996 0.225909090909091 0.284820727044076 4.04150205768343
16 1997 0.271363636363636 0.296651532821601 4.06848540553225
16 1998 0.316818181818182 0.429027527009594 4.55702102757936
16 1999 0.362272727272727 0.15025423426767 3.45769675391442
16 2000 0.407727272727273 0.357700874266965 4.26293657295726
16 2001 0.453181818181818 0.390002455227898 4.36391417581194
16 2002 0.498636363636364 0.214464273081037 3.66416989840502
17 1994 0.646363636363636 0.501314603447249 4.74288015823569
17 1995 0.691818181818182 0.355314899407879 4.14951791780122
17 1996 0.737272727272727 0.402399828024633 4.31964872497189
17 1997 0.782727272727273 0.243857443578288 3.71441296410103
17 1998 0.828181818181818 0.291320836433729 3.86109038690917
17 1999 0.873636363636364 0.164204962855179 3.3661782605095
17 2000 0.919090909090909 0.250839656782769 3.69014538603903
17 2001 0.964545454545455 0.195832484600133 3.46824619524767
17 2002 1.01 0.472011299822575 4.5108368512275
18 1994 0.294090909090909 0.115731839700227 3.36258097070272
18 1995 0.339545454545455 0.293581738486031 4.03976073777858
18 1996 0.385 0.175215189371195 3.57610373453311
18 1997 0.430454545454545 0.158357482632068 3.4602236190417
18 1998 0.475909090909091 0.563372930387306 5.04573845235334
18 1999 0.521363636363636 0.188186443623162 3.56174569340387
18 2000 0.566818181818182 0.282787264763475 3.89822424914848
18 2001 0.612272727272727 0.0635488310803384 3.08335646084383
18 2002 0.657727272727273 0.415406938270041 4.39117154089711
19 1994 0.373636363636364 0.439381110447671 4.59017508778481
19 1995 0.419090909090909 0.44160700306796 4.56372597236255
19 1996 0.464545454545455 0.274568799634771 3.91002169428763
19 1997 0.51 0.364904571551938 4.2542059152386
19 1998 0.555454545454545 0.691135722645688 5.49814891919025
19 1999 0.600909090909091 0.286981766100047 3.91868714761751
19 2000 0.646363636363636 0.311622463375964 4.01889339483729
19 2001 0.691818181818182 0.309335896449934 3.97554519821481
19 2002 0.737272727272727 0.294102896854876 3.91358878332925
21 1994 0.578181818181818 0.104048753566076 3.22088010549663
21 1995 0.623636363636364 0.538549189681024 4.89840923439137
21 1996 0.669090909090909 0.374700829918023 4.25750930149765
21 1997 0.714545454545455 0.318771962430028 4.01470255961948
21 1998 0.76 0.223886810336278 3.62878106417425
21 1999 0.805454545454545 0.289979015394507 3.87940537422028
21 2000 0.850909090909091 0.358417202633006 4.13372261463137
21 2001 0.896363636363636 0.405583094903007 4.29429060197391
21 2002 0.941818181818182 0.2945759278509 3.86044044292362
27 1994 0.555454545454545 0.218771637884332 3.65862905461293
27 1995 0.600909090909091 0.214664526045129 3.65243802979241
27 1996 0.646363636363636 0.553535390456448 4.95479592128672
27 1997 0.691818181818182 0.545819966529653 4.9150951172286
27 1998 0.737272727272727 0.278667135407842 3.86242950669719
27 1999 0.782727272727273 0.364703814595578 4.15503873356453
27 2000 0.828181818181818 0.135905253176986 3.27478912903608
27 2001 0.873636363636364 0.195266062506267 3.48523551382191
27 2002 0.919090909090909 0.271535812359232 3.7627463359517
28 1994 0.521363636363636 0.227875786520077 3.71034275778381
28 1995 0.566818181818182 0.124579101061215 3.30529525987847
28 1996 0.612272727272727 0.261032982062431 3.80926908317725
28 1997 0.657727272727273 0.303676362421848 3.96172358414468
28 1998 0.703181818181818 0.195889521523292 3.50914664628398
28 1999 0.748636363636364 0.198145422254477 3.50650233837681
28 2000 0.794090909090909 0.43467648629049 4.42828213377554
28 2001 0.839545454545455 0.199043603182012 3.52315607097081
28 2002 0.885 0.295151063408426 3.86782448780632
29 1994 0.180454545454545 0.174110152826491 3.63112665268786
29 1995 0.225909090909091 0.301052527898184 4.10654440872438
29 1996 0.271363636363636 0.298973829616941 4.08767745167316
29 1997 0.316818181818182 0.223162035590517 3.76855902970512
29 1998 0.362272727272727 0.278835626607797 3.96889214714708
29 1999 0.407727272727273 0.24457448177172 3.81614726518662
29 2000 0.453181818181818 0.297190713165418 4.01505071643715
29 2001 0.498636363636364 0.317029575085347 4.06487050749214
29 2002 0.544090909090909 0.638146424427923 5.27068075473254
30 1994 0.135 0.353779074925344 4.32293234820087
30 1995 0.180454545454545 0.296109108746187 4.09294860249668
30 1996 0.225909090909091 0.245811518184752 3.87122289752318
30 1997 0.271363636363636 0.2839761766357 4.01155217890237
30 1998 0.316818181818182 0.458079110922988 4.67367608293299
30 1999 0.362272727272727 0.351531194992568 4.24302297095382
30 2000 0.407727272727273 0.369558587502403 4.30608553964096
30 2001 0.453181818181818 0.498060239136351 4.78958149322215
30 2002 0.498636363636364 0.339155264710449 4.15847312507185
33 1994 0.612272727272727 0.463504135686998 4.59191519527257
33 1995 0.657727272727273 0.122216201696125 3.28504384147428
33 1996 0.703181818181818 0.377463052935698 4.26251954255339
33 1997 0.748636363636364 0.217778586132618 3.60172896758312
33 1998 0.794090909090909 0.0952536075398409 3.12090752110473
33 1999 0.839545454545455 0.375566111783096 4.20346728340973
33 2000 0.885 0.262874365691149 3.74068821760833
33 2001 0.930454545454545 0.415758111412356 4.3142000798584
33 2002 0.975909090909091 0.368861321986112 4.12830761875882
36 1994 0.100909090909091 0.454548148236065 4.71045686303084
36 1995 0.146363636363636 0.505703322449325 4.91242343633479
36 1996 0.191818181818182 0.386174197481234 4.4302462350475
36 1997 0.237272727272727 0.187404834979628 3.65536059465828
36 1998 0.282727272727273 0.537620930908226 4.97680920612377
36 1999 0.328181818181818 0.489780917584947 4.80249079681293
36 2000 0.373636363636364 0.149823874770513 3.4661304378508
36 2001 0.419090909090909 0.574035865741017 5.08129906495206
36 2002 0.464545454545455 0.189256642749437 3.59121266222565
39 1994 0.430454545454545 0.142565928872506 3.43683628920748
39 1995 0.475909090909091 0.495344403036483 4.76049176380182
39 1996 0.521363636363636 0.368878650202142 4.24827037906226
39 1997 0.566818181818182 0.0916210080649976 3.16692839263562
39 1998 0.612272727272727 0.116982848820797 3.26800208861263
39 1999 0.657727272727273 0.320918927194469 4.04091372347746
39 2000 0.703181818181818 0.24193873685791 3.73437993405372
39 2001 0.748636363636364 0.460425878634197 4.54011596930749
39 2002 0.794090909090909 0.355189849113093 4.11862065396447
40 1994 0.521363636363636 0.35424379135657 4.19421257678814
40 1995 0.566818181818182 0.435508675063558 4.51286078284345
40 1996 0.612272727272727 0.104948841845575 3.19816740587425
40 1997 0.657727272727273 0.153019191574518 3.36793952865432
40 1998 0.703181818181818 0.650886233786205 5.28794698913574
40 1999 0.748636363636364 0.588219507762885 5.03969694379756
40 2000 0.794090909090909 0.489344856801826 4.64158649680565
40 2001 0.839545454545455 0.535689655490352 4.80814697997524
40 2002 0.885 0.152763227576979 3.31313033408509
42 1994 0.271363636363636 0.236601921899187 3.81566177164196
42 1995 0.316818181818182 0.346131166030476 4.23602639960584
42 1996 0.362272727272727 0.30353736916964 4.05518738436677
42 1997 0.407727272727273 0.213854736018951 3.70323358388408
42 1998 0.453181818181818 0.200388458249143 3.62059723613415
42 1999 0.498636363636364 0.162630375554596 3.46814221260855
42 2000 0.544090909090909 0.306933588424827 4.0256686621525
42 2001 0.589545454545455 0.315457513020029 4.03132075021423
42 2002 0.635 0.53004456758245 4.87313231200641
43 1994 0.169090909090909 0.359600731804922 4.32310698213031
43 1995 0.214545454545455 0.634317843894436 5.37127519824058
43 1996 0.26 0.249544321208047 3.87683018301702
43 1997 0.305454545454545 0.20120861832296 3.67592343353282
43 1998 0.350909090909091 0.227247680007145 3.77333316370425
43 1999 0.396363636363636 0.214330345235828 3.71578184932029
43 2000 0.441818181818182 0.104350125670975 3.28203034282464
43 2001 0.487272727272727 0.322085284621378 4.08467671491252
43 2002 0.532727272727273 0.250433049217401 3.82577215950781
46 1994 0.350909090909091 0.482783822641323 4.75381918369694
46 1995 0.396363636363636 0.223551429891773 3.7465634193296
46 1996 0.441818181818182 0.444337797225707 4.58829182401861
46 1997 0.487272727272727 0.390770305170231 4.37717419114538
46 1998 0.532727272727273 0.23345054613719 3.74356935678268
46 1999 0.578181818181818 0.194898422849411 3.56938993834193
46 2000 0.623636363636364 0.292045907175449 3.91852092298327
46 2001 0.669090909090909 0.222040295507655 3.63930818107259
46 2002 0.714545454545455 0.334569574931583 4.08104406405374
47 1994 0.646363636363636 0.305044779995816 3.98220667150883
47 1995 0.691818181818182 0.155010326060688 3.3856611080699
47 1996 0.737272727272727 0.429510839191906 4.43480517061046
47 1997 0.782727272727273 0.776054549605787 5.76037830104383
47 1998 0.828181818181818 0.169693096679784 3.38735479856861
47 1999 0.873636363636364 0.216781243252285 3.58248808287768
47 2000 0.919090909090909 0.406274872231284 4.29111210721718
47 2001 0.964545454545455 0.461382544991798 4.48117267211366
47 2002 1.01 0.307009955903854 3.86818684753384
49 1994 0.441818181818182 0.407583267486765 4.44664891274747
49 1995 0.487272727272727 0.288387905085264 3.98409378139077
49 1996 0.532727272727273 0.415660336641797 4.43346226706266
49 1997 0.578181818181818 0.258089729735097 3.80768097587098
49 1998 0.623636363636364 0.422643443963384 4.44538501688192
49 1999 0.669090909090909 0.247219034390777 3.73607324337695
49 2000 0.714545454545455 0.320629146229929 4.01858161491172
49 2001 0.76 0.490246155992645 4.64125844806014
49 2002 0.805454545454545 0.353539389481864 4.12372050106141
51 1994 0.0327272727272727 0.494606184098134 4.88404177312201
51 1995 0.0781818181818182 0.0660774445866041 3.22738473713683
51 1996 0.123636363636364 0.479560407922604 4.81192187822041
51 1997 0.169090909090909 0.49424373972669 4.85595299587554
51 1998 0.214545454545455 0.347534751368386 4.27529366018929
51 1999 0.26 0.512530519470113 4.89940498436212
51 2000 0.305454545454545 0.0989329646727297 3.27822697977156
51 2001 0.350909090909091 0.30261969555241 4.06676572787212
51 2002 0.396363636363636 0.27307070435895 3.93790410833488
52 1994 0.282727272727273 0.378658497338658 4.36782457896644
52 1995 0.328181818181818 0.296652462135713 4.04396253869371
52 1996 0.373636363636364 0.311308503802829 4.08591714002813
52 1997 0.419090909090909 0.631423798285953 5.31604024331089
52 1998 0.464545454545455 0.547798559962204 4.96682035342865
52 1999 0.51 0.251263227985384 3.80935542089892
52 2000 0.555454545454545 0.234073348424999 3.74415341527233
52 2001 0.600909090909091 0.146892947794335 3.36816609118299
52 2002 0.646363636363636 0.441135498554833 4.50189300045486
55 1994 0.237272727272727 0.398191775257396 4.45114036868902
55 1995 0.282727272727273 0.380689365688093 4.39413503858193
55 1996 0.328181818181818 0.383688126452581 4.36219245455962
55 1997 0.373636363636364 0.299218063233182 4.05599345134482
55 1998 0.419090909090909 0.225530367767134 3.74442869374648
55 1999 0.464545454545455 0.578507487991407 5.08257120539801
55 2000 0.51 0.50568604063629 4.78889075384312
55 2001 0.555454545454545 0.679858635600786 5.44756697299467
55 2002 0.600909090909091 0.272594816856424 3.87126058835202
56 1994 0.203181818181818 0.432266860123951 4.59411697597039
56 1995 0.248636363636364 0.167917966151184 3.57494535365429
56 1996 0.294090909090909 0.386558732513657 4.400033631107
56 1997 0.339545454545455 0.540332697853721 4.97935950512233
56 1998 0.385 0.267173054962132 3.89764887206029
56 1999 0.430454545454545 0.188145275911972 3.58426346544737
56 2000 0.475909090909091 0.240653228462612 3.78904123075881
56 2001 0.521363636363636 0.244922687774848 3.77636059795782
56 2002 0.566818181818182 0.31194165864574 4.02573479240611
57 1994 0.589545454545455 0.259167393490316 3.80540512428366
57 1995 0.635 0.314374296800518 4.00946269005796
57 1996 0.680454545454545 0.227869751543036 3.66542582787159
57 1997 0.725909090909091 0.228489086821498 3.66666766933516
57 1998 0.771363636363636 0.255918391142442 3.75725376695824
57 1999 0.816818181818182 0.428523987455698 4.41298228660206
57 2000 0.862272727272727 0.392722592633945 4.23757647631703
57 2001 0.907727272727273 0.376974858161402 4.1810830994851
57 2002 0.953181818181818 0.160167475918484 3.32258609761457
58 1994 0.0668181818181818 0.336311868503207 4.29305223385741
58 1995 0.112272727272727 0.545497950454183 5.07054935503952
58 1996 0.157727272727273 0.491535635466413 4.86031942307178
58 1997 0.203181818181818 0.320679908869909 4.16665726765198
58 1998 0.248636363636364 0.263889178117473 3.93954896799341
58 1999 0.294090909090909 0.22816281712411 3.78953086116277
58 2000 0.339545454545455 0.288656922143375 4.02111878311704
58 2001 0.385 0.337623489308861 4.19332779548598
58 2002 0.430454545454545 0.423330226967949 4.48915259790152
60 1994 0.578181818181818 0.295610826300994 3.97763405602644
60 1995 0.623636363636364 0.309162518255129 4.01252152050768
60 1996 0.669090909090909 0.645186827491727 5.28662526347116
60 1997 0.714545454545455 0.318419656048758 4.02202394234374
60 1998 0.76 0.50381146407645 4.69851220755724
60 1999 0.805454545454545 0.184528438987666 3.46480756012107
60 2000 0.850909090909091 0.323377142917417 3.98789494109448
60 2001 0.896363636363636 0.316140937816276 3.94464228346883
60 2002 0.941818181818182 0.204833145210614 3.48166552627666
69 1994 0.328181818181818 0.641368907341691 5.3481380901722
69 1995 0.373636363636364 0.174503309446627 3.55652296624013
69 1996 0.419090909090909 0.601458166042297 5.19811333912784
69 1997 0.464545454545455 0.329752982841735 4.1344216548416
69 1998 0.51 0.288485109452149 3.95491516861564
69 1999 0.555454545454545 0.305767154536648 4.00435354212109
69 2000 0.600909090909091 0.404140441339815 4.38596194070017
69 2001 0.646363636363636 0.481009043597954 4.66351846775102
69 2002 0.691818181818182 0.581813457453834 5.05050921126191
70 1994 0.169090909090909 0.413012927259537 4.55070019689726
70 1995 0.214545454545455 0.104371797423001 3.33193493277386
70 1996 0.26 0.0810811416340993 3.22702778515844
70 1997 0.305454545454545 0.260329610297272 3.91095909547131
70 1998 0.350909090909091 0.366826429507123 4.32140771577765
70 1999 0.396363636363636 0.337881461979271 4.19023607585898
70 2000 0.441818181818182 0.490137503927845 4.72257281588259
70 2001 0.487272727272727 0.291204185659424 3.98019217333289
70 2002 0.532727272727273 0.136728058412891 3.36108838945717
71 1994 0.191818181818182 0.334696129298975 4.21590630830655
71 1995 0.237272727272727 0.666929173727204 5.4935101484387
71 1996 0.282727272727273 0.210267580256467 3.7231873836057
71 1997 0.328181818181818 0.275400228716221 3.96365840075246
71 1998 0.373636363636364 0.31916905653847 4.13029317351432
71 1999 0.419090909090909 0.473174588273527 4.69412332139192
71 2000 0.464545454545455 0.329261852810308 4.11645735356375
71 2001 0.51 0.140078990387596 3.38795290222238
71 2002 0.555454545454545 0.50082901892146 4.74246345335251
73 1994 0.100909090909091 0.555208044971157 5.10968265155066
73 1995 0.146363636363636 0.505718918462544 4.90923808945505
73 1996 0.191818181818182 0.453633975150048 4.69842193340268
73 1997 0.237272727272727 0.358926761581537 4.31842644954659
73 1998 0.282727272727273 0.433858240665534 4.57387652732662
73 1999 0.328181818181818 0.136887928290768 3.40998598143449
73 2000 0.373636363636364 0.449015469364332 4.61547491111581
73 2001 0.419090909090909 0.307589810270475 4.06447300545964
73 2002 0.464545454545455 0.524503237604909 4.90062891521975
76 1994 0.589545454545455 0.38913951872162 4.33284887524424
76 1995 0.635 0.426668714992653 4.44164738304049
76 1996 0.680454545454545 0.213003669837996 3.61186504129426
76 1997 0.725909090909091 0.429624424475044 4.43717898642121
76 1998 0.771363636363636 0.167830134534295 3.40357288912607
76 1999 0.816818181818182 0.307076012325013 3.91719425707199
76 2000 0.862272727272727 0.270809183977131 3.76522305855883
76 2001 0.907727272727273 0.326994450609727 3.97920513539568
76 2002 0.953181818181818 0.347595156315474 4.04374011710973
80 1994 0.487272727272727 0.453081963045937 4.58683824432462
80 1995 0.532727272727273 0.214234187214209 3.68935933749261
80 1996 0.578181818181818 0.190299182575942 3.56595947505545
80 1997 0.623636363636364 0.217538436335134 3.64746048567941
80 1998 0.669090909090909 0.369219335307182 4.2205238390289
80 1999 0.714545454545455 0.23409985503392 3.67606377403121
80 2000 0.76 0.376719055496806 4.21657684935174
80 2001 0.805454545454545 0.573038959750892 4.96373989153382
80 2002 0.850909090909091 0.115971088652363 3.17953585614309
81 1994 0.566818181818182 0.398249695794411 4.37646013869308
81 1995 0.612272727272727 0.452666414787865 4.55846307107021
81 1996 0.657727272727273 0.183574243462421 3.50116803027296
81 1997 0.703181818181818 0.185260527985154 3.49241542398247
81 1998 0.748636363636364 0.387921074515253 4.25640498454065
81 1999 0.794090909090909 0.378310345089688 4.22021588126099
81 2000 0.839545454545455 0.23047288302145 3.61960405067641
81 2001 0.885 0.192768640565367 3.46352855279805
81 2002 0.930454545454545 0.156437071748687 3.33721895333352
83 1994 0.146363636363636 0.371932718215366 4.39475478670681
83 1995 0.191818181818182 0.487199508274707 4.80381161865647
83 1996 0.237272727272727 0.383730125436621 4.41136515577116
83 1997 0.282727272727273 0.274271113946558 3.9805710512324
83 1998 0.328181818181818 0.506158933731058 4.84197059289827
83 1999 0.373636363636364 0.145455930151946 3.43757119259345
83 2000 0.419090909090909 0.31834377062468 4.10061467582745
83 2001 0.464545454545455 0.232005162455119 3.76498197410594
83 2002 0.51 0.422888611705373 4.47402021350513
84 1994 0.498636363636364 0.405480410103878 4.40339478367988
84 1995 0.544090909090909 0.301326356480619 3.99538247115133
84 1996 0.589545454545455 0.434653948864231 4.51624584654415
84 1997 0.635 0.330786866650605 4.08184972965686
84 1998 0.680454545454545 0.153113975383198 3.37321143575097
84 1999 0.725909090909091 0.194953546515697 3.53017198131291
84 2000 0.771363636363636 0.289953583551924 3.88860995153298
84 2001 0.816818181818182 0.308507741502103 3.93191906205526
84 2002 0.862272727272727 0.227408435979779 3.61051235525454
85 1994 0.203181818181818 0.109038726652212 3.36037120366838
85 1995 0.248636363636364 0.631426670524024 5.34354721493745
85 1996 0.294090909090909 0.341712858486854 4.24496325550188
85 1997 0.339545454545455 0.0826645021663679 3.22079443538055
85 1998 0.385 0.445010429867428 4.6066533766608
85 1999 0.430454545454545 0.382487092385186 4.34799282034901
85 2000 0.475909090909091 0.157556239997468 3.44791090385183
85 2001 0.521363636363636 0.207508092285819 3.63870492280823
85 2002 0.566818181818182 0.529365407805449 4.87635490304041
87 1994 0.544090909090909 0.217053380726031 3.66214336071571
87 1995 0.589545454545455 0.198166305484768 3.59996742758626
87 1996 0.635 0.266104382266082 3.83122456774106
87 1997 0.680454545454545 0.072928756531585 3.07321065217103
87 1998 0.725909090909091 0.236755741429207 3.70992462305799
87 1999 0.771363636363636 0.112471431101056 3.18993927569543
87 2000 0.816818181818182 0.19281117590937 3.49683113120942
87 2001 0.862272727272727 0.168931833347794 3.38072789023653
87 2002 0.907727272727273 0.32716256354898 3.99549126788047
89 1994 0.566818181818182 0.528379873925889 4.84703768552041
89 1995 0.612272727272727 0.159287952076187 3.41926434760886
89 1996 0.657727272727273 0.168576043849704 3.46437885542746
89 1997 0.703181818181818 0.432141732800807 4.43573758373823
89 1998 0.748636363636364 0.357204602876217 4.15555264785851
89 1999 0.794090909090909 0.350774354232901 4.12053709701857
89 2000 0.839545454545455 0.174279245668127 3.40805922654236
89 2001 0.885 0.342886773014465 4.03349894819384
89 2002 0.930454545454545 0.465263012173029 4.50196088877409
90 1994 0.203181818181818 0.355703602391196 4.31557512517296
90 1995 0.248636363636364 0.357525050878364 4.28244243486953
90 1996 0.294090909090909 0.579155454825282 5.14470739279425
90 1997 0.339545454545455 0.299351377538324 4.05048434181952
90 1998 0.385 0.128461969048301 3.38586567968449
90 1999 0.430454545454545 0.216074458789073 3.69501009081768
90 2000 0.475909090909091 0.387965032385226 4.35532120170233
90 2001 0.521363636363636 0.535782986150928 4.91888143284846
90 2002 0.566818181818182 0.54195863799236 4.9241755732566
91 1994 0.214545454545455 0.441834515217258 4.64190083402542
91 1995 0.26 0.110622446192109 3.34275778104829
91 1996 0.305454545454545 0.387245838826708 4.38866301541103
91 1997 0.350909090909091 0.68802325647086 5.55004660852694
91 1998 0.396363636363636 0.207719236295619 3.67917677115563
91 1999 0.441818181818182 0.405571713220644 4.42632110957192
91 2000 0.487272727272727 0.493489163853088 4.75386933263079
91 2001 0.532727272727273 0.267244516262086 3.87027821267551
91 2002 0.578181818181818 0.333844604100265 4.09903224309502
92 1994 0.26 0.145112873721646 3.4861817656275
92 1995 0.305454545454545 0.337806932484296 4.22679736021369
92 1996 0.350909090909091 0.468443717760376 4.69065493010973
92 1997 0.396363636363636 0.467742759706046 4.67013491821452
92 1998 0.441818181818182 0.551086713392189 4.98610297866531
92 1999 0.487272727272727 0.45609513000199 4.60672239060539
92 2000 0.532727272727273 0.290741490324254 3.95109076500554
92 2001 0.578181818181818 0.597503617797753 5.14129759040634
92 2002 0.623636363636364 0.140501270337533 3.34272279936144
94 1994 0.316818181818182 0.190609274413944 3.6468131446145
94 1995 0.362272727272727 0.486176107294992 4.75968454154704
94 1996 0.407727272727273 0.38037007426839 4.33959786676232
94 1997 0.453181818181818 0.440923235265755 4.56702687659448
94 1998 0.498636363636364 0.25975077951947 3.85562253187112
94 1999 0.544090909090909 0.424783356632377 4.46468206328876
94 2000 0.589545454545455 0.15551235642477 3.42251199419475
94 2001 0.635 0.409559776277189 4.39456429299923
94 2002 0.680454545454545 0.252677124160399 3.77387059786486
96 1994 0.0213636363636364 0.602938748118832 5.31601597288692
96 1995 0.0668181818181818 0.441959107967795 4.67703115638358
96 1996 0.112272727272727 0.306734317365505 4.13456063036954
96 1997 0.157727272727273 0.796373957045983 6.03457872605077
96 1998 0.203181818181818 0.124479574741294 3.41140808905794
96 1999 0.248636363636364 0.358080934301112 4.29537835653878
96 2000 0.294090909090909 0.431369124868702 4.58064149486588
96 2001 0.339545454545455 0.322677847592888 4.14413182825893
96 2002 0.385 0.327797488186356 4.13090076102996
97 1994 0.157727272727273 0.384684786157258 4.43389279825872
97 1995 0.203181818181818 0.299059788176184 4.0926960158719
97 1996 0.248636363636364 0.247029436590574 3.88928460463522
97 1997 0.294090909090909 0.411778967338499 4.50118488401448
97 1998 0.339545454545455 0.202597427212612 3.67857557087182
97 1999 0.385 0.31731363730132 4.10264997395718
97 2000 0.430454545454545 0.361521232569541 4.2510520170808
97 2001 0.475909090909091 0.233375915102366 3.75253508583838
97 2002 0.521363636363636 0.228352213448105 3.71506215388328
98 1994 0.555454545454545 0.15058064313659 3.39134629309141
98 1995 0.600909090909091 0.467518209284265 4.62667188483228
98 1996 0.646363636363636 0.680843703273593 5.41595142744662
98 1997 0.691818181818182 0.396222099250114 4.32735245560329
98 1998 0.737272727272727 0.521515089007534 4.78935993322674
98 1999 0.782727272727273 0.181458119742746 3.45561996407918
98 2000 0.828181818181818 0.417196521145501 4.35255632151242
98 2001 0.873636363636364 0.290867441624903 3.86177545548033
98 2002 0.919090909090909 0.347149571829297 4.0585383366659
99 1994 0.555454545454545 0.679383719706213 5.45214264628079
99 1995 0.600909090909091 0.353121619721387 4.17334939172887
99 1996 0.646363636363636 0.450652195029817 4.54021062415951
99 1997 0.691818181818182 0.316000196703135 4.01094676283116
99 1998 0.737272727272727 0.203531348467108 3.54729352715012
99 1999 0.782727272727273 0.322595325066597 3.99737570276164
99 2000 0.828181818181818 0.564219681201646 4.92275497642215
99 2001 0.873636363636364 0.489635924939546 4.61176141188363
99 2002 0.919090909090909 0.169986157466231 3.36886748321378
100 1994 0.600909090909091 0.367796516473003 4.24241504469462
100 1995 0.646363636363636 0.378852096332246 4.25449539458959
100 1996 0.691818181818182 0.372655869942209 4.234225513742
100 1997 0.737272727272727 0.39582671220875 4.28669805555305
100 1998 0.782727272727273 0.134334900968343 3.27593556479138
100 1999 0.828181818181818 0.4224600844926 4.37505362695473
100 2000 0.873636363636364 0.128088811597147 3.21608853159317
100 2001 0.919090909090909 0.203525328955794 3.50308360352162
100 2002 0.964545454545455 0.309666272488981 3.88195033983626
103 1994 0.248636363636364 0.264495310567592 3.94227794650674
103 1995 0.294090909090909 0.525031727787925 4.93148107276824
103 1996 0.339545454545455 0.414318388313776 4.48683373010584
103 1997 0.385 0.611870939650825 5.23056182250663
103 1998 0.430454545454545 0.342035920780599 4.17112604435236
103 1999 0.475909090909091 0.23143867334048 3.75714893122306
103 2000 0.521363636363636 0.443894449416143 4.55597363321484
103 2001 0.566818181818182 0.383648272485433 4.29404058433535
103 2002 0.612272727272727 0.345059274211002 4.11926467046255
104 1994 0.430454545454545 0.209252286664251 3.68028487029059
104 1995 0.475909090909091 0.358597207781994 4.23418798812196
104 1996 0.521363636363636 0.286119754349708 3.93056875357282
104 1997 0.566818181818182 0.410353632769436 4.40646786965061
104 1998 0.612272727272727 0.341286748459546 4.12956026082682
104 1999 0.657727272727273 0.420485228723683 4.43335330568918
104 2000 0.703181818181818 0.266918214606182 3.80167056693271
104 2001 0.748636363636364 0.137336565494592 3.29645366299608
104 2002 0.794090909090909 0.334021793220951 4.05160625459688
107 1994 0.544090909090909 0.196927973653521 3.58780020035269
107 1995 0.589545454545455 0.102435693328951 3.21379841297252
107 1996 0.635 0.315141216116607 4.01329432249574
107 1997 0.680454545454545 0.342763622553316 4.10353460020828
107 1998 0.725909090909091 0.277523180815832 3.84259890738371
107 1999 0.771363636363636 0.224050527163588 3.65278061763134
107 2000 0.816818181818182 0.486582478483311 4.6286062361428
107 2001 0.862272727272727 0.346005343025474 4.06958553143178
107 2002 0.907727272727273 0.588871389994127 4.99589670074485
109 1994 0.0781818181818182 0.411680530442307 4.57141600155368
109 1995 0.123636363636364 0.351806544484158 4.32623917247368
109 1996 0.169090909090909 0.456134543678074 4.71091830135156
109 1997 0.214545454545455 0.161711802161079 3.5681850204985
109 1998 0.26 0.302860327567555 4.08979907240932
109 1999 0.305454545454545 0.187704045546987 3.61880888997415
109 2000 0.350909090909091 0.267674387570332 3.91417091715409
109 2001 0.396363636363636 0.30784580571436 4.06865003339833
109 2002 0.441818181818182 0.355032827302773 4.23419219874021
110 1994 0.135 0.23224928103442 3.84332701116996
110 1995 0.180454545454545 0.462783991754265 4.72998641662954
110 1996 0.225909090909091 0.329166109333344 4.22153682749519
110 1997 0.271363636363636 0.255519074671892 3.90154378815341
110 1998 0.316818181818182 0.153652401253915 3.47652399312818
110 1999 0.362272727272727 0.272901633265408 3.93038856400795
110 2000 0.407727272727273 0.384717724674646 4.37226887190053
110 2001 0.453181818181818 0.359689884712433 4.26149870108092
110 2002 0.498636363636364 0.187430707153844 3.56518913626671
111 1994 0.214545454545455 0.232074095659465 3.81331581849124
111 1995 0.26 0.314230923902548 4.1334073535557
111 1996 0.305454545454545 0.200575453710504 3.68722527237105
111 1997 0.350909090909091 0.337814316920639 4.189250751888
111 1998 0.396363636363636 0.351204752385016 4.23200067778553
111 1999 0.441818181818182 0.131759141328292 3.36943804910792
111 2000 0.487272727272727 0.364681321958394 4.27047471167779
111 2001 0.532727272727273 0.266734572020925 3.86880905131992
111 2002 0.578181818181818 0.293115752490958 3.97687907882802
112 1994 0.555454545454545 0.175381118423895 3.49735097587241
112 1995 0.600909090909091 0.262446646018381 3.85151132347733
112 1996 0.646363636363636 0.348013925053437 4.1393694534447
112 1997 0.691818181818182 0.487966351032224 4.67656931059576
112 1998 0.737272727272727 0.124415264927949 3.24495688133866
112 1999 0.782727272727273 0.205815675515034 3.5455490329589
112 2000 0.828181818181818 0.37536272537999 4.20209051521368
112 2001 0.873636363636364 0.240072952170113 3.66423275114757
112 2002 0.919090909090909 0.24673461685047 3.67765387378777
113 1994 0.191818181818182 0.215864718089187 3.80200827740256
113 1995 0.237272727272727 0.293339512431388 4.0481267740598
113 1996 0.282727272727273 0.296357990276087 4.05236663575751
113 1997 0.328181818181818 0.380833046617561 4.37145442900992
113 1998 0.373636363636364 0.390370459934759 4.37064813778529
113 1999 0.419090909090909 0.327013763528611 4.1294705920716
113 2000 0.464545454545455 0.355850614276125 4.2281512840455
113 2001 0.51 0.433649176833486 4.50136288313117
113 2002 0.555454545454545 0.337351887147418 4.1270787683512
115 1994 0.487272727272727 0.489496130504411 4.74166910248137
115 1995 0.532727272727273 0.336738447740996 4.11918128674411
115 1996 0.578181818181818 0.292681283313543 3.95126086741625
115 1997 0.623636363636364 0.158262872841093 3.43034615274048
115 1998 0.669090909090909 0.557819672778505 4.94111664431399
115 1999 0.714545454545455 0.549316884786323 4.89475895905783
115 2000 0.76 0.262949729315229 3.77607337320458
115 2001 0.805454545454545 0.22348381918542 3.60072809863399
115 2002 0.850909090909091 0.344912215833411 4.07413949308559
116 1994 0.135 0.56156838970579 5.12703313676548
116 1995 0.180454545454545 0.170994579711155 3.62547007118464
116 1996 0.225909090909091 0.230996688322155 3.82353559230396
116 1997 0.271363636363636 0.356171613805659 4.29657481693691
116 1998 0.316818181818182 0.22142104587525 3.75392834870822
116 1999 0.362272727272727 0.595750539287654 5.19772622496251
116 2000 0.407727272727273 0.223565563370997 3.73560326810866
116 2001 0.453181818181818 0.535563705642841 4.90302998214898
116 2002 0.498636363636364 0.319304607317591 4.07162723194093
118 1994 0.316818181818182 0.351236113255891 4.26376364451871
118 1995 0.362272727272727 0.329014551287529 4.15998197501066
118 1996 0.407727272727273 0.462018244857502 4.65598125593846
118 1997 0.453181818181818 0.321247449593371 4.10591180042094
118 1998 0.498636363636364 0.324822756322184 4.10259247897125
118 1999 0.544090909090909 0.417691650950973 4.44300253623573
118 2000 0.589545454545455 0.199590533134451 3.59371884546033
118 2001 0.635 0.144569617618997 3.35476565906051
118 2002 0.680454545454545 0.527372564605915 4.82067862461684
122 1994 0.0440909090909091 0.331123111950427 4.2615281831117
122 1995 0.0895454545454545 0.134717382459288 3.4840853299886
122 1996 0.135 0.401838632696468 4.51018793100608
122 1997 0.180454545454545 0.314160254936733 4.16388360221435
122 1998 0.225909090909091 0.20738223671645 3.7392252199846
122 1999 0.271363636363636 0.223260784818664 3.77489219739848
122 2000 0.316818181818182 0.419893489220006 4.52272785935544
122 2001 0.362272727272727 0.318974861241648 4.13477363442698
122 2002 0.407727272727273 0.249727214089349 3.82735134308999
123 1994 0.589545454545455 0.322664204522537 4.0490172997381
123 1995 0.635 0.248316359441232 3.78117980674533
123 1996 0.680454545454545 0.448800608668203 4.52434909463246
123 1997 0.725909090909091 0.267545807780841 3.79787067947388
123 1998 0.771363636363636 0.237824063550811 3.67473019272385
123 1999 0.816818181818182 0.241987617367923 3.66942721213531
123 2000 0.862272727272727 0.313712699614346 3.95140277153582
123 2001 0.907727272727273 0.654449572309805 5.24421404276685
123 2002 0.953181818181818 0.376066491254813 4.15820360611077
124 1994 0.487272727272727 0.317711262406344 4.09032514280692
124 1995 0.532727272727273 0.304065785086528 4.00644530890329
124 1996 0.578181818181818 0.330175678530366 4.08066357482472
124 1997 0.623636363636364 0.188162753006849 3.51616864808534
124 1998 0.669090909090909 0.476637526780032 4.63260335789532
124 1999 0.714545454545455 0.148125931193621 3.35460477662957
124 2000 0.76 0.32140916324834 3.99964919324227
124 2001 0.805454545454545 0.228958207219878 3.64116573454098
124 2002 0.850909090909091 0.306605281308175 3.92027884953936
125 1994 0.271363636363636 0.149645925269697 3.49739172573002
125 1995 0.316818181818182 0.397383587776335 4.43298423214667
125 1996 0.362272727272727 0.421618062440768 4.49891869193655
125 1997 0.407727272727273 0.295982960086183 3.99895952881886
125 1998 0.453181818181818 0.585060469803738 5.11541881189184
125 1999 0.498636363636364 0.274880952876164 3.90340636028057
125 2000 0.544090909090909 0.266132662521461 3.853402353219
125 2001 0.589545454545455 0.158411296181741 3.43728691506929
125 2002 0.635 0.494553757948855 4.70830274596769
126 1994 0.566818181818182 0.251654051817336 3.79536557940472
126 1995 0.612272727272727 0.183039170437354 3.5280380381236
126 1996 0.657727272727273 0.375761367172554 4.25505660394916
126 1997 0.703181818181818 0.389557902515131 4.2961218640665
126 1998 0.748636363636364 0.275886820193175 3.83512667996832
126 1999 0.794090909090909 0.24941411829877 3.73149652813745
126 2000 0.839545454545455 0.369005953187597 4.15833604480527
126 2001 0.885 0.363291555152795 4.10629644463908
126 2002 0.930454545454545 0.338936914901781 4.02947194301478
127 1994 0.328181818181818 0.326640633948617 4.1684893480287
127 1995 0.373636363636364 0.209346612295656 3.69633424514542
127 1996 0.419090909090909 0.225039476224932 3.73061490647897
127 1997 0.464545454545455 0.190918965014337 3.59124011530296
127 1998 0.51 0.306820368478753 4.01379952410792
127 1999 0.555454545454545 0.231677272831881 3.72201566447526
127 2000 0.600909090909091 0.24181881026796 3.74011052169535
127 2001 0.646363636363636 0.382706986424837 4.29235064433209
127 2002 0.691818181818182 0.203517894208216 3.58998651337334
128 1994 0.385 0.303134578271565 4.06221010830956
128 1995 0.430454545454545 0.345838371692298 4.18799181852549
128 1996 0.475909090909091 0.310894148270613 4.04557392169005
128 1997 0.521363636363636 0.209764193058727 3.63982549659961
128 1998 0.566818181818182 0.761940260719149 5.75382896521691
128 1999 0.612272727272727 0.333928902036318 4.08173159118473
128 2000 0.657727272727273 0.249096487298942 3.75834446003292
128 2001 0.703181818181818 0.309144218778383 3.98781174756838
128 2002 0.748636363636364 0.405135990920199 4.35107445872416
130 1994 0.532727272727273 0.0739172438390934 3.10623311965529
130 1995 0.578181818181818 0.359479894145877 4.20501967683528
130 1996 0.623636363636364 0.297209204096545 3.94858186849711
130 1997 0.669090909090909 0.548271832519911 4.91245530546671
130 1998 0.714545454545455 0.132330873679807 3.29455593505367
130 1999 0.76 0.334285089463568 4.05506233210048
130 2000 0.805454545454545 0.242357928297324 3.69526083789376
130 2001 0.850909090909091 0.104282874752783 3.13484373408922
130 2002 0.896363636363636 0.540059628815696 4.78811744385416
131 1994 0.623636363636364 0.442236570389109 4.51285449728993
131 1995 0.669090909090909 0.393717355530968 4.31642885648175
131 1996 0.714545454545455 0.412268664813722 4.37464242162058
131 1997 0.76 0.522944280063852 4.77428108943821
131 1998 0.805454545454545 0.108762850865154 3.16915115578411
131 1999 0.850909090909091 0.394175104800759 4.25480975038951
131 2000 0.896363636363636 0.191249498984579 3.46815252623449
131 2001 0.941818181818182 0.348394243483314 4.04220719137574
131 2002 0.987272727272727 0.302134238015827 3.8522101326621
132 1994 0.373636363636364 0.494162447263437 4.79058109596106
132 1995 0.419090909090909 0.183407813698331 3.57197148933412
132 1996 0.464545454545455 0.308104498075264 4.03578314783097
132 1997 0.51 0.325604583671355 4.09949183192801
132 1998 0.555454545454545 0.191383305256664 3.57768318830378
132 1999 0.600909090909091 0.289189098735234 3.93006033978126
132 2000 0.646363636363636 0.156856382769685 3.41863797042849
132 2001 0.691818181818182 0.552928359993295 4.91776066721799
132 2002 0.737272727272727 0.264700307922707 3.78350091790597
135 1994 0.01 0.198515959845186 3.7541731707787
135 1995 0.0554545454545455 0.29779431849505 4.15425411531444
135 1996 0.100909090909091 0.34848110534017 4.31103273446606
135 1997 0.146363636363636 0.164763684955031 3.59365533633647
135 1998 0.191818181818182 0.568642651310021 5.14204579551948
135 1999 0.237272727272727 0.583748881927616 5.19262386977362
135 2000 0.282727272727273 0.0917059461527561 3.26558404589661
135 2001 0.328181818181818 0.171959357386679 3.56673911379491
135 2002 0.373636363636364 0.149805369645052 3.46759029519791
136 1994 0.146363636363636 0.0982659252752881 3.33528115547083
136 1995 0.191818181818182 0.251801001103986 3.89562119254819
136 1996 0.237272727272727 0.153195272935921 3.54317600012248
136 1997 0.282727272727273 0.134437701497574 3.42940265075048
136 1998 0.328181818181818 0.0990826882185198 3.27603586749753
136 1999 0.373636363636364 0.266584444495271 3.88350871843192
136 2000 0.419090909090909 0.321489184795763 4.10826076711986
136 2001 0.464545454545455 0.247801883765338 3.803407431884
136 2002 0.51 0.358191589751879 4.20464809182383
137 1994 0.305454545454545 0.164659435327665 3.54039700672807
137 1995 0.350909090909091 0.203447440730217 3.68132674235018
137 1996 0.396363636363636 0.209797115088233 3.69558282769228
137 1997 0.441818181818182 0.60118820836762 5.19803237490248
137 1998 0.487272727272727 0.138340922012747 3.37181309221043
137 1999 0.532727272727273 0.261086843198047 3.84749622126469
137 2000 0.578181818181818 0.173433634000985 3.50479164469735
137 2001 0.623636363636364 0.313456361347416 4.02993207976326
137 2002 0.669090909090909 0.262352362582042 3.81181591995854
138 1994 0.271363636363636 0.181630108055105 3.61419094656846
138 1995 0.316818181818182 0.287217607917593 4.01827151133967
138 1996 0.362272727272727 0.250143506476121 3.84526275362821
138 1997 0.407727272727273 0.289679665174006 4.01112506633836
138 1998 0.453181818181818 0.162948571479003 3.49977941613603
138 1999 0.498636363636364 0.180316267331725 3.5357387799706
138 2000 0.544090909090909 0.259525603284906 3.84234808858493
138 2001 0.589545454545455 0.122595415222862 3.30187497716309
138 2002 0.635 0.183632413780853 3.51702066303296
141 1994 0.225909090909091 0.313031153406072 4.13744197123336
141 1995 0.271363636363636 0.276233571288602 3.99241704017289
141 1996 0.316818181818182 0.21153864766625 3.71906922894065
141 1997 0.362272727272727 0.238288136785294 3.8169052898182
141 1998 0.407727272727273 0.405728593077584 4.44075984382591
141 1999 0.453181818181818 0.141236502610558 3.397407165518
141 2000 0.498636363636364 0.450713686061285 4.57805875028974
141 2001 0.544090909090909 0.479329843433 4.68674519518543
141 2002 0.589545454545455 0.263255263217085 3.81182040948226
142 1994 0.350909090909091 0.187212113668872 3.62162643976772
142 1995 0.396363636363636 0.341738177615127 4.17749014200462
142 1996 0.441818181818182 0.326216982366776 4.1174558414174
142 1997 0.487272727272727 0.335794129484961 4.13987720283848
142 1998 0.532727272727273 0.574934149394156 5.06177088232217
142 1999 0.578181818181818 0.321874884635025 4.05407454729272
142 2000 0.623636363636364 0.20542540708918 3.59818034043412
142 2001 0.669090909090909 0.385901495919904 4.2717824593011
142 2002 0.714545454545455 0.219643769399467 3.62595251460512
143 1994 0.635 0.375834887934611 4.25507219837513
143 1995 0.680454545454545 0.239659276851838 3.70531812790529
143 1996 0.725909090909091 0.338310180944142 4.08824734568365
143 1997 0.771363636363636 0.288008161281825 3.86363499257932
143 1998 0.816818181818182 0.450211177386108 4.48633189399236
143 1999 0.862272727272727 0.28202818984698 3.81947386478452
143 2000 0.907727272727273 0.219201899136381 3.56907379853327
143 2001 0.953181818181818 0.328966274367724 3.96365041262556
143 2002 0.998636363636364 0.388233120601096 4.18689767038326
144 1994 0.0895454545454545 0.229317639669324 3.86156424504371
144 1995 0.135 0.346007591662552 4.29489550448145
144 1996 0.180454545454545 0.242021685187422 3.87331094197289
144 1997 0.225909090909091 0.536961127205531 4.98926187775462
144 1998 0.271363636363636 0.321475426895551 4.13993999036944
144 1999 0.316818181818182 0.315198648438236 4.1230289195661
144 2000 0.362272727272727 0.242040473354558 3.82685657895904
144 2001 0.407727272727273 0.395034283327124 4.39507975011778
144 2002 0.453181818181818 0.270190017629862 3.90121723566616
147 1994 0.157727272727273 0.270445389930257 4.00168559402272
147 1995 0.203181818181818 0.304590992303595 4.10234604635746
147 1996 0.248636363636364 0.273854866862159 3.97168794870064
147 1997 0.294090909090909 0.356144963809582 4.28645135819431
147 1998 0.339545454545455 0.218837263078648 3.7387733201721
147 1999 0.385 0.414079590535811 4.48039904595227
147 2000 0.430454545454545 0.376325508402844 4.31058407293225
147 2001 0.475909090909091 0.546907527940036 4.96970730212631
147 2002 0.521363636363636 0.581357126817615 5.09220391297881
148 1994 0.180454545454545 0.111882855351808 3.37574924247235
148 1995 0.225909090909091 0.179779791872536 3.6393293739448
148 1996 0.271363636363636 0.0997349408041417 3.29041574099312
148 1997 0.316818181818182 0.224137308418755 3.75676088196749
148 1998 0.362272727272727 0.56003842136086 5.05365215160527
148 1999 0.407727272727273 0.508858199350724 4.83834575668207
148 2000 0.453181818181818 0.237193084405358 3.76702406660726
148 2001 0.498636363636364 0.396808134061866 4.3890349340283
148 2002 0.544090909090909 0.468666287964844 4.63872719807317
151 1994 0.51 0.276110419635158 3.91379834550685
151 1995 0.555454545454545 0.221024620654441 3.68580293382913
151 1996 0.600909090909091 0.362962608838203 4.19492500026962
151 1997 0.646363636363636 0.288354538014503 3.92300641325665
151 1998 0.691818181818182 0.573369035959253 4.99453843308953
151 1999 0.737272727272727 0.25398813679405 3.75102242028986
151 2000 0.782727272727273 0.297255685088426 3.91846990718311
151 2001 0.828181818181818 0.348317865982644 4.08971991900326
151 2002 0.873636363636364 0.331245290170967 4.01748450272508
152 1994 0.0213636363636364 0.272190863534551 4.03875273203112
152 1995 0.0668181818181818 0.332582056702659 4.27326416017225
152 1996 0.112272727272727 0.182245823564659 3.66119470526042
152 1997 0.157727272727273 0.321531572954543 4.18693302050884
152 1998 0.203181818181818 0.493813090835308 4.84025590468001
152 1999 0.248636363636364 0.226629252964834 3.80197358545741
152 2000 0.294090909090909 0.237545020117104 3.82722805724452
152 2001 0.339545454545455 0.334351627024097 4.1883921039242
152 2002 0.385 0.442217004973465 4.570526328253
153 1994 0.635 0.224282413753157 3.65616555749324
153 1995 0.680454545454545 0.286985799853764 3.9049354226794
153 1996 0.725909090909091 0.227678540954193 3.67442703233396
153 1997 0.771363636363636 0.491386805181258 4.65974127839315
153 1998 0.816818181818182 0.514858197639044 4.74528580034096
153 1999 0.862272727272727 0.255876860627457 3.71274780432799
153 2000 0.907727272727273 0.427476731537371 4.34054958565586
153 2001 0.953181818181818 0.496439762214808 4.61392457312879
153 2002 0.998636363636364 0.423841877094087 4.33439949157865
155 1994 0.600909090909091 0.360927575823915 4.19843640342887
155 1995 0.646363636363636 0.375582581812791 4.26344991311334
155 1996 0.691818181818182 0.328222950285145 4.06064873798283
155 1997 0.737272727272727 0.343371101931749 4.07734528364295
155 1998 0.782727272727273 0.0396472291030366 2.90237684302636
155 1999 0.828181818181818 0.241114832735374 3.67693287634337
155 2000 0.873636363636364 0.218989542893339 3.57786741875284
155 2001 0.919090909090909 0.21152539118744 3.52880605450838
155 2002 0.964545454545455 0.301101193737373 3.86087362552117
156 1994 0.464545454545455 0.219262893923402 3.69054502656911
156 1995 0.51 0.16035211007368 3.45988335985775
156 1996 0.555454545454545 0.331172309791932 4.11908675842553
156 1997 0.600909090909091 0.344934932944196 4.13236887111304
156 1998 0.646363636363636 0.268176208583777 3.83968707284694
156 1999 0.691818181818182 0.314249549111904 4.00301476240924
156 2000 0.737272727272727 0.349888914490874 4.11167379785241
156 2001 0.782727272727273 0.165619061777056 3.39192672473391
156 2002 0.828181818181818 0.427236397298372 4.39568826619007
157 1994 0.0213636363636364 0.379288120892652 4.46622878898541
157 1995 0.0668181818181818 0.264944553600708 3.99732869882099
157 1996 0.112272727272727 0.416187601019704 4.56459661591383
157 1997 0.157727272727273 0.407470498920863 4.5357132635378
157 1998 0.203181818181818 0.343279836924428 4.24357733570256
157 1999 0.248636363636364 0.295521761898854 4.05303384156564
157 2000 0.294090909090909 0.347717974096762 4.26835500593974
157 2001 0.339545454545455 0.421482144275727 4.51855541626246
157 2002 0.385 0.280077069343484 3.95995148490018
158 1994 0.532727272727273 0.334573157330453 4.11392149567349
158 1995 0.578181818181818 0.235014537227362 3.71802331560197
158 1996 0.623636363636364 0.411867647619446 4.38946856893715
158 1997 0.669090909090909 0.120168553443365 3.25311484596568
158 1998 0.714545454545455 0.188303969895372 3.51016951109225
158 1999 0.76 0.517849698936253 4.77010112661434
158 2000 0.805454545454545 0.29851426233627 3.90853040817288
158 2001 0.850909090909091 0.376200101204549 4.18570925206792
158 2002 0.896363636363636 0.369286215642494 4.13560440695263
163 1994 0.203181818181818 0.191757909707371 3.66431453120085
163 1995 0.248636363636364 0.334628684898659 4.22004916626245
163 1996 0.294090909090909 0.365123829090037 4.31414202148577
163 1997 0.339545454545455 0.552748328064053 5.03115926384527
163 1998 0.385 0.38832987658182 4.37926900723456
163 1999 0.430454545454545 0.233753984188381 3.76885656102713
163 2000 0.475909090909091 0.226034006572313 3.71865919141683
163 2001 0.521363636363636 0.280445629192168 3.9257279342802
163 2002 0.566818181818182 0.372221102799418 4.2571225779803
164 1994 0.0213636363636364 0.537795680122554 5.06401096853707
164 1995 0.0668181818181818 0.293358689417702 4.10307947076159
164 1996 0.112272727272727 0.208722150596016 3.77110604955239
164 1997 0.157727272727273 0.378547513374243 4.41970414886897
164 1998 0.203181818181818 0.264826696588618 3.95630053365855
164 1999 0.248636363636364 0.408202757128549 4.50128366581596
164 2000 0.294090909090909 0.220002436600765 3.76772698803097
164 2001 0.339545454545455 0.413286752598026 4.48449830461848
164 2002 0.385 0.396541087896799 4.41349619583045
165 1994 0.373636363636364 0.302380586709802 4.04936040824615
165 1995 0.419090909090909 0.0897351284280024 3.22955956738747
165 1996 0.464545454545455 0.443860761417711 4.5775454454441
165 1997 0.51 0.495090706415676 4.75480326148713
165 1998 0.555454545454545 0.42515582375346 4.46189864717435
165 1999 0.600909090909091 0.351686745153227 4.17372364668149
165 2000 0.646363636363636 0.375614366399385 4.23294914174189
165 2001 0.691818181818182 0.229595987822094 3.66625447475804
165 2002 0.737272727272727 0.331133815779534 4.03923748042183
169 1994 0.135 0.246743253311371 3.90491124235042
169 1995 0.180454545454545 0.273882443733493 3.98477420027723
169 1996 0.225909090909091 0.207621261233106 3.73406512280182
169 1997 0.271363636363636 0.228131726914635 3.80066927160309
169 1998 0.316818181818182 0.391440027557586 4.42086311614112
169 1999 0.362272727272727 0.337159618025143 4.19611187292723
169 2000 0.407727272727273 0.612395406996456 5.24160244544863
169 2001 0.453181818181818 0.323859095209394 4.10694226002027
169 2002 0.498636363636364 0.225749672372272 3.71669510546765
170 1994 0.123636363636364 0.297031853263194 4.08312420910915
170 1995 0.169090909090909 0.29271164460252 4.07364073548689
170 1996 0.214545454545455 0.255110261112865 3.92095553989425
170 1997 0.26 0.508554279181578 4.88243434916585
170 1998 0.305454545454545 0.0669579393280042 3.17675641894402
170 1999 0.350909090909091 0.142486963881949 3.4400754098674
170 2000 0.396363636363636 0.401736297958593 4.44301579748092
170 2001 0.441818181818182 0.387231097106086 4.37367664870126
170 2002 0.487272727272727 0.507621689708128 4.79461344246096
171 1994 0.544090909090909 0.514800704941344 4.81784775564849
171 1995 0.589545454545455 0.351837782014659 4.18267234678414
171 1996 0.635 0.427197528809297 4.45276940487774
171 1997 0.680454545454545 0.273376075273491 3.85780638425269
171 1998 0.725909090909091 0.201321857439465 3.55902029508974
171 1999 0.771363636363636 0.232223542243713 3.66604644922471
171 2000 0.816818181818182 0.227188410382074 3.61746983282066
171 2001 0.862272727272727 0.209921419243954 3.53602811590932
171 2002 0.907727272727273 0.261380835745018 3.72614502757283
172 1994 0.180454545454545 0.425410094400644 4.58153414170528
172 1995 0.225909090909091 0.207122914841488 3.71201426292477
172 1996 0.271363636363636 0.368613379542115 4.33761956241614
172 1997 0.316818181818182 0.542604601372645 4.98737341052126
172 1998 0.362272727272727 0.232545707092833 3.78350663735591
172 1999 0.407727272727273 0.374185466028112 4.31752950463531
172 2000 0.453181818181818 0.454579077417516 4.62951118009365
172 2001 0.498636363636364 0.209520163032357 3.65828875922938
172 2002 0.544090909090909 0.44542744503454 4.53641956577228
174 1994 0.112272727272727 0.276113828062578 4.0254171745704
174 1995 0.157727272727273 0.186314600184507 3.67903119164366
174 1996 0.203181818181818 0.216580762113299 3.78903268996885
174 1997 0.248636363636364 0.406187950452575 4.49105150573664
174 1998 0.294090909090909 0.441591140150423 4.62702100950378
174 1999 0.339545454545455 0.198208223327262 3.65472093655334
174 2000 0.385 0.360125582305589 4.26298435734241
174 2001 0.430454545454545 0.53614216852443 4.93966603659394
174 2002 0.475909090909091 0.293840066523826 3.98598069166383
175 1994 0.203181818181818 0.343240395409929 4.25785978930729
175 1995 0.248636363636364 0.17335375068852 3.59422406756604
175 1996 0.294090909090909 0.276890163094593 3.9776116892618
175 1997 0.339545454545455 0.149512946975325 3.4658828816528
175 1998 0.385 0.349888359199795 4.23680652955151
175 1999 0.430454545454545 0.351239364397514 4.2162196258129
175 2000 0.475909090909091 0.268175985710833 3.86515635550544
175 2001 0.521363636363636 0.593600898924689 5.11988562731614
175 2002 0.566818181818182 0.30627032379391 4.00417306274906
178 1994 0.169090909090909 0.18792807250399 3.6743987714104
178 1995 0.214545454545455 0.266751734031181 3.9745059134956
178 1996 0.26 0.271682009957075 3.96821554412038
178 1997 0.305454545454545 0.311801576064398 4.11724125341523
178 1998 0.350909090909091 0.273185803660473 3.94715000250076
178 1999 0.396363636363636 0.424093001782974 4.50629939901036
178 2000 0.441818181818182 0.209835882869362 3.68077572376338
178 2001 0.487272727272727 0.69775710182107 5.54672120901062
178 2002 0.532727272727273 0.374607467580864 4.28015772080171
179 1994 0.191818181818182 0.357171260488736 4.31814395216716
179 1995 0.237272727272727 0.335813787517624 4.23520961492923
179 1996 0.282727272727273 0.254321184530333 3.87856790342842
179 1997 0.328181818181818 0.312120256883858 4.09981940709966
179 1998 0.373636363636364 0.674002857065287 5.48483364917613
179 1999 0.419090909090909 0.418055619973478 4.5014789306159
179 2000 0.464545454545455 0.580707442689029 5.08651818851431
179 2001 0.51 0.333235287879394 4.11552572243408
179 2002 0.555454545454545 0.431233563365745 4.48213055880888
180 1994 0.339545454545455 0.126156872947237 3.36754483268854
180 1995 0.385 0.247677853438281 3.83413747660855
180 1996 0.430454545454545 0.345584282855129 4.19242905509059
180 1997 0.475909090909091 0.349031464778382 4.19077749898558
180 1998 0.521363636363636 0.146798120825849 3.3961785352524
180 1999 0.566818181818182 0.130087570571187 3.31915913442302
180 2000 0.612272727272727 0.508733316263208 4.77132222600641
180 2001 0.657727272727273 0.113055916896429 3.22970529434067
180 2002 0.703181818181818 0.351415287647157 4.14115631090854
181 1994 0.203181818181818 0.146090334359055 3.4979483514552
181 1995 0.248636363636364 0.402773990202323 4.47542901570753
181 1996 0.294090909090909 0.310522035598842 4.10320493683325
181 1997 0.339545454545455 0.297099968017012 4.04982532814631
181 1998 0.385 0.382460849219306 4.34812262376389
181 1999 0.430454545454545 0.236385020332962 3.78230608749041
181 2000 0.475909090909091 0.192353001888705 3.59591226333315
181 2001 0.521363636363636 0.251026500407989 3.8011538730532
181 2002 0.566818181818182 0.189344998093396 3.55727937481938
182 1994 0.112272727272727 0.170963287000997 3.63257040970314
182 1995 0.157727272727273 0.227077984223011 3.83739218618004
182 1996 0.203181818181818 0.433536123628253 4.59282107699851
182 1997 0.248636363636364 0.454311066557618 4.6534130042898
182 1998 0.294090909090909 0.241310842991965 3.84181868862174
182 1999 0.339545454545455 0.349943546947869 4.22668407026374
182 2000 0.385 0.302776428389745 4.04419842483432
182 2001 0.430454545454545 0.309970575782247 4.07489372233407
182 2002 0.475909090909091 0.103533774933934 3.23374470027295
184 1994 0.498636363636364 0.176878816892765 3.52584570498323
184 1995 0.544090909090909 0.161282328523652 3.45355608528837
184 1996 0.589545454545455 0.362259525605557 4.22106742755907
184 1997 0.635 0.29889153056348 3.95948015814154
184 1998 0.680454545454545 0.143935654545484 3.35434487123795
184 1999 0.725909090909091 0.384150743649225 4.25066474630027
184 2000 0.771363636363636 0.234001094488733 3.66337302383733
184 2001 0.816818181818182 0.509960396485417 4.70226233433631
184 2002 0.862272727272727 0.334696461250665 4.02013028185101
190 1994 0.521363636363636 0.111628246215967 3.25828909787055
190 1995 0.566818181818182 0.187294746865303 3.54968967512485
190 1996 0.612272727272727 0.24077960647524 3.72757261632654
190 1997 0.657727272727273 0.255733719658576 3.77910058133161
190 1998 0.703181818181818 0.387094060865504 4.2726918701292
190 1999 0.748636363636364 0.317184677904171 3.97948704993629
190 2000 0.794090909090909 0.0719929965847764 3.03210087925454
190 2001 0.839545454545455 0.487384194319389 4.62692412229047
190 2002 0.885 0.259791962578429 3.74044415170367
193 1994 0.146363636363636 0.496075493847341 4.85298393258642
193 1995 0.191818181818182 0.268464321261979 3.9924209224903
193 1996 0.237272727272727 0.348286169772945 4.27264663178681
193 1997 0.282727272727273 0.250753139811886 3.86733984276031
193 1998 0.328181818181818 0.169485288038894 3.55379948432306
193 1999 0.373636363636364 0.365376110524669 4.2972791535216
193 2000 0.419090909090909 0.262765872966134 3.8749342082933
193 2001 0.464545454545455 0.238641115637774 3.77499249175067
193 2002 0.51 0.497400988812173 4.76333617126573
195 1994 0.112272727272727 0.495473986655167 4.87526318268878
195 1995 0.157727272727273 0.17200757390992 3.6149565734538
195 1996 0.203181818181818 0.384217916455797 4.41878138780923
195 1997 0.248636363636364 0.339036392378948 4.21987109410992
195 1998 0.294090909090909 0.439717180742286 4.60111700261906
195 1999 0.339545454545455 0.42998132057841 4.56784869666198
195 2000 0.385 0.527515528530731 4.92475577338288
195 2001 0.430454545454545 0.297017653963398 3.9915467863399
195 2002 0.475909090909091 0.10164287462634 3.24795826495703
197 1994 0.225909090909091 0.366273395701432 4.35821404570431
197 1995 0.271363636363636 0.349595746816507 4.27188855192368
197 1996 0.316818181818182 0.261744195487674 3.91596091518922
197 1997 0.362272727272727 0.4354149599894 4.5724587716265
197 1998 0.407727272727273 0.0836781385923471 3.18765108456683
197 1999 0.453181818181818 0.362810806592449 4.27811649690001
197 2000 0.498636363636364 0.132005549382137 3.35963769329353
197 2001 0.544090909090909 0.312780136138967 4.06234086365609
197 2002 0.589545454545455 0.25933134753849 3.82317646403403
198 1994 0.373636363636364 0.353005096621009 4.24173053384668
198 1995 0.419090909090909 0.386594675414706 4.37176554476249
198 1996 0.464545454545455 0.379559708104612 4.3311710466629
198 1997 0.51 0.153245433141682 3.42082299906933
198 1998 0.555454545454545 0.389967465026868 4.33277123572335
198 1999 0.600909090909091 0.257970064358883 3.82095673588261
198 2000 0.646363636363636 0.301288055201409 3.96480346456255
198 2001 0.691818181818182 0.370086593942518 4.20401139867897
198 2002 0.737272727272727 0.334841994425553 4.06159017230754
200 1994 0.146363636363636 0.431779498481395 4.6079583844812
200 1995 0.191818181818182 0.428427197910543 4.58979425812214
200 1996 0.237272727272727 0.361799989413717 4.3423118631081
200 1997 0.282727272727273 0.388602513199767 4.41736410043569
200 1998 0.328181818181818 0.277887870500006 3.96620055530735
200 1999 0.373636363636364 0.256423978923164 3.86713405808238
200 2000 0.419090909090909 0.0605964628078896 3.11285973432923
200 2001 0.464545454545455 0.219751070933383 3.6949155026254
200 2002 0.51 0.561703036393357 5.00797177822436
201 1994 0.271363636363636 0.318182902124793 4.15002396692404
201 1995 0.316818181818182 0.146923029177321 3.47215319313669
201 1996 0.362272727272727 0.426847957956657 4.53218862346674
201 1997 0.407727272727273 0.339908172039585 4.184881342727
201 1998 0.453181818181818 0.187577493670831 3.58430441753343
201 1999 0.498636363636364 0.46648349914555 4.64386938142295
201 2000 0.544090909090909 0.381846573284242 4.29710208873389
201 2001 0.589545454545455 0.297275783569888 3.96009887016554
201 2002 0.635 0.504226937885986 4.75096966894665
202 1994 0.294090909090909 0.140342166738309 3.44252735942611
202 1995 0.339545454545455 0.381814836471622 4.35372203052327
202 1996 0.385 0.354337445129982 4.23637050410593
202 1997 0.430454545454545 0.34368284831179 4.18355362960247
202 1998 0.475909090909091 0.136012071214484 3.3816475452306
202 1999 0.521363636363636 0.211331006655641 3.6517761364415
202 2000 0.566818181818182 0.298822459151656 3.98554737637956
202 2001 0.612272727272727 0.309281135925931 4.0147712632496
202 2002 0.657727272727273 0.324635927884969 4.04959331826454
205 1994 0.0554545454545455 0.321088971799043 4.2334534528462
205 1995 0.100909090909091 0.321818457080141 4.2075713574901
205 1996 0.146363636363636 0.433849303172356 4.62150970133823
205 1997 0.191818181818182 0.289079342131362 4.05601969761737
205 1998 0.237272727272727 0.3004047570842 4.08382191884912
205 1999 0.282727272727273 0.444091306806254 4.626765588142
205 2000 0.328181818181818 0.312847894112733 4.11243466203108
205 2001 0.373636363636364 0.256168703141333 3.88037588132472
205 2002 0.419090909090909 0.516904303220051 4.85779787043035
206 1994 0.0895454545454545 0.364874303223254 4.37849153021734
206 1995 0.135 0.271355659929688 3.99102201197929
206 1996 0.180454545454545 0.180442236919815 3.64611721914737
206 1997 0.225909090909091 0.270997650508246 3.97409160437137
206 1998 0.271363636363636 0.101559762407465 3.29067442072657
206 1999 0.316818181818182 0.13845057477465 3.43223258845101
206 2000 0.362272727272727 0.267443988933605 3.91760504850618
206 2001 0.407727272727273 0.491821755320283 4.78995743619128
206 2002 0.453181818181818 0.252647104038002 3.8337803100593
210 1994 0.430454545454545 0.289298309314918 3.99232974575702
210 1995 0.475909090909091 0.272288041363436 3.92056778557764
210 1996 0.521363636363636 0.344617521695116 4.17067297773411
210 1997 0.566818181818182 0.130831163480721 3.33145239229661
210 1998 0.612272727272727 0.138254891834192 3.35906224316006
210 1999 0.657727272727273 0.53671032331321 4.87023083014729
210 2000 0.703181818181818 0.264414154945715 3.80129646611814
210 2001 0.748636363636364 0.379024313076102 4.22699246555918
210 2002 0.794090909090909 0.275472563670801 3.8357667328464
211 1994 0.635 0.282912179125439 3.90490250730965
211 1995 0.680454545454545 0.239096305895792 3.71678941535357
211 1996 0.725909090909091 0.258504524218351 3.76690210394619
211 1997 0.771363636363636 0.102656760415474 3.15650793150185
211 1998 0.816818181818182 0.267373072242068 3.78190563686994
211 1999 0.862272727272727 0.239216641316647 3.6582606932566
211 2000 0.907727272727273 0.17846202386699 3.40680869089538
211 2001 0.953181818181818 0.486384663588533 4.56119854729574
211 2002 0.998636363636364 0.268220217629079 3.72039675863866
214 1994 0.464545454545455 0.474906626306076 4.67235114424743
214 1995 0.51 0.342646109450568 4.16599373885365
214 1996 0.555454545454545 0.288805027986648 3.95028399372993
214 1997 0.600909090909091 0.273910534015304 3.86318862875423
214 1998 0.646363636363636 0.272822772679034 3.84775405818714
214 1999 0.691818181818182 0.294178974423292 3.91518515991962
214 2000 0.737272727272727 0.0825999036530007 3.09786387940465
214 2001 0.782727272727273 0.346085845019385 4.10059484691327
214 2002 0.828181818181818 0.258714684302897 3.76225642239711
215 1994 0.237272727272727 0.39679550866123 4.46373088212338
215 1995 0.282727272727273 0.265212107594116 3.94095914919578
215 1996 0.328181818181818 0.443492212347786 4.61944583098994
215 1997 0.373636363636364 0.302358155424453 4.03590611824906
215 1998 0.419090909090909 0.050401978290972 3.06660999338642
215 1999 0.464545454545455 0.142187750835489 3.40723209092422
215 2000 0.51 0.218952659574625 3.68043057895556
215 2001 0.555454545454545 0.239350327577893 3.75180185200578
215 2002 0.600909090909091 0.292935991466556 3.92898398800864
220 1994 0.339545454545455 0.369924011832915 4.32059412134002
220 1995 0.385 0.1423743884118 3.4262818619703
220 1996 0.430454545454545 0.489112283088611 4.75045759460901
220 1997 0.475909090909091 0.296250031498733 3.99068665668549
220 1998 0.521363636363636 0.259702165745011 3.82853132398061
220 1999 0.566818181818182 0.388305506288933 4.30673911845364
220 2000 0.612272727272727 0.220847112924456 3.65072881459145
220 2001 0.657727272727273 0.374235713717546 4.24332022546045
220 2002 0.703181818181818 0.614604881687737 5.13383078646212
221 1994 0.362272727272727 0.319692773301314 4.11104320978068
221 1995 0.407727272727273 0.359633945200443 4.23800551455398
221 1996 0.453181818181818 0.321456625901487 4.09938027327595
221 1997 0.498636363636364 0.153901433352404 3.4235159844307
221 1998 0.544090909090909 0.384450620032718 4.31080430610891
221 1999 0.589545454545455 0.398125446736272 4.35844093529589
221 2000 0.635 0.29044417574694 3.94225829320078
221 2001 0.680454545454545 0.36292060893225 4.18939480861601
221 2002 0.725909090909091 0.44035799299432 4.46415685077315
222 1994 0.0213636363636364 0.123839790681854 3.47785420853167
222 1995 0.0668181818181818 0.433447443807751 4.65736993046767
222 1996 0.112272727272727 0.296750261538812 4.09741054907061
222 1997 0.157727272727273 0.185733859723496 3.67054298155642
222 1998 0.203181818181818 0.260270177265956 3.95030182957176
222 1999 0.248636363636364 0.288855286459846 4.05670989992949
222 2000 0.294090909090909 0.243383923646535 3.85138956423188
222 2001 0.339545454545455 0.262427237600315 3.88976646609178
222 2002 0.385 0.231257435534342 3.77062660171971
226 1994 0.112272727272727 0.222907409473284 3.80800663174549
226 1995 0.157727272727273 0.406816882410857 4.52260073660489
226 1996 0.203181818181818 0.33423987104569 4.23177311767398
226 1997 0.248636363636364 0.327999590799008 4.19037037030107
226 1998 0.294090909090909 0.458922248013249 4.6836158909018
226 1999 0.339545454545455 0.288907437033255 4.02345408267135
226 2000 0.385 0.318902308850414 4.10488141244253
226 2001 0.430454545454545 0.404536929361688 4.4247113269683
226 2002 0.475909090909091 0.224869897402615 3.71487313269429
227 1994 0.282727272727273 0.30499847244089 4.09452847116587
227 1995 0.328181818181818 0.13789287770116 3.42208669104282
227 1996 0.373636363636364 0.217173705162828 3.71789303647068
227 1997 0.419090909090909 0.226258837899912 3.73793584106222
227 1998 0.464545454545455 0.215558293503805 3.69975351356609
227 1999 0.51 0.345421885136817 4.18003422756428
227 2000 0.555454545454545 0.459773556590252 4.60206944715903
227 2001 0.600909090909091 0.254951188164986 3.79755861499453
227 2002 0.646363636363636 0.311664565992049 3.99504225854687
228 1994 0.0781818181818182 0.456050009070427 4.74985019406012
228 1995 0.123636363636364 0.605451670327531 5.29947978593389
228 1996 0.169090909090909 0.366568163246863 4.34947986241719
228 1997 0.214545454545455 0.207106817253757 3.73886878325216
228 1998 0.26 0.200494508649819 3.70691713880237
228 1999 0.305454545454545 0.351514593847883 4.25195755124661
228 2000 0.350909090909091 0.422478990215887 4.54155691504502
228 2001 0.396363636363636 0.375835837260553 4.31463857491667
228 2002 0.441818181818182 0.291167108882668 3.98153292116789
229 1994 0.237272727272727 0.412004811196361 4.51494362054674
229 1995 0.282727272727273 0.234976449596562 3.82025254824518
229 1996 0.328181818181818 0.458894955423549 4.67765173739133
229 1997 0.373636363636364 0.36580625080422 4.28663067655561
229 1998 0.419090909090909 0.0878473930958472 3.21561507777114
229 1999 0.464545454545455 0.183470344325195 3.56573163937027
229 2000 0.51 0.310716453176928 4.04386671297618
229 2001 0.555454545454545 0.438478190468708 4.52373940198638
229 2002 0.600909090909091 0.33795688230397 4.12564474924696
232 1994 0.01 0.479313510414718 4.85275005042353
232 1995 0.0554545454545455 0.137644719700042 3.52612976745934
232 1996 0.100909090909091 0.404064859871318 4.52682434487483
232 1997 0.146363636363636 0.418906343898599 4.55567478042205
232 1998 0.191818181818182 0.240080765645108 3.87156518860711
232 1999 0.237272727272727 0.233702274190738 3.82430246163197
232 2000 0.282727272727273 0.346058725496464 4.24270441766985
232 2001 0.328181818181818 0.36745093439687 4.3281511270551
232 2002 0.373636363636364 0.182496416516849 3.58187722461956
234 1994 0.555454545454545 0.401313435459781 4.36413653996674
234 1995 0.600909090909091 0.241294654305031 3.73505444310282
234 1996 0.646363636363636 0.0694477741782105 3.04949724110069
234 1997 0.691818181818182 0.240500619274718 3.70956255494033
234 1998 0.737272727272727 0.357944166790459 4.14705212904027
234 1999 0.782727272727273 0.258686231836325 3.74847441545831
234 2000 0.828181818181818 0.314813460855689 3.96251101436619
234 2001 0.873636363636364 0.226676396915215 3.6129072586126
234 2002 0.919090909090909 0.243358853471504 3.66140299798957
235 1994 0.305454545454545 0.275157875942997 3.98610701306768
235 1995 0.350909090909091 0.347179181105491 4.21991795292899
235 1996 0.396363636363636 0.283178686236999 3.96389950040555
235 1997 0.441818181818182 0.160265085199805 3.49000669545599
235 1998 0.487272727272727 0.327577626287967 4.12250658010783
235 1999 0.532727272727273 0.560277062710993 5.00634622067128
235 2000 0.578181818181818 0.252728377592655 3.77769784153205
235 2001 0.623636363636364 0.132746062067851 3.30145989369143
235 2002 0.669090909090909 0.203285020579284 3.58876278313838
236 1994 0.180454545454545 0.188814097290762 3.6785869542093
236 1995 0.225909090909091 0.300974669153013 4.10234004360685
236 1996 0.271363636363636 0.472400869033293 4.74645999793918
236 1997 0.316818181818182 0.263241857687823 3.90693776640834
236 1998 0.362272727272727 0.24349341210292 3.85290199133506
236 1999 0.407727272727273 0.294554217996548 3.99893589088505
236 2000 0.453181818181818 0.685977518986899 5.52393791925066
236 2001 0.498636363636364 0.463921471194979 4.63033073437124
236 2002 0.544090909090909 0.218042038923006 3.67635971584108
238 1994 0.169090909090909 0.1062446697068 3.34813407330163
238 1995 0.214545454545455 0.274011409228282 3.98332500563817
238 1996 0.26 0.317301200865882 4.15538512769036
238 1997 0.305454545454545 0.529015372997722 4.93231661375677
238 1998 0.350909090909091 0.533120493880575 4.95233125000483
238 1999 0.396363636363636 0.251271139633849 3.87586211890601
238 2000 0.441818181818182 0.394675841969311 4.38966098019925
238 2001 0.487272727272727 0.233348671868153 3.73551976791314
238 2002 0.532727272727273 0.424478852651314 4.48769587415066
240 1994 0.612272727272727 0.26412942941785 3.82865090264557
240 1995 0.657727272727273 0.341732704693155 4.12260864482777
240 1996 0.703181818181818 0.391985843728506 4.2865495337681
240 1997 0.748636363636364 0.19935791718388 3.54648095162104
240 1998 0.794090909090909 0.375647261439695 4.20174573317842
240 1999 0.839545454545455 0.234375018796236 3.65033385296463
240 2000 0.885 0.408551235775364 4.31171866623589
240 2001 0.930454545454545 0.525217357459527 4.73118026492514
240 2002 0.975909090909091 0.310847308304119 3.89372589552996
241 1994 0.282727272727273 0.216730711342085 3.74606636836928
241 1995 0.328181818181818 0.223774275936129 3.77132773623466
241 1996 0.373636363636364 0.167671675573053 3.53001839742154
241 1997 0.419090909090909 0.262726073380898 3.89351500309149
241 1998 0.464545454545455 0.287694842530908 3.96651306863822
241 1999 0.51 0.240241476920935 3.76275210993093
241 2000 0.555454545454545 0.322362643203252 4.06900952083638
241 2001 0.600909090909091 0.300655388800284 3.97048874013672
241 2002 0.646363636363636 0.322700216857349 4.03900448881406
245 1994 0.487272727272727 0.434588922880007 4.52096801322129
245 1995 0.532727272727273 0.592832454010619 5.11367913365979
245 1996 0.578181818181818 0.307499954988649 4.00977114703791
245 1997 0.623636363636364 0.162958885838849 3.42995570622633
245 1998 0.669090909090909 0.394635703308405 4.3247180141077
245 1999 0.714545454545455 0.32362462577276 4.03236770551313
245 2000 0.76 0.436843112883898 4.44910674655059
245 2001 0.805454545454545 0.446753535469498 4.47598786487714
245 2002 0.850909090909091 0.0908236644014992 3.08790891776734
247 1994 0.532727272727273 0.163893710166002 3.45706465373606
247 1995 0.578181818181818 0.499912746963293 4.75674364009832
247 1996 0.623636363636364 0.581413913220796 5.04693095827226
247 1997 0.669090909090909 0.280022504842316 3.87734921469695
247 1998 0.714545454545455 0.12028728793182 3.24366007749526
247 1999 0.76 0.534498229010022 4.8267218998168
247 2000 0.805454545454545 0.492997553262727 4.64643441416099
247 2001 0.850909090909091 0.169734869807551 3.38318890967849
247 2002 0.896363636363636 0.193647902906671 3.45673762996559
248 1994 0.01 0.457305268945467 4.76414042635796
248 1995 0.0554545454545455 0.378822695036312 4.45054181638902
248 1996 0.100909090909091 0.169757178630612 3.61864018278023
248 1997 0.146363636363636 0.621687248373941 5.37717138694975
248 1998 0.191818181818182 0.321914142179066 4.19700461720952
248 1999 0.237272727272727 0.404408516927619 4.49790071985751
248 2000 0.282727272727273 0.26475460449949 3.94231361607178
248 2001 0.328181818181818 0.275372702411799 3.97279513238045
248 2002 0.373636363636364 0.245030752844 3.82630296206117
250 1994 0.475909090909091 0.517534770623887 4.85865429339859
250 1995 0.521363636363636 0.47069164458711 4.63805558716356
250 1996 0.566818181818182 0.141381838025133 3.37181445169895
250 1997 0.612272727272727 0.246075786177394 3.75365917151976
250 1998 0.657727272727273 0.261984144876619 3.81796587965467
250 1999 0.703181818181818 0.154846469947396 3.3665217718948
250 2000 0.748636363636364 0.407983931903165 4.35560380427155
250 2001 0.794090909090909 0.320754182913637 3.99596194182412
250 2002 0.839545454545455 0.354731504059909 4.08996963761657
251 1994 0.248636363636364 0.183006553530772 3.63400727009891
251 1995 0.294090909090909 0.177603528323605 3.58754500353287
251 1996 0.339545454545455 0.20254275768718 3.67022967164715
251 1997 0.385 0.344757209344923 4.22751127494875
251 1998 0.430454545454545 0.366940935512812 4.28667542124634
251 1999 0.475909090909091 0.24153912571691 3.80298730572616
251 2000 0.521363636363636 0.301104736133368 3.99101276449439
251 2001 0.566818181818182 0.264730446875857 3.85463711583276
251 2002 0.612272727272727 0.342756886449552 4.14534631663225
255 1994 0.430454545454545 0.110000755766415 3.29064806855349
255 1995 0.475909090909091 0.224041778707485 3.71450641271638
255 1996 0.521363636363636 0.0929991006565953 3.19189158444023
255 1997 0.566818181818182 0.141424708453981 3.35578041407496
255 1998 0.612272727272727 0.493119329300906 4.70904337477813
255 1999 0.657727272727273 0.168268030226518 3.43249912030727
255 2000 0.703181818181818 0.488687809818551 4.67040767552643
255 2001 0.748636363636364 0.0901042315821622 3.1053735596452
255 2002 0.794090909090909 0.179774384998496 3.44027805274017
256 1994 0.339545454545455 0.364479212836882 4.2961881470116
256 1995 0.385 0.0798332874678656 3.18325163028666
256 1996 0.430454545454545 0.267140696740994 3.90490657143318
256 1997 0.475909090909091 0.0973600535582243 3.24154015234791
256 1998 0.521363636363636 0.361106609181837 4.22782377443869
256 1999 0.566818181818182 0.0999865366859315 3.21129449016089
256 2000 0.612272727272727 0.378123666237366 4.26503006111673
256 2001 0.657727272727273 0.119339908190067 3.23625076602006
256 2002 0.703181818181818 0.252810175028388 3.75804004229811
261 1994 0.100909090909091 0.391985432731853 4.47759354196023
261 1995 0.146363636363636 0.474149636434568 4.7962110878635
261 1996 0.191818181818182 0.105671785190466 3.35482312326271
261 1997 0.237272727272727 0.429198622545097 4.5768051095903
261 1998 0.282727272727273 0.260779600711082 3.92204381238776
261 1999 0.328181818181818 0.401570677941721 4.44844986554379
261 2000 0.373636363636364 0.264464080036659 3.89436782835394
261 2001 0.419090909090909 0.434383434958644 4.54332186364208
261 2002 0.464545454545455 0.475225088331454 4.68996015360091
262 1994 0.248636363636364 0.384591781088784 4.40510662779647
262 1995 0.294090909090909 0.18135360169727 3.59370858411877
262 1996 0.339545454545455 0.421958443314257 4.5189864316036
262 1997 0.385 0.317386617701217 4.10743928822707
262 1998 0.430454545454545 0.771716108173307 5.84460331664445
262 1999 0.475909090909091 0.484081409636545 4.72212246279827
262 2000 0.521363636363636 0.282996467752377 3.93398866484515
262 2001 0.566818181818182 0.537677589764588 4.89544460374861
262 2002 0.612272727272727 0.465534235558198 4.60641994771817
263 1994 0.0668181818181818 0.293551823982797 4.11464652829272
263 1995 0.112272727272727 0.533711113443975 5.03861248090873
263 1996 0.157727272727273 0.374387762372911 4.37954180659227
263 1997 0.203181818181818 0.437995826195169 4.64030054715479
263 1998 0.248636363636364 0.238200333983137 3.83572589203479
263 1999 0.294090909090909 0.268144052633153 3.95179153525681
263 2000 0.339545454545455 0.307589905616136 4.08226020123615
263 2001 0.385 0.183510331470466 3.5892963131034
263 2002 0.430454545454545 0.374940180714125 4.3056913066948
264 1994 0.555454545454545 0.118764982283827 3.31057795629
264 1995 0.600909090909091 0.263343555902743 3.82470546122634
264 1996 0.646363636363636 0.282794013550288 3.89721898433601
264 1997 0.691818181818182 0.388123064241947 4.2816195580101
264 1998 0.737272727272727 0.151261421612859 3.36445370968826
264 1999 0.782727272727273 0.609283019495019 5.09422083652986
264 2000 0.828181818181818 0.186614633622583 3.45630132853782
264 2001 0.873636363636364 0.353379082740493 4.0925793991509
264 2002 0.919090909090909 0.259131490693046 3.71062579138749
265 1994 0.589545454545455 0.789313938139173 5.85432427503235
265 1995 0.635 0.28606877930544 3.91605954904824
265 1996 0.680454545454545 0.140767260855292 3.33795756981259
265 1997 0.725909090909091 0.232802493438508 3.66963990611598
265 1998 0.771363636363636 0.25212556990304 3.73094749092038
265 1999 0.816818181818182 0.403157938471027 4.3061489853103
265 2000 0.862272727272727 0.23245771165413 3.64966143841917
265 2001 0.907727272727273 0.320691509829492 3.96175182913388
265 2002 0.953181818181818 0.378294181020861 4.15902395786396
