User.Name Last.Name Student.ID Last.Access TASK2.instructions..Total.Pts..1.Complete.Incomplete Q1 R1 S1 G1 Q2 R2 S2 G2 Q3 R3 S3 G3 Q4 R4 S4 G4 TOTAL
c1242115 Vandebroek 31242115 2023-09-29 13:42:36 NA 5 NA 68999.135 0 10 NA 0.03 0 13 NA 1 0 24 NA 0 0 0
c1243957 Maaya 31243957 2023-10-06 11:17:13 NA 5 1.129 77597.049 0 7 146.707 171.835 0 14 1 0.006 0 23 2.468 0.007 0 0
q0036284_previewuser Coenen_PreviewUser NA 2023-10-06 12:23:10 NA 6 NA 45657.146 0 10 NA 0.029 0 13 NA 1 0 24 NA 0 0 0
q0328135_previewuser Vandebroek_PreviewUser NA 2023-10-09 17:02:57 NA 4 NA 82745.764 0 8 NA 28.15 0 13 NA 0 0 23 NA 0.093 0 0
q0946869 Schoofs 957675 2023-10-09 15:21:13 NA 6 NA 47601.476 0 7 NA 0.061 0 16 NA 0.029 0 24 NA 0 0 0
q0993145 Geenen 663746 NA NA 4 NA 81624.414 0 7 NA 2.424 0 15 NA 0.806 0 24 NA 0 0 0
q1126599 Imre 903623 2023-10-09 09:37:19 NA 5 NA 71188.99 0 7 NA 3.478 0 14 NA 0.019 0 23 NA 0.021 0 0
q1130740 Poisquet 715787 2023-09-29 12:20:00 NA 6 NA 42561.76 0 8 NA 14.626 0 16 NA 0.096 0 23 NA 0.002 0 0
q1136736 Martens 722888 2023-09-29 21:14:15 NA 6 NA 54296.218 0 7 NA 0.008 0 14 NA 0.008 0 24 NA 0 0 0
q1142822 Storms 1010291 2023-10-09 16:25:27 NA 6 NA 38650.123 0 7 NA 86.78 0 14 NA 0.049 0 24 NA 0 0 0
q1188381 Guo 746314 2023-10-10 09:14:15 NA 4 NA 88889.363 0 7 NA 0.785 0 14 NA 0.013 0 23 NA 0.009 0 0
q1191119 Buytaert 787170 2023-10-10 09:53:21 NA 6 NA 34862.816 0 7 NA 23.02 0 15 NA 0.584 0 25 NA 0 0 0
q1194458 Badajkov 832472 2023-10-10 10:29:16 NA 4 NA 80641.301 0 7 NA 0.348 0 15 NA 0.745 0 24 NA 0 0 0
q1220257 Vanmalleghem 749901 2023-10-10 09:57:21 NA 5 NA 76197.919 0 7 NA 3.764 0 13 NA 1 0 24 NA 0 0 0
q1223499 Van Kerckhoven 762022 2023-10-09 15:33:16 NA 4 NA 86631.657 0 11 NA 0.028 0 13 NA 1 0 24 NA 0 0 0
q1226687 Van Mol 755029 2023-10-09 19:21:23 NA 6 NA 47213.634 0 10 NA 0.026 0 16 NA 0.536 0 25 NA 0 0 0
q1229869 De Boeck 736821 NA NA 4 NA 83413.398 0 10 NA 0.023 0 16 NA 0.049 0 23 NA 0.002 0 0
q1229911 Van Rompaey 754386 2023-10-09 22:07:23 NA 5 NA 72015.773 0 8 NA 0.001 0 15 NA 0.941 0 24 NA 0 0 0
q1229992 Aerden 763898 2023-10-08 18:03:24 NA 6 NA 42273.714 0 9 NA 0.043 0 15 NA 1 0 24 NA 0 0 0
q1232840 Baart 956707 NA NA 6 NA 45145.489 0 11 NA 0.05 0 16 NA 0.35 0 24 NA 0 0 0
q1235315 Tangieva 952035 2023-10-09 16:51:57 NA 4 NA 82094.579 0 9 NA 0.011 0 13 NA 1 0 25 NA 0 0 0
q1236338 Gerits 736321 2023-10-09 13:56:16 NA 4 NA 71987.82 0 9 NA 0.001 0 16 NA 0.164 0 25 NA 0 0 0
q1236343 Broux 916439 2023-10-09 11:03:04 NA 4 NA 79293.055 0 9 NA 1.886 0 16 NA 0.961 0 23 NA 0.017 0 0
q1239226 Vandenbussche 762778 2023-09-26 14:20:50 NA 5 NA 80625.085 0 11 NA 0.027 0 15 NA 1 0 24 NA 0 0 0
q1241712 D'Hondt 757471 2023-10-09 09:24:13 NA 6 NA 43625.421 0 8 NA 5.906 0 13 NA 1 0 24 NA 0 0 0
q1266287 Depré 736107 NA NA 5 NA 80339.506 0 9 NA 122.927 0 16 NA 0.134 0 23 NA 0.005 0 0
q1266592 Ovelacq 733738 2023-09-25 10:42:14 NA 4 NA 81834.949 0 8 NA 8.272 0 14 NA 0.012 0 25 NA 0 0 0
q1267761 Quintens 748818 2023-10-10 10:07:21 NA 4 NA 89946.289 0 8 NA 5.694 0 16 NA 0.226 0 24 NA 0 0 0
q1270832 Ibrahim 761782 2023-10-09 17:27:14 NA 4 NA 86046.053 0 7 NA 51.373 0 13 NA 0 0 23 NA 0.042 0 0
q1277736 Lipperts 808300 2023-10-08 17:49:12 NA 4 NA 84640.564 0 11 NA 0.025 0 13 NA 1 0 25 NA 0 0 0
q1283721 Bral 785172 2023-10-10 10:26:16 NA 5 NA 76800.77 0 10 NA 0.022 0 15 NA 0.674 0 25 NA 0 0 0
q1284553 De Smedt 810477 2023-10-09 17:55:19 NA 6 NA 43749.104 0 11 NA 0.03 0 13 NA 0 0 24 NA 0 0 0
q1286217 Smets 846037 2023-10-04 12:48:02 NA 4 NA 79607.464 0 8 NA 24.056 0 14 NA 0.018 0 24 NA 0 0 0
q1291452 Basheer 740660 2023-10-08 23:38:15 NA 6 NA 44933.791 0 10 NA 0.04 0 16 NA 0.313 0 24 NA 0 0 0
q1303371 De decker 838347 2023-10-09 12:08:57 NA 6 NA 46343.146 0 8 NA 0.165 0 13 NA 3 0 23 NA 0 0 0
q1304461 Geerts 953939 2023-10-06 12:21:16 NA 4 NA 78676.316 0 9 NA 61.765 0 14 NA 0.076 0 23 NA 0.015 0 0
q1310242 Wuyts 801127 2023-10-09 10:13:18 NA 5 NA 81683.417 0 9 NA 101.787 0 16 NA 0.641 0 24 NA 0 0 0
q1310669 Verstappen 801448 2023-10-09 10:42:26 NA 6 NA 39906.936 0 12 NA 0.025 0 16 NA 0.227 0 24 NA 0 0 0
q1313472 De Bondt 1001832 2023-10-09 12:15:17 NA 6 NA 41968.726 0 10 NA 0.026 0 16 NA 0.781 0 24 NA 0 0 0
q1313595 Vyncke 808996 2023-10-07 15:28:17 NA 4 NA 89458.942 0 7 NA 0.302 0 15 NA 0.965 0 24 NA 0 0 0
q1314986 Vangeneugden 801816 2023-10-08 22:27:15 NA 5 NA 77787.337 0 10 NA 0.022 0 14 NA 0.085 0 24 NA 0 0 0
q1317061 Kabbani 978108 2023-10-09 13:55:19 NA 6 NA 47489.495 0 9 NA 8.448 0 13 NA 1 0 25 NA 0 0 0
q1318019 Werckx 952005 2023-10-03 15:12:03 NA 6 NA 49023.296 0 7 NA 0.427 0 13 NA 1 0 24 NA 0 0 0
q1318538 Meers 839327 2023-10-08 10:57:24 NA 6 NA 36304.144 0 12 NA 0.022 0 14 NA 0.019 0 23 NA 0.009 0 0
q1321207 Mortelmans 811948 2023-10-09 15:46:22 NA 6 NA 36644.023 0 12 NA 0.039 0 15 NA 0.52 0 24 NA 0 0 0
q1321248 Deknopper 852932 2023-10-10 10:26:22 NA 4 NA 80943.669 0 9 NA 0.462 0 15 NA 0.726 0 24 NA 0 0 0
q1321269 Bocklandt 811635 2023-10-09 18:50:19 NA 4 NA 74765.212 0 8 NA 12.884 0 15 NA 0.462 0 23 NA 0.007 0 0
q1324563 Van Baekel 808015 2023-10-09 09:19:21 NA 5 NA 79568.765 0 11 NA 0.044 0 16 NA 0.099 0 24 NA 0 0 0
q1324661 Voorbij 845858 2023-10-10 10:15:21 NA 4 NA 98372.008 0 11 NA 0.021 0 13 NA 1 0 24 NA 0 0 0
q1324821 Dierick 852912 2023-10-08 19:04:24 NA 6 NA 49415.624 0 9 NA 0.001 0 16 NA 0.07 0 23 NA 0.006 0 0
q1324858 De Vlieger 837754 2023-10-09 15:18:20 NA 4 NA 86335.371 0 10 NA 0.027 0 15 NA 1 0 24 NA 0 0 0
q1325443 Coomans 808516 2023-10-07 12:49:11 NA 4 NA 80349.325 0 11 NA 0.02 0 14 NA 0.006 0 24 NA 0 0 0
q1325781 De Witte 836902 2023-10-09 10:05:12 NA 5 NA 76776.222 0 7 NA 3.406 0 15 NA 0.709 0 25 NA 0 0 0
q1326587 De Clercq 786690 2023-10-09 14:44:18 NA 5 NA 81730.153 0 10 NA 0.036 0 14 NA 0.004 0 23 NA 0.016 0 0
q1326609 Ngninkeu Ngami 808002 2023-10-09 15:03:05 NA 6 NA 35843.027 0 9 NA 33.43 0 14 NA 0 0 25 NA 0 0 0
q1326679 Denys 799184 2023-10-08 13:54:18 NA 4 NA 87061.195 0 12 NA 0.041 0 14 NA 0.043 0 23 NA 0.046 0 0
q1326708 van der Plancke 806861 2023-10-09 17:39:19 NA 5 NA 69298.422 0 11 NA 0.054 0 14 NA 0.62 0 24 NA 0 0 0
q1326807 Devos 838218 2023-10-10 08:32:17 NA 4 NA 72985.345 0 10 NA 0.042 0 16 NA 0.113 0 23 NA 0.007 0 0
q1326968 De Poorter 810883 2023-10-06 16:16:16 NA 6 NA 54226.183 0 11 NA 0.043 0 15 NA 0.937 0 25 NA 0 0 0
q1333029 Vrebos 808820 2023-10-10 10:16:24 NA 6 NA 42039.24 0 7 NA 14.171 0 14 NA 0.008 0 24 NA 0 0 0
q1333309 de Buck van Overstraeten 796756 2023-10-10 10:06:15 NA 5 NA 80218.756 0 7 NA 1.602 0 13 NA 1 0 23 NA 0.01 0 0
q1333574 El Mohor 767219 2023-10-09 13:01:20 NA 6 NA 45180.93 0 11 NA 0.099 0 13 NA 1 0 24 NA 0 0 0
q1335615 Eeckhout 827366 2023-10-06 18:20:14 NA 4 NA 76520.505 0 11 NA 0.025 0 13 NA 0 0 24 NA 0 0 0
q1338960 Maes 833000 2023-10-02 11:50:37 NA 4 NA 84416.892 0 10 NA 0.058 0 16 NA 0.513 0 25 NA 0 0 0
q1340978 Vanheusden 805447 2023-09-28 15:31:34 NA 6 NA 51765.67 0 12 NA 0.021 0 14 NA 0.021 0 25 NA 0 0 0
q1341116 Xhonneux 792731 2023-10-09 18:45:14 NA 6 NA 49603.168 0 10 NA 0.024 0 15 NA 0.923 0 25 NA 0 0 0
q1341117 Christiaens 847181 2023-10-10 10:16:20 NA 4 NA 85318.361 0 8 NA 19.889 0 13 NA 1 0 24 NA 0 0 0
q1342186 Van den Kerkhof 857778 2023-10-09 09:05:12 NA 5 NA 75050.868 0 7 NA 12.501 0 13 NA 1 0 24 NA 0 0 0
q1342656 Vanistendael 811681 2023-10-05 13:18:42 NA 4 NA 87257.283 0 9 NA 20.31 0 14 NA 0.001 0 24 NA 0 0 0
q1342878 Somers 808088 2023-10-09 15:36:14 NA 4 NA 86440.515 0 9 NA 86.411 0 13 NA 1 0 23 NA 0.002 0 0
q1343348 Dewulf 848542 2023-10-08 00:58:11 NA 4 NA 79849.303 0 7 NA 1.492 0 13 NA 3 0 23 NA 0.008 0 0
q1344050 Marx 852629 2023-10-07 21:36:19 NA 6 NA 31088.023 0 11 NA 0.02 0 16 NA 0.823 0 24 NA 0 0 0
q1344369 Janssens 839531 2023-10-10 09:18:13 NA 6 NA 47349.525 0 12 NA 0.023 0 16 NA 0.573 0 23 NA 0.031 0 0
q1345454 Vrancken 845956 2023-10-07 15:07:02 NA 5 NA 77465.526 0 7 NA 2.796 0 13 NA 1 0 24 NA 0 0 0
q1345891 Van Acker 794262 2023-10-07 14:24:11 NA 6 NA 49126.55 0 8 NA 3.933 0 16 NA 0.398 0 23 NA 0.009 0 0
q1346262 Breyne 852909 2023-10-10 10:27:17 NA 5 NA 82020.567 0 12 NA 0.049 0 16 NA 0.169 0 25 NA 0 0 0
q1346626 Timmermans 832358 2023-10-08 17:54:19 NA 4 NA 84461.089 0 11 NA 0.023 0 16 NA 0.212 0 23 NA 0.018 0 0
q1346923 Vanden Berghe 851008 2023-10-09 17:50:20 NA 5 NA 74878.978 0 11 NA 0.021 0 14 NA 0.001 0 23 NA 0.008 0 0
q1347277 Coopmans 851497 2023-10-08 18:15:19 NA 6 NA 38956.788 0 12 NA 0.087 0 16 NA 0.326 0 24 NA 0 0 0
q1347408 Dupont 852933 2023-10-09 08:58:17 NA 4 NA 82581.784 0 9 NA 9.68 0 16 NA 0.236 0 25 NA 0 0 0
q1347603 Nelissen 806920 2023-10-04 09:58:04 NA 4 NA 102070.992 0 10 NA 0.029 0 16 NA 0.718 0 24 NA 0 0 0
q1349191 Cruyt 846328 2023-10-09 20:04:20 NA 5 NA 80548.028 0 11 NA 0.024 0 15 NA 0.776 0 24 NA 0 0 0
q1350315 Vermeersch 836671 2023-10-09 14:07:57 NA 5 NA 64573.347 0 7 NA 17.595 0 15 NA 0.985 0 25 NA 0 0 0
q1359699 Vrijsen 832514 2023-10-09 22:27:58 NA 6 NA 40964.671 0 10 NA 0.033 0 14 NA 0.231 0 23 NA 0.1 0 0
q1360810 Caustur 787723 2023-10-10 10:23:21 NA 6 NA 30548.747 0 10 NA 0.049 0 16 NA 0.008 0 25 NA 0 0 0
q1360933 Kalinis 852885 2023-10-09 22:29:06 NA 6 NA 46823.268 0 12 NA 0.054 0 14 NA 0.011 0 24 NA 0 0 0
q1361727 Drieskens 794030 2023-10-02 15:39:10 NA 5 NA 77438.19 0 11 NA 0.023 0 16 NA 0.13 0 23 NA 0.001 0 0
q1363092 Denijs 788735 2023-10-10 10:24:14 NA 6 NA 46281.533 0 8 NA 89.85 0 15 NA 0.374 0 24 NA 0 0 0
q1363943 Deckers 798791 2023-10-10 10:10:16 NA 4 NA 80568.4 0 11 NA 0.022 0 13 NA 1 0 25 NA 0.04 0 0
q1364271 De Wolf 842215 2023-10-10 10:30:14 NA 6 NA 33521.482 0 10 NA 0.034 0 13 NA 2 0 24 NA 0 0 0
q1365263 Fache 805157 2023-10-06 12:27:13 NA 5 NA 74735.193 0 7 NA 4.685 0 16 NA 0.585 0 23 NA 0.001 0 0
q1366242 Van Bouwel 808519 2023-10-10 10:09:14 NA 4 NA 83942.533 0 11 NA 0.02 0 15 NA 0.086 0 25 NA 0.003 0 0
q1366735 Tasezer 952669 2023-10-10 10:04:07 NA 6 NA 22059.354 0 7 NA 1.219 0 15 NA 0.638 0 25 NA 0 0 0
q1368348 Hanegraaf 797299 2023-10-09 20:03:21 NA 6 NA 47949.685 0 12 NA 0.039 0 16 NA 0.858 0 23 NA 0.238 0 0
q1369427 Franssens 852918 2023-10-09 21:55:14 NA 6 NA 37354.916 0 10 NA 0.05 0 13 NA 1 0 23 NA 0.042 0 0
q1369771 Verlinde 841888 2023-10-10 09:55:24 NA 6 NA 50056.974 0 8 NA 0.272 0 13 NA 0 0 25 NA 0 0 0
q1371123 Brusselle 836947 2023-10-07 19:18:24 NA 4 NA 89188.044 0 9 NA 0.012 0 16 NA 1 0 23 NA 0.013 0 0
q1371150 Verstraeten 854412 2023-10-09 13:09:15 NA 4 NA 82717.104 0 10 NA 0.046 0 15 NA 0.247 0 25 NA 0.003 0 0
q1371151 De Bock 852927 2023-09-25 13:12:26 NA 6 NA 36869.738 0 9 NA 30.458 0 15 NA 0.945 0 24 NA 0 0 0
q1371464 Vanden Abeele 803376 2023-10-09 22:24:26 NA 4 NA 87498.066 0 7 NA 35.822 0 16 NA 0.76 0 25 NA 0 0 0
q1371821 Fynaerts 833298 2023-10-09 10:35:17 NA 6 NA 49612.659 0 12 NA 0.03 0 14 NA 0 0 23 NA 0 0 0
q1373839 Moris 835108 2023-10-09 15:18:20 NA 4 NA 88645.708 0 11 NA 0.02 0 13 NA 1 0 23 NA 0.003 0 0
q1374110 Kinoo 808832 2023-10-09 14:14:22 NA 5 NA 77046.154 0 8 NA 0 0 14 NA 0.007 0 25 NA 0 0 0
q1374210 Vangheel 848964 2023-10-10 09:47:13 NA 6 NA 52173.692 0 7 NA 3.485 0 15 NA 0.779 0 23 NA 0.016 0 0
q1374746 Valgaeren 834976 2023-10-10 09:04:04 NA 5 NA 78752.467 0 11 NA 0.021 0 14 NA 0.009 0 23 NA 0.003 0 0
q1375124 Van der Meersch 857575 NA NA 4 NA 86984.919 0 9 NA 0.354 0 14 NA 0 0 23 NA 0 0 0
q1375684 Brismoutier 849322 2023-10-10 10:25:54 NA 5 NA 81733.533 0 12 NA 0.057 0 15 NA 0.435 0 25 NA 0 0 0
q1376283 Van Cauwelaert-De Wyels 812450 2023-10-08 15:39:03 NA 5 NA 76032.702 0 10 NA 0.055 0 16 NA 0.979 0 25 NA 0.002 0 0
q1376375 Adriaenssens 848792 2023-10-05 10:32:04 NA 5 NA 73390.162 0 10 NA 0.053 0 16 NA 0.635 0 23 NA 0.002 0 0
q1377671 Van den Houte 852869 2023-10-08 00:43:16 NA 4 NA 82292.128 0 9 NA 3.449 0 14 NA 0.018 0 23 NA 0.029 0 0
q1378116 Van der Velpen 849512 2023-10-09 18:56:21 NA 4 NA 83663.164 0 9 NA 30.882 0 14 NA 0.016 0 24 NA 0 0 0
q1378290 Meerten 1008861 2023-10-06 16:43:13 NA 6 NA 44628.912 0 7 NA 0.769 0 14 NA 0.005 0 23 NA 0 0 0
q1378371 Windey 842059 2023-10-10 10:11:24 NA 6 NA 44361.354 0 11 NA 0.02 0 14 NA 0.129 0 25 NA 0 0 0
q1378375 Coppens 845058 2023-10-09 14:51:16 NA 5 NA 78766.148 0 8 NA 0.09 0 13 NA 1 0 25 NA 0 0 0
q1378677 Peeters 813841 2023-10-09 20:48:21 NA 5 NA 71155.013 0 7 NA 2.523 0 15 NA 0.426 0 24 NA 0 0 0
q1379576 Rasson 859231 2023-10-07 11:47:01 NA 4 NA 84607.327 0 8 NA 20.551 0 14 NA 0.035 0 25 NA 0 0 0
q1379578 Demeestere 848340 2023-10-07 14:03:18 NA 6 NA 30023.544 0 7 NA 10.901 0 14 NA 0.001 0 25 NA 0 0 0
q1379658 Demeyere 847987 2023-10-08 11:01:02 NA 5 NA 83940.961 0 11 NA 0.02 0 13 NA 1 0 23 NA 0.007 0 0
q1379669 Buyse 846826 2023-10-10 10:16:16 NA 6 NA 39838.023 0 9 NA 1.481 0 15 NA 0.574 0 25 NA 0.001 0 0
q1380126 Andries 840023 2023-10-10 10:05:15 NA 5 NA 79986.137 0 12 NA 0.051 0 16 NA 0.203 0 25 NA 0 0 0
q1380135 Marien 845125 2023-10-10 10:20:07 NA 6 NA 50821.256 0 9 NA 0.022 0 16 NA 0.807 0 23 NA 0.166 0 0
q1380277 Jaourat 986893 2023-10-09 12:55:19 NA 6 NA 36844.42 0 12 NA 0.062 0 16 NA 0.132 0 24 NA 0 0 0
q1380520 Herman 858223 2023-10-07 11:18:24 NA 5 NA 82731.633 0 7 NA 2.251 0 15 NA 0.362 0 25 NA 0 0 0
q1381134 Spitters 844603 2023-10-09 16:42:14 NA 4 NA 83080.283 0 8 NA 0.017 0 16 NA 0.143 0 25 NA 0 0 0
q1381200 Reusens 827010 2023-10-10 10:28:24 NA 6 NA 47411.393 0 11 NA 0.028 0 14 NA 0.004 0 24 NA 0 0 0
q1381210 Van Der Schueren 857998 2023-10-09 16:09:06 NA 5 NA 75930.199 0 12 NA 0.023 0 13 NA 0 0 23 NA 0.028 0 0
q1381254 Libbrecht 842091 2023-10-10 00:53:21 NA 6 NA 52464.463 0 9 NA 0.41 0 15 NA 0.998 0 24 NA 0 0 0
q1381260 Wydaeghe 845074 2023-10-09 13:32:21 NA 4 NA 83536.472 0 12 NA 0.021 0 14 NA 0.095 0 23 NA 0.032 0 0
q1381297 'T Kindt 849397 2023-10-10 10:28:24 NA 4 NA 78688.886 0 7 NA 8.923 0 15 NA 0.996 0 24 NA 0 0 0
q1381312 Vanheyst 1006132 2023-10-09 21:30:20 NA 4 NA 74133.163 0 12 NA 0.024 0 14 NA 0.004 0 23 NA 0.001 0 0
q1381362 Engelborghs 849988 2023-10-09 20:22:21 NA 6 NA 48761.484 0 12 NA 0.064 0 14 NA 0.001 0 23 NA 0.002 0 0
q1381374 Carels 829092 2023-10-09 10:45:20 NA 5 NA 74400.357 0 10 NA 0.056 0 16 NA 0.726 0 24 NA 0 0 0
q1381386 Van Oosterwyck 857771 2023-10-09 10:57:26 NA 5 NA 74103.701 0 7 NA 0.445 0 13 NA 3 0 23 NA 0.001 0 0
q1381534 Smolders 841814 2023-10-02 19:49:16 NA 5 NA 83218.766 0 10 NA 0.022 0 16 NA 0.995 0 23 NA 0.002 0 0
q1381535 Van Kerschaver 975233 2023-10-09 11:33:16 NA 6 NA 55730.665 0 12 NA 0.02 0 13 NA 1 0 24 NA 0 0 0
q1381583 Sobry 840705 2023-10-10 10:21:22 NA 6 NA 41714.245 0 12 NA 0.02 0 14 NA 0.001 0 24 NA 0 0 0
q1381691 Lootens 857780 2023-10-03 18:12:03 NA 6 NA 47796.298 0 9 NA 194.055 0 16 NA 0.444 0 23 NA 0.002 0 0
q1381723 Hansen 844272 2023-10-06 16:01:23 NA 4 NA 84545.695 0 9 NA 0.579 0 15 NA 0.707 0 24 NA 0 0 0
q1381735 Dehaemers 854050 2023-10-09 14:57:18 NA 4 NA 82306.494 0 11 NA 0.02 0 13 NA 1 0 24 NA 0 0 0
q1381753 Pillen 843974 2023-10-06 16:08:23 NA 4 NA 90671.572 0 9 NA 1.249 0 13 NA 1 0 23 NA 0.006 0 0
q1381763 Verhaegen 845551 2023-10-08 02:06:14 NA 5 NA 82776.433 0 8 NA 36.54 0 13 NA 0 0 25 NA 0 0 0
q1381823 Merckx 850184 2023-10-09 17:11:20 NA 4 NA 80187.49 0 9 NA 0.161 0 16 NA 0.489 0 25 NA 0 0 0
q1381858 Heuvelmans 835774 2023-10-09 14:36:19 NA 4 NA 83117.079 0 7 NA 0.011 0 14 NA 0.011 0 24 NA 0 0 0
q1381884 Vos 843387 2023-10-10 10:26:16 NA 5 NA 70763.16 0 12 NA 0.023 0 15 NA 0.991 0 25 NA 0 0 0
q1381940 Lambrecht 827365 2023-10-09 14:29:20 NA 4 NA 87089.385 0 12 NA 0.021 0 16 NA 0.896 0 24 NA 0 0 0
q1381960 Exelmans 858219 2023-10-03 14:37:11 NA 4 NA 82242.35 0 7 NA 0.629 0 16 NA 0.979 0 24 NA 0 0 0
q1381987 Vanderbeek 827363 2023-10-08 23:06:12 NA 6 NA 44388.047 0 12 NA 0.022 0 16 NA 0.537 0 24 NA 0 0 0
q1382013 Vandenhoudt 855074 2023-10-09 15:25:06 NA 4 NA 87515.01 0 11 NA 0.02 0 14 NA 0 0 25 NA 0 0 0
q1382014 Jespers 837320 2023-10-09 21:39:23 NA 5 NA 82520.571 0 12 NA 0.075 0 15 NA 0.556 0 23 NA 0.029 0 0
q1382037 Debaveye 855069 2023-10-09 11:35:13 NA 4 NA 84440.544 0 10 NA 0.023 0 14 NA 0.017 0 24 NA 0 0 0
q1382116 Roose 1000760 2023-10-09 13:17:26 NA 5 NA 71640.914 0 12 NA 0.041 0 16 NA 0.48 0 25 NA 0 0 0
q1382279 Mestdagh 842746 2023-10-10 10:29:16 NA 5 NA 74116.623 0 7 NA 0.747 0 15 NA 0.252 0 24 NA 0 0 0
q1382319 Verlinden 847205 2023-10-07 17:44:14 NA 6 NA 45367.619 0 9 NA 38.458 0 15 NA 0.993 0 24 NA 0 0 0
q1382431 Dom 832440 2023-10-08 09:47:18 NA 5 NA 71644.817 0 11 NA 0.045 0 14 NA 0.238 0 25 NA 0.001 0 0
q1382467 Coninx 1009099 NA NA 5 NA 79366.532 0 9 NA 3.885 0 15 NA 1 0 23 NA 0.044 0 0
q1382574 Van den Bruel 847071 2023-10-04 14:47:43 NA 5 NA 84853.614 0 10 NA 0.03 0 15 NA 0.762 0 23 NA 0.235 0 0
q1383115 Schoenaers 857782 2023-10-09 15:41:13 NA 5 NA 81458.018 0 10 NA 0.069 0 15 NA 0.827 0 23 NA 0.005 0 0
q1383445 Beukeleirs 829090 2023-10-10 10:27:20 NA 4 NA 85721.528 0 9 NA 1.056 0 13 NA 3 0 25 NA 0 0 0
q1383665 Demuynck 858855 NA NA 4 NA 86498.641 0 9 NA 0.243 0 16 NA 0.91 0 23 NA 0.002 0 0
q1383704 Vankersschaever 841737 2023-10-08 23:13:25 NA 6 NA 46912.931 0 9 NA 2.721 0 16 NA 0.679 0 23 NA 0.009 0 0
q1383980 Keza 815043 2023-10-09 21:47:20 NA 6 NA 49390.489 0 9 NA 0.323 0 14 NA 0.012 0 23 NA 0.004 0 0
q1384109 Heytens 850193 2023-09-30 20:39:35 NA 5 NA 73386.617 0 10 NA 0.024 0 14 NA 0.019 0 23 NA 0.007 0 0
q1384280 De Bie 844364 2023-10-10 08:22:20 NA 6 NA 43462.229 0 9 NA 86.068 0 13 NA 1 0 23 NA 0.005 0 0
q1384282 Souren 845805 2023-10-09 10:42:26 NA 4 NA 86858.646 0 7 NA 1.617 0 16 NA 0.074 0 25 NA 0 0 0
q1384486 Van Vaerenbergh 852880 2023-10-10 10:09:03 NA 5 NA 63719.575 0 10 NA 0.024 0 16 NA 0.049 0 24 NA 0 0 0
q1384635 van Kuyck 856752 2023-10-09 14:18:16 NA 5 NA 63452.762 0 10 NA 0.033 0 16 NA 0.554 0 25 NA 0 0 0
q1384658 Claes 854890 NA NA 5 NA 73963.911 0 12 NA 0.043 0 13 NA 1 0 23 NA 0.01 0 0
q1384665 Govaert 844375 2023-10-03 14:49:06 NA 4 NA 78120.201 0 11 NA 0.039 0 14 NA 0.439 0 25 NA 0 0 0
q1385565 Beckers 854438 2023-10-01 15:07:39 NA 5 NA 78491.358 0 12 NA 0.023 0 14 NA 0.028 0 24 NA 0 0 0
q1387566 Goossens 854225 2023-10-10 09:48:17 NA 4 NA 81361.921 0 8 NA 107.083 0 14 NA 0.011 0 25 NA 0 0 0
q1388162 Mintjens 844366 2023-10-09 14:52:18 NA 5 NA 77024.748 0 10 NA 0.059 0 15 NA 0.784 0 25 NA 0 0 0
q1388266 Mellaerts 838646 2023-10-05 13:07:43 NA 5 NA 78683.225 0 9 NA 0 0 15 NA 0.211 0 25 NA 0.002 0 0
q1388312 Moons 849503 2023-10-09 16:09:20 NA 6 NA 39323.354 0 12 NA 0.046 0 13 NA 1 0 24 NA 0 0 0
q1388335 Vanderstraeten 849359 2023-10-07 14:24:16 NA 5 NA 88124.883 0 10 NA 0.024 0 13 NA 1 0 24 NA 0 0 0
q1388478 De Bruyckere 844454 2023-10-04 11:08:05 NA 6 NA 39568.589 0 11 NA 0.063 0 13 NA 0 0 25 NA 0 0 0
q1388529 El Metni 857657 2023-10-09 00:20:17 NA 5 NA 79412.331 0 8 NA 15.26 0 15 NA 1 0 24 NA 0 0 0
q1389005 Descamps 852838 NA NA 4 NA 85637.496 0 8 NA 15.95 0 16 NA 0.208 0 24 NA 0 0 0
q1389018 Leenknecht 845512 2023-10-06 16:20:17 NA 5 NA 75593.791 0 11 NA 0.026 0 16 NA 0.237 0 24 NA 0 0 0
q1389032 Van den Broeck 836345 2023-10-07 15:53:24 NA 5 NA 70883.821 0 9 NA 11.461 0 13 NA 0 0 25 NA 0 0 0
q1389926 Vandormael 852876 2023-10-09 18:54:14 NA 4 NA 87114.145 0 9 NA 14.867 0 15 NA 0.999 0 23 NA 0 0 0
q1390148 Vanderhoeven 839112 2023-10-10 00:38:20 NA 4 NA 88950.867 0 10 NA 0.056 0 13 NA 2 0 25 NA 0 0 0
q1391447 Van Lerberghe 842678 2023-10-05 16:15:53 NA 5 NA 77052.399 0 9 NA 5.386 0 14 NA 0.008 0 24 NA 0 0 0
q1391448 Verstraete 843437 2023-10-10 09:53:21 NA 4 NA 85325.946 0 9 NA 0.068 0 15 NA 0.84 0 25 NA 0 0 0
q1391495 Bomberna 857962 2023-10-05 19:51:05 NA 4 NA 81791.598 0 12 NA 0.02 0 16 NA 0.104 0 24 NA 0 0 0
q1391884 Norman 840346 2023-10-10 10:21:24 NA 4 NA 75772.952 0 7 NA 1.499 0 13 NA 0 0 24 NA 0 0 0
q1391901 Vandewalle 845260 2023-10-08 15:47:12 NA 5 NA 85779.405 0 9 NA 2.562 0 14 NA 0.013 0 24 NA 0 0 0
q1391974 Corneillie 854728 2023-10-06 15:41:09 NA 4 NA 88818.678 0 10 NA 0.061 0 15 NA 0.985 0 23 NA 0.002 0 0
q1391986 Despiegelaere 848355 2023-10-07 09:59:16 NA 6 NA 42526.212 0 8 NA 0.411 0 14 NA 0.119 0 25 NA 0 0 0
q1392004 Stove 830359 2023-10-09 14:17:27 NA 6 NA 42172.594 0 9 NA 1.861 0 13 NA 0 0 24 NA 0 0 0
q1392030 Ciers 851753 NA NA 6 NA 43534.341 0 10 NA 0.023 0 13 NA 2 0 24 NA 0 0 0
q1392062 Verhamme 844864 2023-10-06 16:07:15 NA 5 NA 68427.069 0 7 NA 16.178 0 15 NA 0.908 0 24 NA 0.004 0 0
q1392106 Lagae 843448 2023-10-10 08:54:13 NA 5 NA 85794.808 0 11 NA 0.021 0 16 NA 0.606 0 23 NA 0.016 0 0
q1392145 Ouissa 837550 2023-10-10 09:48:04 NA 4 NA 86779.747 0 10 NA 0.02 0 14 NA 0.227 0 25 NA 0 0 0
q1392153 Vandelanotte 841447 2023-10-09 22:19:58 NA 5 NA 78000.283 0 9 NA 11.868 0 13 NA 0 0 23 NA 0.134 0 0
q1392158 Bauwens 844570 2023-10-10 09:26:20 NA 6 NA 45667.706 0 8 NA 37.589 0 13 NA 0 0 25 NA 0 0 0
q1392173 Clarysse 845603 2023-10-09 10:21:15 NA 5 NA 79805.629 0 12 NA 0.022 0 15 NA 1 0 23 NA 0.006 0 0
q1392177 Decramer 844640 2023-10-09 18:44:28 NA 4 NA 91106.714 0 7 NA 20.736 0 16 NA 0.546 0 23 NA 0 0 0
q1392183 Goddeeris 851731 2023-10-09 11:40:21 NA 6 NA 45621.792 0 8 NA 1.663 0 14 NA 0.007 0 24 NA 0 0 0
q1392744 De Maesschalck 829085 2023-10-09 09:21:19 NA 6 NA 48711.864 0 11 NA 0.048 0 14 NA 0.006 0 23 NA 0.011 0 0
q1392796 Maeyaert 830358 2023-10-10 10:02:21 NA 6 NA 46524.453 0 12 NA 0.044 0 14 NA 0.103 0 23 NA 0.012 0 0
q1393084 Mestdag 855039 2023-10-06 18:40:14 NA 4 NA 85006.832 0 12 NA 0.025 0 15 NA 0.663 0 25 NA 0.001 0 0
q1393617 Imschoot 839926 2023-10-05 10:47:45 NA 6 NA 42314.38 0 12 NA 0.022 0 14 NA 0.009 0 23 NA 0.012 0 0
q1393681 Van Hees 857416 2023-10-09 19:18:17 NA 6 NA 50274.155 0 9 NA 0.397 0 14 NA 0.005 0 23 NA 0.009 0 0
q1393905 Uwents 838311 2023-10-07 19:17:19 NA 6 NA 38658.189 0 8 NA 1.701 0 14 NA 0.001 0 25 NA 0 0 0
q1394133 Van Parys 856061 2023-10-07 13:18:16 NA 6 NA 53853.191 0 10 NA 0.025 0 15 NA 0.972 0 25 NA 0 0 0
q1395034 Vanderkerken 854049 2023-10-10 10:11:24 NA 6 NA 42318.255 0 7 NA 8.125 0 16 NA 0.975 0 25 NA 0 0 0
q1395096 Munteanu 852884 2023-10-02 14:47:04 NA 5 NA 72672.882 0 10 NA 0.025 0 14 NA 0.007 0 23 NA 0.002 0 0
q1395814 Clarebout 849541 2023-10-10 10:28:21 NA 5 NA 76938.017 0 10 NA 0.059 0 14 NA 0.02 0 23 NA 0.024 0 0
q1395831 Mertens 846064 2023-10-05 14:32:43 NA 6 NA 44040.062 0 9 NA 0.142 0 15 NA 0.845 0 23 NA 0.103 0 0
q1397068 Nackaerts 852357 2023-10-08 23:01:04 NA 5 NA 80706.577 0 11 NA 0.022 0 14 NA 0.002 0 25 NA 0 0 0
q1399412 Indenhoek 1007331 2023-09-27 12:21:48 NA 5 NA 74019.666 0 8 NA 17.554 0 13 NA 1 0 23 NA 0.003 0 0
q1399439 Tassens 1008832 2023-10-10 09:43:20 NA 4 NA 79958.902 0 8 NA 8.055 0 14 NA 0.049 0 24 NA 0 0 0
q1399441 Van Esser 1007328 2023-10-03 14:01:02 NA 6 NA 49935.598 0 12 NA 0.02 0 16 NA 0.262 0 24 NA 0 0 0
q1399999 Thijs 997072 2023-10-09 14:50:14 NA 5 NA 71375.725 0 12 NA 0.048 0 13 NA 0 0 24 NA 0 0 0
q1400082 Dumon 846426 2023-09-26 12:33:50 NA 5 NA 82599.398 0 12 NA 0.046 0 13 NA 1 0 25 NA 0 0 0
q1400449 Deckx 844360 2023-10-09 12:34:17 NA 6 NA 44835.346 0 9 NA 7.134 0 16 NA 0.647 0 23 NA 0.002 0 0
q1400456 Van Eyck 852882 2023-10-09 16:11:20 NA 6 NA 42559.84 0 8 NA 1.018 0 14 NA 0.073 0 25 NA 0 0 0
q1400472 Van Houte 838348 2023-10-09 21:24:17 NA 4 NA 80218.458 0 9 NA 0.01 0 14 NA 0.002 0 25 NA 0 0 0
q1400475 Ven 849827 2023-10-09 23:33:36 NA 4 NA 83812.321 0 10 NA 0.021 0 15 NA 0.742 0 24 NA 0 0 0
q1401085 Ingels 859230 2023-10-10 10:10:07 NA 6 NA 32000.831 0 7 NA 54.972 0 14 NA 0.033 0 24 NA 0 0 0
q1401343 Van Dorpe 846097 2023-10-03 15:34:06 NA 5 NA 76432.393 0 7 NA 2.641 0 16 NA 0.947 0 23 NA 0.025 0 0
q1401497 Degraeve 857949 2023-09-26 14:43:27 NA 6 NA 47513.796 0 11 NA 0.041 0 13 NA 0 0 24 NA 0 0 0
q1402234 Coussement 858172 2023-10-10 10:12:54 NA 5 NA 76560.242 0 8 NA 0.001 0 14 NA 0.021 0 24 NA 0 0 0
q1402284 Meylemans 848937 2023-10-08 16:23:14 NA 6 NA 43015.949 0 7 NA 182.253 0 16 NA 0.312 0 23 NA 0.003 0 0
q1403069 Boyen 843458 2023-10-10 09:09:58 NA 4 NA 77166.246 0 7 NA 6.647 0 15 NA 0.995 0 23 NA 0.274 0 0
q1403245 Vanackere 841434 2023-10-10 10:13:14 NA 4 NA 77799.644 0 7 NA 97.727 0 13 NA 3 0 25 NA 0 0 0
q1403581 Gheys 836364 2023-10-10 00:05:17 NA 6 NA 50184.929 0 8 NA 3.371 0 13 NA 2 0 25 NA 0 0 0
q1408512 Joachum 852891 2023-10-09 09:01:16 NA 4 NA 87433.739 0 8 NA 1.519 0 13 NA 1 0 24 NA 0 0 0
q1410476 Baert 832510 2023-10-09 15:32:19 NA 5 NA 76459.933 0 8 NA 9.89 0 13 NA 1 0 25 NA 0 0 0
q1412280 Nijs 832327 2023-10-09 17:38:20 NA 6 NA 44922.034 0 8 NA 0.393 0 15 NA 0.997 0 24 NA 0 0 0
q1414404 Robyns de Schneidauer 833807 2023-10-10 10:06:21 NA 5 NA 81693.804 0 12 NA 0.021 0 14 NA 0.023 0 24 NA 0 0 0
q1414845 Dugardin 987317 2023-10-07 12:28:10 NA 6 NA 48946.76 0 9 NA 0.351 0 14 NA 0.008 0 24 NA 0 0 0
q1415243 Bérard 826521 2023-10-10 10:28:03 NA 5 NA 83678.289 0 7 NA 0.745 0 16 NA 0.125 0 23 NA 0.001 0 0
q1416060 Tanghe 843224 2023-10-07 15:01:11 NA 5 NA 75769.173 0 7 NA 0.888 0 16 NA 0.449 0 24 NA 0 0 0
q1417404 Lamaire 840365 2023-10-10 10:06:03 NA 6 NA 42157.397 0 8 NA 1.7 0 14 NA 0.176 0 23 NA 0.004 0 0
q1417470 Notredame 842975 2023-10-10 10:25:04 NA 4 NA 86960.895 0 7 NA 24.551 0 14 NA 0.002 0 23 NA 0.004 0 0
q1417520 Vandenameele-Lepla 849792 2023-10-07 11:45:17 NA 4 NA 88702.678 0 12 NA 0.025 0 16 NA 0.462 0 24 NA 0 0 0
q1417548 Alexander 845860 2023-10-08 22:45:15 NA 4 NA 69690.433 0 9 NA 0.015 0 13 NA 0 0 25 NA 0 0 0
q1417591 Willemen 857790 2023-10-03 14:27:03 NA 4 NA 84666.56 0 7 NA 2.971 0 16 NA 0.118 0 25 NA 0 0 0
q1417726 Vanvuchelen 840373 2023-10-08 21:26:03 NA 6 NA 50815.298 0 12 NA 0.02 0 16 NA 0.084 0 23 NA 0.001 0 0
q1417882 Van Sanden Campos 852852 2023-10-09 19:55:28 NA 5 NA 77388.738 0 11 NA 0.021 0 13 NA 1 0 23 NA 0.003 0 0
q1418628 Langedock 854447 2023-10-08 22:20:17 NA 5 NA 83547.097 0 12 NA 0.021 0 14 NA 0.01 0 23 NA 0.028 0 0
q1420929 Kusters 848702 2023-10-07 13:17:11 NA 6 NA 48475.11 0 8 NA 605.441 0 13 NA 1 0 25 NA 0 0 0
q1421272 Sustronck 840363 2023-10-10 09:38:03 NA 4 NA 83066.453 0 9 NA 0.003 0 15 NA 0.841 0 25 NA 0 0 0
q1421875 Claeys 841437 NA NA 6 NA 47501.756 0 12 NA 0.023 0 13 NA 1 0 24 NA 0 0 0
q1422297 Vermeulen 848699 2023-10-10 10:17:17 NA 6 NA 45644.339 0 11 NA 0.029 0 13 NA 0 0 24 NA 0 0 0
q1422656 Nguyên 822400 2023-10-04 22:52:42 NA 4 NA 75752.043 0 11 NA 0.161 0 15 NA 0.61 0 24 NA 0 0 0
q1422979 Pierlé 845319 2023-10-05 16:08:43 NA 5 NA 70215.581 0 7 NA 19.54 0 13 NA 0 0 24 NA 0 0 0
q1423105 Shaposhnik 829522 2023-10-10 10:29:16 NA 4 NA 84913.381 0 12 NA 0.023 0 13 NA 1 0 25 NA 0 0 0
q1423904 Hufkens 849831 2023-10-05 23:20:17 NA 5 NA 75249.189 0 11 NA 0.021 0 15 NA 0.969 0 25 NA 0 0 0
q1425926 Verhoeven 855910 2023-10-08 11:16:18 NA 5 NA 73559.759 0 10 NA 0.026 0 16 NA 0.559 0 23 NA 0.003 0 0
q1426547 Happaerts 856853 2023-10-06 20:52:15 NA 5 NA 79561.778 0 9 NA 2.188 0 14 NA 0.009 0 23 NA 0.018 0 0
q1426862 Vanbergen 1006876 2023-10-09 13:33:18 NA 6 NA 45352.725 0 8 NA 15.803 0 16 NA 0.903 0 24 NA 0 0 0
q1426875 Bossuyt 848195 2023-10-09 12:41:12 NA 4 NA 76250.94 0 8 NA 0.262 0 15 NA 0.874 0 25 NA 0 0 0
q1427375 Soenen 1007329 2023-10-03 17:08:06 NA 5 NA 81852.087 0 10 NA 0.028 0 14 NA 0.048 0 24 NA 0 0 0
q1429085 Kets 858235 2023-10-09 17:27:21 NA 6 NA 56859.544 0 7 NA 1.837 0 13 NA 2 0 25 NA 0.035 0 0
q1431120 Van de Meersch 836179 2023-10-09 14:48:13 NA 5 NA 80116.076 0 11 NA 0.023 0 13 NA 2 0 24 NA 0 0 0
q1433332 Meukens 838586 2023-10-08 11:26:55 NA 4 NA 85637.125 0 12 NA 0.021 0 15 NA 1 0 25 NA 0 0 0
q1434794 Naeyaert 829111 2023-10-03 13:41:05 NA 6 NA 46716.991 0 12 NA 0.158 0 16 NA 0.971 0 24 NA 0 0 0
q1436788 Hanne 830050 2023-10-10 08:19:07 NA 6 NA 57262.357 0 9 NA 17.373 0 15 NA 0.757 0 24 NA 0 0 0
q1438109 Hertoghe 831191 2023-10-10 10:22:16 NA 5 NA 73293.177 0 12 NA 0.082 0 14 NA 0.002 0 23 NA 0.005 0 0
q1439613 Dobbels 836991 NA NA 5 NA 77900.464 0 8 NA 6.127 0 15 NA 1 0 25 NA 0 0 0
q1441532 Vanuytrecht 839685 2023-10-10 10:26:54 NA 6 NA 40712.501 0 9 NA 1.737 0 13 NA 1 0 23 NA 0.004 0 0
q1442714 Van De Velde 849351 2023-10-09 12:05:17 NA 5 NA 85784.507 0 9 NA 64.605 0 15 NA 0.637 0 24 NA 0 0 0
q1444029 Van Damme 839145 2023-10-09 17:46:14 NA 6 NA 44246.197 0 11 NA 0.02 0 15 NA 1 0 24 NA 0 0 0
q1444310 Oversteyns 845752 2023-10-09 15:32:20 NA 5 NA 80121.701 0 7 NA 144.549 0 13 NA 2 0 23 NA 0.003 0 0
q1444442 Buysschaert 840376 2023-10-05 18:24:54 NA 4 NA 78889.763 0 10 NA 0.028 0 16 NA 0.012 0 23 NA 0.003 0 0
q1445403 Bruggheman 845210 2023-10-09 12:26:18 NA 5 NA 77721.428 0 11 NA 0.023 0 16 NA 0.255 0 23 NA 0.065 0 0
q1446571 Praet 856927 2023-10-05 19:55:54 NA 5 NA 79152.905 0 8 NA 91.828 0 13 NA 1 0 25 NA 0 0 0
q1446659 De Baere 847242 2023-10-09 15:00:14 NA 4 NA 98157.21 0 8 NA 1.553 0 15 NA 0.596 0 25 NA 0 0 0
q1457300 Coussée 856223 2023-10-08 14:21:15 NA 5 NA 78916.914 0 12 NA 0.156 0 16 NA 0.012 0 24 NA 0 0 0
q1458990 Clinck 856230 2023-10-09 14:50:57 NA 6 NA 40973.794 0 8 NA 125.537 0 16 NA 0.472 0 24 NA 0 0 0
q1460275 Van Lishout 853655 2023-10-09 17:13:18 NA 4 NA 61282.372 0 12 NA 0.024 0 14 NA 0.017 0 23 NA 0.292 0 0
q1464010 Moens 860123 2023-10-10 09:18:07 NA 6 NA 45420.357 0 8 NA 12.492 0 16 NA 0.033 0 25 NA 0 0 0
q1465365 Ben Jaballah 861313 2023-10-10 09:49:07 NA 6 NA 50563.879 0 12 NA 0.023 0 15 NA 0.996 0 24 NA 0 0 0
q1466577 Ben Krid 862117 2023-10-10 09:33:17 NA 6 NA 50808.767 0 9 NA 0.34 0 14 NA 0.038 0 24 NA 0 0 0
q1483322 Fong 865521 2023-10-08 23:00:17 NA 4 NA 85330.681 0 9 NA 8.69 0 15 NA 0.923 0 23 NA 0.024 0 0
q1503943 Quan 868854 2023-10-09 21:15:57 NA 5 NA 78099.557 0 11 NA 0.02 0 15 NA 1 0 25 NA 0 0 0
q1510610 Wright 872170 NA NA 5 NA 85197.698 0 12 NA 0.035 0 13 NA 1 0 25 NA 0 0 0
q1516941 Xu 875624 2023-10-10 10:12:16 NA 4 NA 86085.606 0 11 NA 0.022 0 14 NA 0.001 0 23 NA 0.003 0 0
q1521204 Van Der Elst 876875 2023-09-30 23:44:34 NA 6 NA 45865.547 0 7 NA 2.222 0 15 NA 0.966 0 24 NA 0 0 0
q1524479 Lion 879584 2023-10-10 08:58:17 NA 5 NA 74475.566 0 8 NA 5.767 0 13 NA 1 0 23 NA 0.042 0 0
q1546353 Hsu 909221 2023-10-10 08:06:21 NA 6 NA 40092.665 0 7 NA 57.249 0 16 NA 0.032 0 23 NA 0.008 0 0
q1554537 Özdemir 910880 2023-10-10 10:00:03 NA 5 NA 81856.901 0 7 NA 25.608 0 16 NA 0.956 0 25 NA 0 0 0
q1570527 Li 911246 2023-10-08 08:37:18 NA 5 NA 74143.286 0 8 NA 8.986 0 16 NA 0.275 0 24 NA 0 0 0
q1579772 Vernik 912906 2023-10-08 13:02:16 NA 6 NA 45707.43 0 11 NA 0.027 0 13 NA 0 0 25 NA 0 0 0
q1592209 Bayar 919653 2023-10-09 12:50:20 NA 5 NA 72832.42 0 9 NA 88.744 0 13 NA 0 0 23 NA 0.046 0 0
q1594195 Ochoa Ruiz Godoy 920194 2023-09-28 19:46:53 NA 4 NA 85998.626 0 8 NA 1.177 0 15 NA 0.957 0 24 NA 0 0 0
q1594364 Liubomschii 920359 2023-10-02 15:53:10 NA 5 NA 78891.928 0 7 NA 0.855 0 14 NA 0.03 0 23 NA 0.058 0 0
q1595167 Budak 921238 2023-09-25 16:15:03 NA 6 NA 45567.854 0 10 NA 0.051 0 15 NA 0.69 0 23 NA 0.021 0 0
q1595183 Zhang 920695 2023-10-10 09:52:21 NA 5 NA 82164.344 0 12 NA 0.045 0 14 NA 0.034 0 25 NA 0 0 0
q1595756 Russo 959316 2023-10-04 11:13:05 NA 4 NA 87304.64 0 9 NA 0.001 0 16 NA 0.017 0 25 NA 0 0 0
q1596453 Iosifides 921635 2023-10-09 23:44:14 NA 4 NA 89708.918 0 7 NA 1.596 0 13 NA 1 0 25 NA 0.007 0 0
q1601101 Pirlot 924476 2023-10-09 17:04:57 NA 6 NA 38897.018 0 12 NA 0.086 0 13 NA 1 0 23 NA 0.037 0 0
q1603448 Dikranian 926522 NA NA 5 NA 77391.668 0 10 NA 0.038 0 16 NA 0.311 0 23 NA 0.036 0 0
q1604883 Marchal 926905 NA NA 6 NA 46110.239 0 10 NA 0.026 0 13 NA 2 0 24 NA 0 0 0
q1610706 Van Elder 931624 2023-10-09 21:02:57 NA 6 NA 41873.121 0 8 NA 17.912 0 13 NA 1 0 23 NA 0.029 0 0
q1634704 Faina 960866 2023-10-10 10:24:16 NA 6 NA 42638.495 0 7 NA 0.353 0 15 NA 0.999 0 24 NA 0 0 0
q1644875 Chou 960489 2023-10-06 16:18:17 NA 4 NA 90545.742 0 11 NA 0.02 0 13 NA 1 0 23 NA 0.002 0 0
q1648730 Sercan 961607 2023-10-05 20:12:05 NA 5 NA 81437.598 0 11 NA 0.07 0 13 NA 1 0 25 NA 0 0 0
q1651277 Wang 962781 2023-10-10 10:16:54 NA 4 NA 87356.644 0 11 NA 0.023 0 15 NA 0.998 0 23 NA 0.032 0 0
q1664193 Sánchez Henao 964247 2023-10-09 12:58:18 NA 4 NA 77280.204 0 10 NA 0.028 0 16 NA 0.048 0 25 NA 0 0 0
q1666640 Ding 965366 2023-09-28 11:31:35 NA 5 NA 70656.998 0 9 NA 1.337 0 13 NA 0 0 25 NA 0 0 0
q1666820 Elhan 965375 NA NA 6 NA 51225.737 0 8 NA 40.501 0 16 NA 0.027 0 23 NA 0.007 0 0
q1668165 Doğan 965972 2023-10-10 09:21:04 NA 4 NA 83612.659 0 10 NA 0.055 0 16 NA 0.444 0 24 NA 0 0 0
q1671175 Durgun 967847 2023-10-10 09:39:21 NA 5 NA 82795.004 0 7 NA 102.509 0 15 NA 0.986 0 23 NA 0.008 0 0
q1672034 Bossut 968263 2023-10-09 14:59:13 NA 6 NA 48668.176 0 8 NA 15.565 0 15 NA 0.177 0 24 NA 0 0 0
q1686165 Van Lancker 993441 2023-10-09 11:39:17 NA 6 NA 43070.397 0 10 NA 0.042 0 15 NA 0.172 0 23 NA 0.002 0 0
q1688859 Akdağcık 972298 2023-10-01 15:27:00 NA 6 NA 51807.948 0 12 NA 0.06 0 14 NA 0.024 0 23 NA 0.07 0 0
q1689440 Van der Heyden 1007369 2023-10-07 10:46:14 NA 4 NA 77237.377 0 7 NA 9.207 0 14 NA 0 0 24 NA 0 0 0
q1689517 Chung Ya Chi 974859 2023-10-10 10:29:24 NA 5 NA 77272.518 0 7 NA 6.4 0 13 NA 0 0 23 NA 0.28 0 0
q1690546 Abbottoni 972699 2023-09-25 14:09:27 NA 5 NA 71544.128 0 10 NA 0.021 0 16 NA 0.989 0 24 NA 0 0 0
q1691076 Paglia 973915 2023-10-10 10:17:04 NA 4 NA 75723.528 0 8 NA 19.025 0 13 NA 2 0 23 NA 0.012 0 0
q1691101 Akar 973549 NA NA 4 NA 84701.483 0 10 NA 0.026 0 14 NA 0.001 0 24 NA 0 0 0
q1691131 Bilgin 973924 2023-10-09 14:35:19 NA 6 NA 50708.02 0 12 NA 0.023 0 15 NA 0.309 0 23 NA 0 0 0
q1691278 Eraslan 973829 NA NA 5 NA 87383.325 0 10 NA 0.025 0 16 NA 0.264 0 24 NA 0 0 0
q1691758 Hanenberg 973994 2023-10-10 09:19:17 NA 4 NA 81117.038 0 10 NA 0.032 0 16 NA 0.168 0 24 NA 0 0 0
q1691766 Kurt 973997 2023-10-10 10:16:15 NA 6 NA 55066.136 0 10 NA 0.02 0 13 NA 2 0 25 NA 0 0 0
q1692171 Contini 974708 2023-10-09 14:11:57 NA 5 NA 78119.933 0 9 NA 0.239 0 14 NA 0.01 0 25 NA 0 0 0
q1692486 Willimès 977726 2023-10-10 09:48:24 NA 6 NA 52706.607 0 10 NA 0.021 0 15 NA 0.028 0 25 NA 0 0 0
q1693211 Bouzouina 1010724 2023-10-10 09:30:15 NA 6 NA 48216.001 0 7 NA 2.807 0 16 NA 0.147 0 24 NA 0 0 0
q1693795 Gasparro 975215 2023-10-09 17:37:20 NA 5 NA 87271.788 0 10 NA 0.028 0 16 NA 0.043 0 24 NA 0 0 0
q1694896 Liu 975683 2023-10-10 00:00:23 NA 6 NA 58621.641 0 12 NA 0.021 0 16 NA 0.148 0 23 NA 0.001 0 0
q1695246 Paolucci 975995 2023-10-02 21:19:19 NA 5 NA 80983.732 0 9 NA 0.127 0 13 NA 0 0 23 NA 0.026 0 0
q1696366 Sallai 977047 2023-10-10 09:30:17 NA 5 NA 87713.084 0 10 NA 0.066 0 16 NA 0.358 0 23 NA 0.004 0 0
q1697837 Vereecken 977839 2023-10-03 23:24:01 NA 6 NA 53862.418 0 8 NA 102.612 0 13 NA 2 0 25 NA 0.001 0 0
q1698043 Amoros 977687 2023-09-25 17:58:25 NA 4 NA 79929.492 0 7 NA 1.406 0 14 NA 0.085 0 23 NA 0.013 0 0
q1698138 Obermeier 978031 2023-10-06 14:08:09 NA 5 NA 76640.68 0 12 NA 0.022 0 14 NA 0.047 0 23 NA 0.005 0 0
q1698184 Gillieaux 997002 2023-10-04 16:51:44 NA 4 NA 86848.981 0 8 NA 0.175 0 14 NA 0.011 0 23 NA 0.014 0 0
q1698309 Cludts 980042 2023-10-03 13:09:22 NA 4 NA 92279.053 0 9 NA 0.38 0 16 NA 0.471 0 24 NA 0 0 0
q1699405 Blanchez 978493 2023-10-09 08:08:15 NA 5 NA 80913.692 0 8 NA 0.849 0 13 NA 1 0 23 NA 0.016 0 0
q1699451 Carraro 978390 2023-10-10 10:16:04 NA 5 NA 77432.758 0 9 NA 20.962 0 14 NA 0.079 0 23 NA 0.269 0 0
q1699452 Campion 978671 2023-10-10 10:10:59 NA 5 NA 73971.189 0 9 NA 22.346 0 16 NA 0.042 0 24 NA 0 0 0
q1699704 Seck Marcolin 979224 2023-10-09 14:17:13 NA 6 NA 45612.907 0 11 NA 0.02 0 16 NA 0.183 0 24 NA 0 0 0
q1700739 Ferreira Machado 980333 2023-10-09 18:28:19 NA 6 NA 54507.511 0 9 NA 25.526 0 15 NA 0.956 0 23 NA 0.006 0 0
q1702737 David 981596 2023-10-10 09:46:13 NA 6 NA 42984.588 0 7 NA 24.002 0 13 NA 1 0 24 NA 0 0 0
q1702981 Alves Ribeiro Coelho 982163 2023-10-09 19:00:23 NA 6 NA 43965.242 0 12 NA 0.029 0 14 NA 0.012 0 25 NA 0 0 0
q1712528 De Waele 987657 2023-10-09 14:26:20 NA 5 NA 86227.082 0 11 NA 0.068 0 14 NA 0.002 0 23 NA 0.003 0 0
q1722093 De Quinnemar 1007543 2023-10-08 13:27:18 NA 4 NA 81772.859 0 7 NA 0.04 0 15 NA 0.943 0 24 NA 0 0 0
q1723056 Moralis 997227 NA NA 6 NA 46506.972 0 8 NA 28.017 0 13 NA 3 0 24 NA 0 0 0
q1727021 Lombardi 1007401 2023-10-09 20:44:28 NA 6 NA 42404.655 0 10 NA 0.026 0 13 NA 0 0 23 NA 0.043 0 0
q1729368 Cappuyns 1006130 2023-10-09 17:16:13 NA 6 NA 44876.582 0 7 NA 0.544 0 13 NA 0 0 24 NA 0 0 0
q1729905 Caty 1007388 2023-10-10 10:25:54 NA 4 NA 80778.623 0 10 NA 0.024 0 16 NA 0.987 0 23 NA 0.006 0 0
