User.Name Last.Name First.Name Group Code Student.ID Last.Access TASK3.instructions..Total.Pts..1.Complete.Incomplete Q1 R1 S1 G1 Q2 R2 S2 G2 Q3 R3 S3 G3 Q4 R4 S4 G4 TOTAL Participated
c1242115 Vandebroek Martina TSTAT 31242115 2023-09-29 13:42:36 NA 1 NA 20 0 7 NA 5.661 0 12 NA -40.421 0 13 NA 0.617 0 0 No
q0036284_previewuser Coenen_PreviewUser Bert NA NA 2023-11-22 16:48:18 NA NA NA NA 0 NA NA NA NA NA NA NA NA NA NA NA NA 0 No
q0237463_previewuser Mariën_PreviewUser Elia NA NA 2023-10-19 13:18:10 NA NA NA NA 0 NA NA NA NA NA NA NA NA NA NA NA NA 0 No
q0328135_previewuser Vandebroek_PreviewUser Martina TSTAT NA 2023-11-21 09:51:16 NA 2 NA 21 0 8 NA 11.375 0 10 NA 94.15 0 14 NA 0.344 0 0 No
q0946869 Schoofs Lucas TSTAT 957675 2023-11-21 14:22:15 NA 2 21 21 1 6 11.999 11.999 1 10 91.03 91.03 1 15 0.162 0.162 1 4 Yes
q0993145 Geenen Julien TSTAT 663746 2023-10-19 19:56:11 NA 4 NA 14 0 6 NA 11.874 0 11 NA -43.434 0 15 NA 0.179 0 0 No
q1048249 Van de moortel Natan ATSTAT 675750 NA NA 1 NA 18 0 5 NA 6.096 0 11 NA -41.992 0 14 NA 0.44 0 0 No
q1126599 Imre Sebbe TSTAT 903623 2023-11-22 11:09:19 NA 4 14 14 1 8 441.202 10.245 0 9 94.56 91.61 0 14 0.465 0.431 0 1 Yes
q1130740 Poisquet Paulien TSTAT 715787 2023-11-22 10:38:20 NA 4 NA 17 0 5 NA 6.793 0 10 NA 96.93 0 16 NA 0.148 0 0 No
q1136736 Martens Thibaut ATSTAT 722888 2023-09-29 21:14:15 NA 3 NA 12 0 8 NA 10.135 0 9 NA 78.9 0 15 NA 0.585 0 0 No
q1142822 Storms Joni ATSTAT 1010291 2023-11-21 16:14:49 NA 4 9.5 14 0 5 6.506 6.231 0 11 -36.697 -40.095 0 13 0.141 0.084 0 0 Yes, Grade 0
q1188381 Guo Chuheng ATSTAT 746314 2023-11-22 03:38:19 NA 3 13 13 1 6 11.983 11.983 1 12 -36.21 -36.206 1 16 0.438 0.438 1 4 Yes
q1191119 Buytaert Mathias ATSTAT 787170 2023-11-22 15:23:21 NA 3 12 12 1 5 6.302 6.302 1 11 -41.11 -41.11 1 16 0.518 0.518 1 4 Yes
q1194458 Badajkov Diane TSTAT 832472 2023-11-21 15:33:19 NA 2 21 21 1 7 5.845 5.845 1 10 89.02 89.02 1 16 0.39 0.39 1 4 Yes
q1220257 Vanmalleghem Olivia ATSTAT 749901 2023-10-23 09:28:59 NA 4 14 14 1 6 NA 11.493 0 12 -35.722 -39.372 0 15 0.23 0.599 0 1 Yes
q1223499 Van Kerckhoven Jef TSTAT 762022 2023-11-22 18:03:19 NA 1 18.25 20 0 7 5.173 5.173 1 9 92.504 96.13 0 16 0.518 0.399 0 1 Yes
q1226687 Van Mol Alexander TSTAT 755029 2023-11-21 13:06:16 NA 4 14 14 1 8 10.23 10.23 1 12 -36.941 -37.429 0 13 0.771 0.771 1 3 Yes
q1229869 De Boeck Elias TSTAT 736821 2023-11-13 11:16:03 NA 2 21 21 1 8 11.469 11.469 1 10 89.64 89.64 1 16 0.33 0.33 1 4 Yes
q1229911 Van Rompaey Nils MMENG 754386 2023-11-21 19:19:21 NA 2 21 21 1 5 6.954 6.954 1 10 92.671 92.67 1 15 0.485 0.485 1 4 Yes
q1229992 Aerden Seppe ATSTAT 763898 2023-10-28 05:26:20 NA 4 NA 14 0 5 NA 7.277 0 9 NA 89.51 0 16 NA 0.41 0 0 No
q1232840 Baart Tim TSTAT 956707 NA NA 4 NA 14 0 5 NA 6.586 0 9 NA 93.27 0 13 NA 0.236 0 0 No
q1235315 Tangieva Izolda ATSTAT 952035 2023-11-21 17:45:16 NA 2 21 21 1 8 10.231 10.231 1 9 86.45 86.45 1 14 0.204 0.204 1 4 Yes
q1236338 Gerits Kevin TSTAT 736321 2023-11-08 18:18:17 NA 4 NA 14 0 8 NA 9.295 0 12 NA -40.938 0 14 NA 0.477 0 0 No
q1236343 Broux Tom TSTAT 916439 2023-11-21 15:05:17 NA 2 NA 21 0 7 NA 5.931 0 11 NA -42.023 0 15 NA 0.703 0 0 No
q1239226 Vandenbussche Ruben TSTAT 762778 2023-10-18 17:22:09 NA 4 NA 13 0 8 NA 10.137 0 11 NA -39.725 0 14 NA 0.585 0 0 No
q1241712 D'Hondt Nathan TSTAT 757471 2023-11-09 20:22:58 NA 4 17 17 1 5 6.893 6.893 1 10 87.425 87.42 1 13 0.051 0.051 1 4 Yes
q1266287 Depré Sofie TSTAT 736107 NA NA 4 NA 13 0 5 NA 6.698 0 11 NA -40.137 0 14 NA 0.151 0 0 No
q1266592 Ovelacq Lucy ATSTAT 733738 2023-11-09 20:18:23 NA 3 NA 12 0 6 NA 12.954 0 9 NA 95.1 0 13 NA 0.107 0 0 No
q1267761 Quintens Kim ATSTAT 748818 2023-11-22 13:54:18 NA 4 17 17 1 7 7.261 5.279 0 12 -42.694 -42.694 1 15 0.174 0.174 1 3 Yes
q1270832 Ibrahim Fahad ATSTAT 761782 2023-11-23 10:16:20 NA 3 12 12 1 5 6.08 6.08 1 12 -36.171 -37.431 0 13 0.222 0.467 0 2 Yes
q1277736 Lipperts Roeland ATSTAT 808300 2023-11-17 17:54:41 NA 1 20 20 1 7 5.235 5.235 1 12 -39.15 -39.154 1 14 0.456 0.456 1 4 Yes
q1283721 Bral Charlotte TSTAT 785172 2023-11-09 10:11:22 NA 4 NA 14 0 5 NA 6.633 0 12 NA -34.346 0 15 NA 0.084 0 0 No
q1284553 De Smedt Max TSTAT 810477 2023-11-09 23:48:07 NA 1 NA 20 0 8 NA 11.013 0 12 NA -36.051 0 16 NA 0.423 0 0 No
q1286217 Smets Margot TSTAT 846037 2023-11-22 22:18:50 NA 3 14 14 1 5 6.916 6.916 1 11 -42.962 -42.963 1 13 0.394 0.394 1 4 Yes
q1291452 Basheer Muath ATSTAT 740660 2023-11-23 09:51:27 NA 3 12 12 1 8 6.801 10.023 0 11 -38.171 -39.328 0 15 0.61 0.64 0 1 Yes
q1303371 De decker Wout TSTAT 838347 2023-11-21 13:47:16 NA 4 14 14 1 5 6.537 6.537 1 10 84.057 84.06 1 14 0.303 0.303 1 4 Yes
q1304461 Geerts Luna TSTAT 953939 2023-11-21 13:19:18 NA 1 20 20 1 8 10.483 10.483 1 12 -40.967 -40.967 1 14 0.617 0.617 1 4 Yes
q1305288 Geenen Jef ATSTAT 811790 2023-11-13 13:09:00 NA 1 20 20 1 8 7.5653 10.959 0 11 -33.88 -41.148 0 15 NA 0.724 0 1 Yes
q1310242 Wuyts Erik TSTAT 801127 2023-11-17 11:09:27 NA 2 21 21 1 6 11.927 11.927 1 11 -38.659 -38.659 1 15 0.759 0.637 0 3 Yes
q1310669 Verstappen Tijs TSTAT 801448 2023-11-21 12:47:16 NA 4 14 14 1 5 7.221 6.494 0 10 87.233 82.71 0 14 0.655 0.255 0 1 Yes
q1313472 De Bondt Marith TSTAT 1001832 2023-11-22 17:50:50 NA 2 21 21 1 7 5.518 5.518 1 10 95.886 95.89 1 16 0.572 0.572 1 4 Yes
q1313595 Vyncke Andreas ATSTAT 808996 2023-11-17 12:12:42 NA 1 20 20 1 5 6.503 6.503 1 10 92.091 90.65 0 13 0.532 0.598 0 2 Yes
q1314986 Vangeneugden Jeroen ATSTAT 801816 2023-11-17 12:18:42 NA 4 17 17 1 7 5.755 5.605 0 12 -37.2 -41.12 0 16 0.481 0.386 0 1 Yes
q1317061 Kabbani Raouf MMENG 978108 2023-11-21 14:33:48 NA 1 20 20 1 7 5.322 5.322 1 11 -39.998 -39.998 1 14 0.549 0.549 1 4 Yes
q1318019 Werckx Lua TSTAT 952005 2023-11-21 22:04:48 NA 3 12 12 1 5 6.888 6.888 1 12 -41.698 -41.698 1 15 0.572 0.572 1 4 Yes
q1318538 Meers Marie TSTAT 839327 2023-11-21 17:36:15 NA 2 21 21 1 8 12.504 12.504 1 9 90.369 90.37 1 13 0.105 0.105 1 4 Yes
q1321207 Mortelmans Giel TSTAT 811948 2023-11-21 19:54:17 NA 4 21 21 1 8 11.49 11.49 1 9 88.616 88.01 0 16 0.38 0.287 0 2 Yes
q1321248 Deknopper Leonard ATSTAT 852932 2023-11-07 11:54:13 NA 2 NA 21 0 5 NA 6.581 0 12 NA -39.605 0 13 NA 0.51 0 0 No
q1321269 Bocklandt Orphee ATSTAT 811635 2023-11-22 15:03:19 NA 3 12 12 1 7 5.187 5.187 1 9 80.611 80.61 1 16 0.527 0.527 1 4 Yes
q1324563 Van Baekel War TSTAT 808015 2023-10-09 09:19:21 NA 3 NA 12 0 6 NA 12.104 0 12 NA -38.871 0 14 NA 0.091 0 0 No
q1324661 Voorbij Herlinde ATSTAT 845858 2023-11-18 11:38:54 NA 4 14 14 1 5 6.837 6.837 1 9 90.533 90.53 1 15 0.435 0.435 1 4 Yes
q1324821 Dierick Thomas TSTAT 852912 2023-11-21 17:17:16 NA 3 NA 12 0 6 NA 11.929 0 11 NA -41.114 0 16 NA 0.429 0 0 No
q1324858 De Vlieger Robrecht TSTAT 837754 2023-11-21 15:43:49 NA 4 NA 14 0 8 NA 10.156 0 11 NA -38.441 0 15 NA 0.053 0 0 No
q1325443 Coomans Aron TSTAT 808516 2023-11-03 16:10:35 NA 3 NA 12 0 7 NA 5.548 0 12 NA -40.299 0 15 NA 0.505 0 0 No
q1325781 De Witte Charlotte TSTAT 836902 2023-11-21 12:59:16 NA 4 17 17 1 7 5391 5.391 0 10 93930 93.93 0 15 0.578 0.578 1 2 Yes
q1326587 De Clercq Senne TSTAT 786690 2023-11-20 16:26:11 NA 4 17 17 1 8 10.153 10.153 1 12 -43.8 -43.798 1 15 0.606 0.606 1 4 Yes
q1326609 Ngninkeu Ngami Yann Armel TSTAT 808002 2023-11-21 16:40:49 NA 1 20 20 1 5 6.569 6.569 1 10 90.279 90.28 1 13 0.603 0.603 1 4 Yes
q1326679 Denys Jan-Willem TSTAT 799184 2023-11-13 16:18:00 NA 3 12 12 1 7 5.188 5.188 1 11 -30.559 -38.298 0 13 0.094 0.094 1 3 Yes
q1326708 van der Plancke Jean ATSTAT 806861 2023-11-22 09:11:17 NA 2 21 21 1 8 14.348 11.426 0 12 -38.53 -38.534 1 13 0.171 0.172 1 3 Yes
q1326807 Devos Laurence TSTAT 838218 2023-11-22 16:38:02 NA 1 20 20 1 8 11.123 11.123 1 10 81.098 81.1 1 13 0.645 0.595 0 3 Yes
q1326968 De Poorter Jonathan TSTAT 810883 2023-11-17 23:33:55 NA 1 0.279 20 0 5 7 6.513 0 10 83.462 78.61 0 14 NA 0.639 0 0 Yes, Grade 0
q1333029 Vrebos Hylke ATSTAT 808820 2023-11-21 13:33:19 NA 2 21 21 1 6 11.88 11.88 1 10 94.532 94.53 1 16 0.587 0.564 0 3 Yes
q1333309 de Buck van Overstraeten Annaëlle ATSTAT 796756 2023-11-21 17:38:19 NA 3 12 12 1 8 11.191 11.191 1 10 85.958 85.96 1 14 0.582 0.582 1 4 Yes
q1333574 El Mohor Bassel ATSTAT 767219 2023-11-13 11:12:38 NA 2 21 21 1 6 12.468 12.468 1 9 89.001 88.64 0 16 0.786 0.354 0 2 Yes
q1335615 Eeckhout Oscar TSTAT 827366 2023-11-17 10:21:46 NA 3 13 12 0 7 10.771 5.095 0 12 -36.941 -43.307 0 13 0.644 0.645 1 1 Yes
q1338960 Maes Lucas TSTAT 833000 2023-11-13 13:15:05 NA 3 12 12 1 6 12.58 12.58 1 9 92.887 92.89 1 15 0.358 0.358 1 4 Yes
q1340978 Vanheusden Kato TSTAT 805447 2023-11-21 18:18:17 NA 2 21 21 1 8 9.908 9.908 1 9 94.71 94.71 1 16 0.444 0.444 1 4 Yes
q1341116 Xhonneux Johan TSTAT 792731 2023-11-03 16:39:38 NA 1 NA 20 0 5 NA 7.091 0 10 NA 88.47 0 14 NA 0.689 0 0 No
q1341117 Christiaens Lisa ATSTAT 847181 2023-11-23 11:05:17 NA 1 20 20 1 8 11.357 11.357 1 10 68.612 68.61 1 15 0.621 0.621 1 4 Yes
q1342186 Van den Kerkhof Ellen TSTAT 857778 2023-11-22 11:58:19 NA 4 14 14 1 5 7.025 7.025 1 12 -40.464 -40.464 1 14 0.54 0.54 1 4 Yes
q1342656 Vanistendael Juliaan ATSTAT 811681 2023-11-23 10:14:20 NA 1 17.75 17 0 7 5.045 5.045 1 11 -39.059 -40.88 0 14 0.527 0.659 0 1 Yes
q1342878 Somers Anke TSTAT 808088 2023-11-17 09:49:53 NA 2 21 21 1 6 11.249 11.249 1 10 85.914 87.45 0 13 0.08 0.061 0 2 Yes
q1343348 Dewulf Hannah ATSTAT 848542 2023-11-18 12:21:54 NA 3 15 12 0 8 10.713 10.713 1 11 -42.537 -42.537 1 15 0.168 0.168 1 3 Yes
q1344050 Marx Anne-Sophie ATSTAT 852629 2023-11-15 21:21:34 NA 2 22 22 1 6 12.277 12.277 1 11 -45.245 -39.595 0 14 0.416 0.417 1 3 Yes
q1344369 Janssens Margaux ATSTAT 839531 2023-11-14 12:12:45 NA 4 17 17 1 5 6.594 6.594 1 9 97.352 97.35 1 15 0.161 0.161 1 4 Yes
q1345454 Vrancken Castor ATSTAT 845956 2023-11-17 16:57:28 NA 1 20 20 1 7 5.515 5.515 1 12 -40.676 -40.676 1 13 0.787 0.731 0 3 Yes
q1345891 Van Acker Thibaut TSTAT 794262 2023-11-15 15:55:34 NA 2 NA 21 0 6 NA 12.251 0 12 NA -41.578 0 16 NA 0.415 0 0 No
q1346262 Breyne Ellen ATSTAT 852909 2023-11-13 09:55:04 NA 4 17 17 1 5 6.766 6.766 1 12 -39.539 -39.539 1 14 0.494 0.494 1 4 Yes
q1346626 Timmermans Simon ATSTAT 832358 2023-11-17 12:14:03 NA 1 20 20 1 8 11.953 11.953 1 11 -39.843 -39.843 1 16 0.575 0.575 1 4 Yes
q1346923 Vanden Berghe Anne-Sophie ATSTAT 851008 2023-11-13 16:14:38 NA 4 17 17 1 8 10.936 10.936 1 11 -39.73 -39.73 1 13 0.685 0.685 1 4 Yes
q1347277 Coopmans Helina TSTAT 851497 2023-11-21 12:03:14 NA 2 21 21 1 5 6.816 6.816 1 12 -43.071 -43.071 1 14 0.36 0.36 1 4 Yes
q1347408 Dupont Camille ATSTAT 852933 2023-11-18 18:56:54 NA 1 20 20 1 7 5.586 5.586 1 10 82.179 82.18 1 16 0.605 0.605 1 4 Yes
q1347603 Nelissen Lowie TSTAT 806920 2023-11-23 10:28:19 NA 4 NA 14 0 5 NA 6.327 0 12 NA -37.599 0 15 NA 0.137 0 0 No
q1349191 Cruyt Nigella TSTAT 846328 2023-11-22 17:08:20 NA 4 14 14 1 8 11.27 11.27 1 9 96.427 96.43 1 15 0.227 0.227 1 4 Yes
q1350315 Vermeersch Siebe TSTAT 836671 2023-11-23 11:15:18 NA 3 12 12 1 5 6.957 6.957 1 11 -39.5 -39.499 1 13 0.485 0.485 1 4 Yes
q1359699 Vrijsen Delphine TSTAT 832514 2023-11-23 11:55:28 NA 1 18 18 1 5 6.3 6.3 1 12 -43.127 -43.127 1 14 0.545 0.545 1 4 Yes
q1360810 Caustur Louise ATSTAT 787723 2023-11-22 22:17:25 NA 4 14 14 1 7 5.268 5.268 1 10 88.677 88.68 1 14 0.321 0.321 1 4 Yes
q1360933 Kalinis Nina TSTAT 852885 2023-11-17 12:55:57 NA 1 20 20 1 6 12.414 12.414 1 11 -39.85 -39.846 1 15 0.677 0.677 1 4 Yes
q1361727 Drieskens Thomas TSTAT 794030 2023-10-15 15:45:10 NA 4 NA 14 0 7 NA 5.213 0 11 NA -33.334 0 15 NA 0.576 0 0 No
q1363092 Denijs Jean-Baptiste ATSTAT 788735 2023-11-23 11:34:17 NA 1 17 17 1 6 11.243 11.243 1 10 89.102 89.1 1 13 0.623 0.623 1 4 Yes
q1363943 Deckers Madeleine ATSTAT 798791 2023-11-23 11:58:20 NA 3 13 13 1 6 11.217 11.217 1 11 -42.244 -42.244 1 16 0.406 0.406 1 4 Yes
q1364271 De Wolf Lotte ATSTAT 842215 2023-11-21 16:41:18 NA 4 14 14 1 7 5.097 5.097 1 12 -43.435 -43.435 1 13 0.44 0.44 1 4 Yes
q1365263 Fache Alex TSTAT 805157 2023-11-15 13:43:06 NA 3 12 12 1 8 9.805 9.805 1 12 -40.92 -40.923 1 13 0.581 0.668 0 3 Yes
q1366242 Van Bouwel Hannes ATSTAT 808519 2023-11-17 14:54:20 NA 3 13 13 1 8 11.009 11.009 1 10 87.9 89 0 14 0.287 0.287 1 3 Yes
q1366735 Tasezer Can Emre ATSTAT 952669 2023-11-09 22:12:39 NA 3 NA 14 0 8 NA 10.221 0 9 NA 93.26 0 16 NA 0.479 0 0 No
q1368348 Hanegraaf Tamara ATSTAT 797299 2023-11-13 15:44:44 NA 3 12 12 1 7 11.154 5.383 0 12 -40.502 -42.687 0 15 0.613 0.526 0 1 Yes
q1369427 Franssens Maurits ATSTAT 852918 2023-11-21 12:11:19 NA 2 21 21 1 8 11.637 11.637 1 10 79.19 79.19 1 14 0.626 0.625 1 4 Yes
q1369771 Verlinde Astrid TSTAT 841888 2023-11-21 18:31:17 NA 1 18 18 1 6 11.757 11.757 1 10 94.646 94.65 1 16 0.395 0.395 1 4 Yes
q1371123 Brusselle Mathias ATSTAT 836947 2023-11-13 12:36:38 NA 2 21 21 1 7 14.441 5.272 0 9 86.52 86.52 1 13 0.953 0.953 1 3 Yes
q1371150 Verstraeten Matthias TSTAT 854412 2023-11-22 16:35:19 NA 2 18.75 21 0 8 11.479 11.479 1 10 84.405 92.77 0 16 0.116 0.56 0 1 Yes
q1371151 De Bock Luka ATSTAT 852927 2023-11-17 14:12:43 NA 3 13 12 0 5 1.31 6.867 0 11 -38.649 -44.597 0 13 0.315 0.221 0 0 Yes, Grade 0
q1371464 Vanden Abeele Anthony ATSTAT 803376 2023-11-21 15:26:15 NA 3 14 14 1 6 11.401 11.401 1 10 91.626 91.63 1 14 0.276 0.276 1 4 Yes
q1371821 Fynaerts Sophie ATSTAT 833298 2023-11-22 15:26:02 NA 3 14 12 0 5 6.132 6.132 1 9 87.534 87.53 1 16 0.189 0.189 1 3 Yes
q1373839 Moris Stijn ATSTAT 835108 2023-10-26 18:32:19 NA 3 NA 14 0 7 NA 5.737 0 10 NA 88.62 0 16 NA 0.443 0 0 No
q1374110 Kinoo Lucas TSTAT 808832 2023-10-11 17:49:00 NA 1 NA 20 0 8 NA 9.967 0 12 NA -39.207 0 16 NA 0.308 0 0 No
q1374210 Vangheel Liesl ATSTAT 848964 2023-11-21 12:47:16 NA 3 14 14 1 5 6.691 6.691 1 12 -37.898 -37.898 1 15 0.515 0.515 1 4 Yes
q1374746 Valgaeren Tom ATSTAT 834976 2023-11-23 11:09:20 NA 3 452 12 0 7 5.378 5.378 1 12 -36.729 -36.729 1 13 0.749 0.749 1 3 Yes
q1375124 Van der Meersch Hanne ATSTAT 857575 2023-11-18 00:00:21 NA 4 13 13 1 7 5.152851 5.153 1 12 -38.31165 -38.312 1 16 0.006745151 0.007 1 4 Yes
q1375684 Brismoutier Margot ATSTAT 849322 2023-11-13 10:00:44 NA 1 20 20 1 5 6.781 6.781 1 11 -40.27 -40.268 1 13 0.811 0.811 1 4 Yes
q1376283 Van Cauwelaert-De Wyels Thomas TSTAT 812450 2023-11-05 16:32:33 NA 1 NA 18 0 5 NA 6.722 0 9 NA 91.67 0 14 NA 0.671 0 0 No
q1376375 Adriaenssens Wout TSTAT 848792 2023-11-22 10:37:19 NA 4 14 14 1 7 9.547 5.538 0 11 -41.65 -41.648 1 16 0.295 0.295 1 3 Yes
q1377671 Van den Houte Lisa ATSTAT 852869 2023-11-21 17:09:18 NA 3 14 14 1 6 12.141 12.141 1 10 80.509 80.51 1 13 0.103 0.103 1 4 Yes
q1378116 Van der Velpen Elien TSTAT 849512 2023-11-21 12:03:15 NA 2 20 21 0 7 5.424 5.424 1 9 98.926 98.93 1 15 0.544 0.544 1 3 Yes
q1378290 Meerten Sofie TSTAT 1008861 2023-11-22 14:22:23 NA 1 17 17 1 5 6.17 6.17 1 9 96.348 96.35 1 13 0.06 0.06 1 4 Yes
q1378371 Windey Emile TSTAT 842059 2023-11-21 15:54:18 NA 1 20.25 20 0 5 1.852 6.861 0 9 94.008 94.94 0 14 0.392 0.57 0 0 Yes, Grade 0
q1378375 Coppens Emma TSTAT 845058 2023-11-21 14:05:15 NA 2 21 21 1 7 5.493 5.493 1 9 92.582 92.58 1 16 0.409 0.409 1 4 Yes
q1378677 Peeters Jesse TSTAT 813841 2023-11-20 10:45:13 NA 4 NA 14 0 7 NA 5.801 0 10 NA 89.76 0 14 NA 0.564 0 0 No
q1379576 Rasson Sarah TSTAT 859231 2023-11-21 13:33:48 NA 2 21 21 1 8 11.192 11.192 1 12 -36.729 -36.729 1 14 0.382 0.382 1 4 Yes
q1379578 Demeestere Auguy TSTAT 848340 2023-11-19 20:09:30 NA 1 21 20 0 5 6.873 6.874 1 11 NA -41.175 0 14 NA 0.584 0 1 Yes
q1379658 Demeyere Joachim ATSTAT 847987 2023-11-04 16:37:36 NA 4 NA 13 0 6 NA 11.722 0 9 NA 98.71 0 14 NA 0.387 0 0 No
q1379669 Buyse Aurelie ATSTAT 846826 2023-11-20 11:29:10 NA 3 13 13 1 8 10.147 10.147 1 10 88.242 88.24 1 16 0.663 0.663 1 4 Yes
q1380126 Andries Robin ATSTAT 840023 2023-11-21 15:29:19 NA 2 21 21 1 5 6.821 6.821 1 10 91.792 91.79 1 15 0.635 0.634 1 4 Yes
q1380135 Marien Jannick ATSTAT 845125 2023-11-18 15:49:48 NA 2 21 21 1 5 7.038 7.038 1 12 -41.9 -41.903 1 13 0.798 0.798 1 4 Yes
q1380277 Jaourat Jawad TSTAT 986893 2023-11-21 19:47:48 NA 3 12 12 1 5 6.495 6.495 1 10 95.058 95.06 1 16 0.427 0.427 1 4 Yes
q1380520 Herman Arne TSTAT 858223 2023-11-16 16:10:09 NA 3 12 12 1 7 0.158 5.359 0 10 84.961 84.96 1 15 0.575 0.575 1 3 Yes
q1381134 Spitters Guus TSTAT 844603 2023-11-13 10:21:45 NA 1 20.25 20 0 7 4.98 5.502 0 10 89.58 89.58 1 13 0.821 0.821 1 2 Yes
q1381200 Reusens Quentin ATSTAT 827010 2023-11-21 20:27:17 NA 1 20 20 1 5 6.618 6.618 1 10 98.053 98.05 1 13 0.622 0.622 1 4 Yes
q1381210 Van Der Schueren Ine TSTAT 857998 2023-11-23 11:11:20 NA 3 12 12 1 7 5.327 5.327 1 10 82.936 82.94 1 15 0.851 0.851 1 4 Yes
q1381254 Libbrecht Mattice TSTAT 842091 2023-11-17 16:00:03 NA 3 12 12 1 7 5.693 5.693 1 12 -37.344 -37.344 1 13 0.632 0.632 1 4 Yes
q1381260 Wydaeghe Louka ATSTAT 845074 2023-11-22 08:50:20 NA 3 12 12 1 7 5.237 5.237 1 9 109.035 97.77 0 13 0.513 0.141 0 2 Yes
q1381297 'T Kindt Maxime TSTAT 849397 2023-11-20 16:03:11 NA 3 15 13 0 5 7.07 6.217 0 9 98.967 98.97 1 13 0.544 0.621 0 1 Yes
q1381312 Vanheyst Sander TSTAT 1006132 2023-11-23 11:58:20 NA 3 14 14 1 7 5.788 5.788 1 10 86.814 86.81 1 16 0.56 0.56 1 4 Yes
q1381346 Valgaeren Caroline ATSTAT 836373 2023-11-21 19:04:19 NA 3 12 12 1 5 6.454 6.454 1 12 -41.741 -41.741 1 14 0.62 0.62 1 4 Yes
q1381362 Engelborghs Victor ATSTAT 849988 2023-11-22 11:37:17 NA 4 17 17 1 5 6.207 6.207 1 9 102.84 102.84 1 16 0.498 0.498 1 4 Yes
q1381374 Carels Marie TSTAT 829092 2023-11-21 15:17:18 NA 3 12 12 1 6 12.687 12.687 1 11 -42.376 -42.376 1 15 0.132 0.132 1 4 Yes
q1381386 Van Oosterwyck Reine TSTAT 857771 2023-11-23 11:47:20 NA 3 14 14 1 6 12.686 12.686 1 9 85.662 85.66 1 15 0.465 0.465 1 4 Yes
q1381534 Smolders Thomas TSTAT 841814 2023-11-17 23:31:03 NA 1 18 20 0 7 5.532 5.533 1 10 101.226 96.72 0 14 0.768 0.506 0 1 Yes
q1381535 Van Kerschaver Felix TSTAT 975233 2023-11-21 14:02:18 NA 2 21 21 1 8 10.748 10.748 1 11 -39.45 -39.45 1 16 0.285 0.285 1 4 Yes
q1381583 Sobry Thomas ATSTAT 840705 2023-11-21 18:20:49 NA 1 18 18 1 7 5.522 5.522 1 12 -39.518 -39.518 1 14 0.62 0.62 1 4 Yes
q1381691 Lootens Alex TSTAT 857780 2023-10-30 15:24:18 NA 4 NA 13 0 7 NA 5.379 0 12 NA -31.473 0 13 NA 0.178 0 0 No
q1381723 Hansen Olivier TSTAT 844272 2023-11-21 12:36:15 NA 2 21 21 1 8 10.333 10.333 1 10 86.95 86.95 1 14 0.285 0.285 1 4 Yes
q1381735 Dehaemers Zazou TSTAT 854050 2023-11-18 17:34:22 NA 2 21 21 1 5 5.33 6.316 0 10 91.927 91.93 1 16 0.524 0.524 1 3 Yes
q1381753 Pillen Rachelle ATSTAT 843974 2023-11-21 09:10:16 NA 1 NA 20 0 8 NA 10.741 0 9 NA 96.14 0 14 NA 0.566 0 0 No
q1381763 Verhaegen Johan ATSTAT 845551 2023-11-18 02:02:55 NA 2 21 21 1 8 11.567 11.567 1 9 95.48 95.48 1 15 0.336 0.336 1 4 Yes
q1381823 Merckx Simon ATSTAT 850184 2023-11-21 18:49:18 NA 1 17 17 1 8 21.926 10.817 0 9 90.44 90.44 1 14 0.697 0.696 1 3 Yes
q1381858 Heuvelmans Jill TSTAT 835774 2023-11-21 12:51:47 NA 1 20 20 1 6 11.929 11.929 1 10 94.065 94.07 1 14 0.488 0.488 1 4 Yes
q1381884 Vos Elise TSTAT 843387 2023-11-15 16:38:08 NA 1 20 20 1 7 5.563 5.563 1 10 85.441 85.44 1 16 0.481 0.481 1 4 Yes
q1381940 Lambrecht Arne TSTAT 827365 2023-11-22 19:03:02 NA 3 12 12 1 8 11.408 11.408 1 10 88.71 88.71 1 15 0.577 0.577 1 4 Yes
q1381960 Exelmans Thibo ATSTAT 858219 2023-11-17 17:54:42 NA 4 13 13 1 7 5.213 5.213 1 12 -41.239 -41.239 1 13 0.177 0.088 0 3 Yes
q1381987 Vanderbeek Pauwel TSTAT 827363 2023-11-17 14:26:03 NA 1 20 20 1 5 7.007 7.007 1 12 -37.85 -37.849 1 14 0.388 0.388 1 4 Yes
q1382013 Vandenhoudt Astor TSTAT 855074 2023-11-19 13:40:51 NA 4 14 14 1 8 11.154 11.154 1 12 -37.259 -38.373 0 14 0.3 0.233 0 2 Yes
q1382014 Jespers Floor ATSTAT 837320 2023-11-23 09:38:51 NA 4 14 14 1 8 9.891 9.891 1 12 -43.501 -43.501 1 16 0.633 0.633 1 4 Yes
q1382037 Debaveye Arnaud TSTAT 855069 2023-11-21 16:40:20 NA 2 21 21 1 6 11.568 11.568 1 9 86.826 86.83 1 15 0.57 0.57 1 4 Yes
q1382116 Roose Leen TSTAT 1000760 2023-11-22 10:26:20 NA 1 20 20 1 5 7.602 7.602 1 9 86.442 86.44 1 13 0.69 0.664 0 3 Yes
q1382275 Peeters Yana ATSTAT 843095 2023-11-21 13:52:16 NA 3 12 12 1 7 5.332 5.332 1 10 88.548 88.55 1 16 0.555 0.555 1 4 Yes
q1382279 Mestdagh Arne ATSTAT 842746 2023-11-22 13:47:09 NA 3 12 12 1 7 5.411 5.411 1 10 95.823 95.82 1 15 0.195 0.211 0 3 Yes
q1382319 Verlinden Louis TSTAT 847205 2023-11-19 17:45:57 NA 2 21 21 1 7 10.375 5.364 0 12 -36.576 -36.691 0 13 0.6112 0.611 1 2 Yes
q1382348 Libbrecht Manu ATSTAT 842093 2023-11-21 15:40:17 NA 3 14 14 1 8 11.203 11.203 1 9 89.978 89.98 1 13 0.632 0.61 0 3 Yes
q1382431 Dom Matthias TSTAT 832440 2023-11-23 11:22:28 NA 2 21 21 1 5 6.517 6.517 1 10 96.265 96.27 1 15 0.56 0.56 1 4 Yes
q1382467 Coninx Charle ATSTAT 1009099 2023-11-13 14:09:22 NA 1 143718 20 0 8 NA 11.762 0 10 -37560 90.95 0 14 0.4981 0.402 0 0 Yes, Grade 0
q1382574 Van den Bruel Gitte ATSTAT 847071 2023-11-20 15:21:12 NA 4 14 14 1 5 6.396 6.396 1 10 90.796 90.8 1 16 0.652 0.652 1 4 Yes
q1382767 Maes Fleur ATSTAT 849110 2023-11-23 12:09:21 NA 4 13 13 1 8 10.961 10.961 1 10 95.686 95.69 1 14 0.442 0.442 1 4 Yes
q1383115 Schoenaers Julien TSTAT 857782 2023-11-21 21:16:16 NA 3 NA 14 0 7 NA 5.46 0 9 NA 87.3 0 15 NA 0.129 0 0 No
q1383445 Beukeleirs Lyssa TSTAT 829090 2023-11-13 11:53:48 NA 1 18 18 1 6 11.742 11.742 1 9 91.912 91.91 1 14 0.316 0.316 1 4 Yes
q1383618 Dierick Nicolas ATSTAT 854096 2023-11-13 19:33:24 NA 4 13 13 1 5 3.828 6.564 0 11 -37.307 -39.228 0 13 0.047 0.035 0 1 Yes
q1383665 Demuynck Victor ATSTAT 858855 2023-11-21 17:39:19 NA 3 13 14 0 6 6.84 11.011 0 10 89.535 89.54 1 13 0.5787 0.579 1 2 Yes
q1383704 Vankersschaever Maurice TSTAT 841737 2023-11-22 16:10:18 NA 1 18.25 18 0 7 5.289 5.289 1 11 -34.139 -37.219 0 15 0.168 0.129 0 1 Yes
q1383877 Van Rompaey Jonas TSTAT 856757 2023-11-21 14:42:19 NA 2 21 21 1 8 10.218 10.218 1 12 -39.249 -39.249 1 14 0.306 0.306 1 4 Yes
q1383980 Keza Lauria ATSTAT 815043 2023-11-09 20:00:14 NA 2 NA 21 0 8 NA 11.312 0 12 NA -38.597 0 13 NA 0.453 0 0 No
q1384109 Heytens Matisse ATSTAT 850193 2023-11-16 18:56:11 NA 4 15 14 0 7 7.415 5.373 0 9 90.1 91 0 16 0.351 0.351 1 1 Yes
q1384280 De Bie Joseph TSTAT 844364 2023-11-21 13:29:19 NA 4 10 14 0 8 0.3 9.903 0 12 -40.91 -40.906 1 16 0.443 0.443 1 2 Yes
q1384282 Souren Luca TSTAT 845805 2023-11-13 11:13:42 NA 2 21 21 1 8 0.3 11.946 0 10 85.337 81.52 0 16 0.712 0.712 1 2 Yes
q1384486 Van Vaerenbergh Nelle ATSTAT 852880 2023-11-21 16:05:14 NA 4 13 13 1 7 5.535 5.535 1 12 -39.578 -39.578 1 15 0.231 0.231 1 4 Yes
q1384587 Demeyere Alix TSTAT 858117 2023-11-22 16:11:50 NA 2 21 21 1 5 6.519 6.519 1 9 94.496 94.5 1 16 0.454 0.454 1 4 Yes
q1384635 van Kuyck Brecht TSTAT 856752 2023-11-13 14:21:38 NA 4 14 14 1 8 9.898 9.898 1 10 97.11 97.11 1 14 0.355 0.355 1 4 Yes
q1384658 Claes Josse TSTAT 854890 2023-11-14 10:35:50 NA 1 NA 20 0 7 NA 5.732 0 9 NA 92.97 0 15 NA 0.565 0 0 No
q1384665 Govaert Romain ATSTAT 844375 2023-11-09 19:36:58 NA 4 NA 14 0 8 NA 10.733 0 9 NA 94.77 0 15 NA 0.229 0 0 No
q1385565 Beckers Thomas ATSTAT 854438 2023-11-18 16:13:48 NA 4 14 14 1 7 11.549 5.716 0 10 93.537 91.55 0 13 0.505 0.385 0 1 Yes
q1387566 Goossens Lynn ATSTAT 854225 2023-11-23 11:11:19 NA 3 12 12 1 6 11.679 11.679 1 11 -39.707 -39.707 1 15 0.631 0.631 1 4 Yes
q1388162 Mintjens Kara TSTAT 844366 2023-11-21 15:24:16 NA 2 21 21 1 7 5.075 5.075 1 11 -37.651 -37.651 1 15 0.408 0.408 1 4 Yes
q1388219 Mortelmans Alexander TSTAT 843418 2023-11-17 15:34:03 NA 3 12 12 1 8 10.11 10.11 1 11 -40.976 -40.976 1 14 0.473 0.473 1 4 Yes
q1388266 Mellaerts Mirthe TSTAT 838646 2023-11-21 15:35:18 NA 4 NA 13 0 7 NA 5.378 0 11 NA -39.223 0 13 NA 0.75 0 0 No
q1388312 Moons Corneel TSTAT 849503 2023-11-21 16:15:16 NA 3 12.5 12 0 7 5.5 5.496 0 9 88.208 89.17 0 13 0.567 0.585 0 0 Yes, Grade 0
q1388335 Vanderstraeten Bjarne TSTAT 849359 2023-11-21 17:38:17 NA 2 21 21 1 8 11.072 11.072 1 12 -40.933 -40.933 1 16 0.305 0.305 1 4 Yes
q1388478 De Bruyckere Claire TSTAT 844454 2023-11-20 13:32:11 NA 1 20 20 1 6 11.794 11.794 1 9 88.564 88.56 1 14 0.422 0.422 1 4 Yes
q1388529 El Metni Rayane TSTAT 857657 2023-11-16 18:44:29 NA 1 20 20 1 8 11.111 11.111 1 10 87.69 87.69 1 13 0.486 0.485 1 4 Yes
q1389005 Descamps Antoine TSTAT 852838 2023-11-21 15:18:19 NA 3 NA 12 0 5 NA 6.351 0 10 NA 87.37 0 15 NA 0.617 0 0 No
q1389018 Leenknecht Jacob TSTAT 845512 2023-11-22 15:49:18 NA 1 20 20 1 5 6.443 6.443 1 12 -43.297 -43.296 1 16 0.639 0.639 1 4 Yes
q1389032 Van den Broeck Robbe TSTAT 836345 2023-11-13 11:02:48 NA 1 18.25 20 0 7 5.382 5.382 1 9 89.925 91.31 0 14 0.303 0.184 0 1 Yes
q1389926 Vandormael Lukas TSTAT 852876 2023-11-22 14:54:21 NA 4 17 17 1 8 11.89 11.89 1 9 93.01 93.01 1 13 0.026 0.026 1 4 Yes
q1390148 Vanderhoeven Tim TSTAT 839112 2023-11-21 13:19:47 NA 1 20.25 20 0 5 5.636 7.234 0 9 88.813 96.99 0 14 0.733 0.549 0 0 Yes, Grade 0
q1390320 Peeters Warre TSTAT 846331 2023-11-21 16:36:16 NA 3 NA 14 0 8 NA 12.628 0 12 NA -37.164 0 15 NA 0.563 0 0 No
q1391447 Van Lerberghe Leon ATSTAT 842678 2023-11-16 17:49:35 NA 3 15 12 0 6 11.524 11.524 1 10 95.977 91.75 0 15 0.601 0.601 1 2 Yes
q1391448 Verstraete Arnaud ATSTAT 843437 2023-11-20 13:44:11 NA 2 21 21 1 8 10.8 10.8 1 12 -34.936 -35.527 0 14 0.6 0.512 0 2 Yes
q1391495 Bomberna Victor TSTAT 857962 2023-11-22 16:16:21 NA 4 14 14 1 6 11.912 11.912 1 9 89.828 89.83 1 14 0.568 0.568 1 4 Yes
q1391884 Norman Tommy ATSTAT 840346 2023-11-21 13:11:16 NA 2 18 21 0 5 6.533 6.533 1 12 -44.153 -44.153 1 14 0.497 0.497 1 3 Yes
q1391901 Vandewalle Lowie TSTAT 845260 2023-10-19 20:37:11 NA 2 NA 21 0 5 NA 7.205 0 11 NA -38.938 0 14 NA 0.55 0 0 No
q1391974 Corneillie Amber TSTAT 854728 2023-11-21 13:32:18 NA 1 20 20 1 6 8.641 12.127 0 9 86.929 86.52 0 13 0.342 0.342 1 2 Yes
q1391986 Despiegelaere Elisabeth TSTAT 848355 2023-11-23 12:07:03 NA 4 17 17 1 5 6.865 6.865 1 12 -39.823 -39.823 1 13 0.058 0.058 1 4 Yes
q1392004 Stove Amélie TSTAT 830359 2023-11-21 15:22:19 NA 1 20 20 1 6 12.617 12.617 1 9 98.521 98.52 1 14 0.538 0.538 1 4 Yes
q1392030 Ciers Matthias ATSTAT 851753 2023-11-13 11:53:38 NA 4 17 17 1 7 5.509 5.509 1 11 -41.162 -41.162 1 15 0.58 0.58 1 4 Yes
q1392062 Verhamme Leonard TSTAT 844864 2023-11-18 09:45:55 NA 3 0 13 0 7 0 5.663 0 11 0 -42.558 0 15 0 0.701 0 0 Yes, Grade 0
q1392106 Lagae Victoria TSTAT 843448 2023-11-21 15:24:17 NA 4 14 14 1 7 5.334 5.334 1 10 93.092 93.09 1 16 0.505 0.505 1 4 Yes
q1392145 Ouissa Ilyas TSTAT 837550 2023-11-16 21:00:41 NA 1 18.5 20 0 7 1.27 5.189 0 12 -36.889 -39.018 0 13 0.583 0.642 0 0 Yes, Grade 0
q1392153 Vandelanotte Ruben ATSTAT 841447 2023-11-23 10:08:20 NA 2 21 21 1 8 10.954 10.954 1 11 -43.626 -43.626 1 14 0.507 0.507 1 4 Yes
q1392158 Bauwens Matiz ATSTAT 844570 2023-11-21 18:25:17 NA 2 20 21 0 6 8.973 11.824 0 12 -36.071 -36.071 1 13 0.859 0.859 1 2 Yes
q1392173 Clarysse Sophie TSTAT 845603 2023-11-23 11:20:03 NA 2 21 21 1 5 6.835 6.835 1 10 90.864 90.86 1 14 0.408 0.408 1 4 Yes
q1392177 Decramer Alexandra TSTAT 844640 2023-11-21 13:23:14 NA 4 14 14 1 5 6.938 6.938 1 10 99.067 99.07 1 14 100.967 0.447 0 3 Yes
q1392183 Goddeeris Anna TSTAT 851731 2023-11-13 10:00:45 NA 3 20 13 0 7 1.318 6.001 0 10 93.539 91.16 0 15 0.344 0.502 0 0 Yes, Grade 0
q1392204 Bamelis Charles TSTAT 856216 2023-11-17 14:51:20 NA 4 NA 14 0 7 NA 5.291 0 9 NA 86.29 0 13 NA 0.144 0 0 No
q1392744 De Maesschalck Lore TSTAT 829085 2023-11-22 11:57:19 NA 4 17 17 1 8 10.298 10.298 1 10 92.76 92.76 1 14 0.439 0.439 1 4 Yes
q1392796 Maeyaert Bruno ATSTAT 830358 2023-11-22 18:45:02 NA 1 1000 NA 0 5 6.417 6.417 1 10 90.803 90.8 1 15 0.135 0.135 1 3 Yes
q1393014 Janssens Benoît ATSTAT 854884 2023-11-13 14:54:44 NA 2 NA 21 0 7 NA 5.452 0 12 NA -40.772 0 16 NA 0.579 0 0 No
q1393084 Mestdag Hannah ATSTAT 855039 2023-11-21 15:34:48 NA 3 13 13 1 8 10.985 10.984 1 12 -35.911 -41.268 0 14 0.37 0.353 0 2 Yes
q1393617 Imschoot Phaedra TSTAT 839926 2023-11-16 20:06:08 NA 2 21 21 1 8 11.584 11.584 1 9 NA 89.63 0 13 0.489 0.489 1 3 Yes
q1393681 Van Hees Alix ATSTAT 857416 2023-11-22 19:22:02 NA 1 18 18 1 7 5.651 5.651 1 10 96.317 96.32 1 14 0.547 0.547 1 4 Yes
q1393905 Uwents Helena TSTAT 838311 2023-11-21 23:05:17 NA 4 14 14 1 8 11.132 11.132 1 10 86.765 86.77 1 16 0.129 0.129 1 4 Yes
q1394133 Van Parys Nestor TSTAT 856061 2023-11-12 21:27:35 NA 2 NA 21 0 8 NA 10.545 0 12 NA -40.087 0 14 NA 0.598 0 0 No
q1395034 Vanderkerken Jules ATSTAT 854049 2023-11-20 17:54:12 NA 4 17 17 1 8 11.666 11.666 1 9 88.145 88.14 1 13 0.08 0.08 1 4 Yes
q1395096 Munteanu Nathan TSTAT 852884 2023-11-21 16:50:20 NA 4 NA 9 0 7 NA 5.336 0 11 NA -36.894 0 15 NA 0.427 0 0 No
q1395814 Clarebout Lune ATSTAT 849541 2023-11-22 21:04:20 NA 2 21 21 1 8 10.683 10.683 1 9 86.886 86.89 1 14 0.24 0.24 1 4 Yes
q1395831 Mertens Lars TSTAT 846064 2023-11-22 11:28:17 NA 4 NA 17 0 8 NA 10.41 0 9 NA 90.4 0 15 NA 0.673 0 0 No
q1397068 Nackaerts Anne-Marit TSTAT 852357 2023-11-17 10:58:03 NA 3 14 14 1 5 7.038 7.038 1 9 90.777 90.78 1 15 0.552 0.552 1 4 Yes
q1399412 Indenhoek Tristan TSTAT 1007331 2023-11-21 17:03:18 NA 3 12 12 1 7 5.372 5.372 1 9 88.211 88.21 1 13 0.532 0.533 1 4 Yes
q1399439 Tassens Maarten TSTAT 1008832 2023-11-22 17:32:09 NA 1 18 18 1 6 12.572 12.572 1 9 95.648 95.65 1 16 0.34 0.34 1 4 Yes
q1399441 Van Esser Jan TSTAT 1007328 2023-11-22 14:51:23 NA 2 21 21 1 8 12.155 12.155 1 10 96.692 87.13 0 16 0.394 0.394 1 3 Yes
q1399999 Thijs Pieter-Jan TSTAT 997072 2023-11-22 17:44:24 NA 2 21 21 1 5 6.723 6.723 1 11 -39.96 -39.96 1 15 0.128 0.128 1 4 Yes
q1400082 Dumon Myra TSTAT 846426 2023-11-13 11:54:44 NA 2 21 21 1 8 9.778 9.778 1 12 -41.723 -41.723 1 15 0.542 0.542 1 4 Yes
q1400449 Deckx Lauren ATSTAT 844360 2023-11-21 17:11:19 NA 2 21 21 1 8 11.515 11.515 1 12 -41.258 -41.258 1 15 0.277 0.682 0 3 Yes
q1400456 Van Eyck Floor ATSTAT 852882 2023-11-21 19:55:15 NA 1 21 20 0 7 5.602 5.602 1 9 93.519 91.43 0 15 0.694 0.694 1 2 Yes
q1400472 Van Houte Joren TSTAT 838348 2023-11-22 16:28:09 NA 3 14 12 0 5 NA 6.744 0 10 70.213 70.21 1 15 0.4411 0.441 1 2 Yes
q1400475 Ven Robbe ATSTAT 849827 2023-11-21 16:34:14 NA 1 20 20 1 6 12.948 12.948 1 11 -40.892 -40.892 1 14 0.285 0.285 1 4 Yes
q1400910 Vandewalle Miel TSTAT 831433 2023-11-22 17:57:18 NA 3 12 12 1 8 12.164 12.164 1 10 84.035 84.03 1 16 0.594 0.593 1 4 Yes
q1401085 Ingels Juliette ATSTAT 859230 2023-11-15 10:23:06 NA 4 13 13 1 7 5.52 5.52 1 10 84.84 84.84 1 16 0.299 0.299 1 4 Yes
q1401343 Van Dorpe Ide ATSTAT 846097 2023-11-21 19:37:21 NA 2 21 21 1 7 0 5.301 0 12 -46.56 -46.559 1 14 0.488 0.488 1 3 Yes
q1401433 Coppens Jules TSTAT 837157 2023-11-21 12:50:16 NA 2 NA 21 0 6 NA 12.461 0 10 NA 88.7 0 13 NA 0.037 0 0 No
q1401497 Degraeve Emma TSTAT 857949 2023-11-13 10:59:22 NA 2 21 21 1 7 5.541 5.541 1 10 83.118 83.12 1 16 0.557 0.557 1 4 Yes
q1402234 Coussement Louis ATSTAT 858172 2023-11-21 16:22:48 NA 2 21 21 1 6 13.11 13.111 1 11 -40.17 -40.174 1 15 0.162 0.162 1 4 Yes
q1402284 Meylemans Kjetil ATSTAT 848937 2023-11-23 11:10:03 NA 4 13 13 1 7 5.398 5.398 1 11 -38.96 -38.955 1 16 0.31 0.31 1 4 Yes
q1403069 Boyen Jana ATSTAT 843458 2023-11-21 17:19:48 NA 3 14 14 1 7 5.442 5.442 1 11 -39.17 -39.17 1 14 0.299 0.299 1 4 Yes
q1403245 Vanackere Mathis TSTAT 841434 2023-11-22 17:27:50 NA 3 12 12 1 6 22.085 12.67 0 12 -30.73 -30.73 1 13 0.619 0.619 1 3 Yes
q1403581 Gheys Simon TSTAT 836364 2023-11-13 15:10:48 NA 3 12 12 1 5 8.744 6.317 0 12 -40.169 -41.207 0 13 0.108 0.069 0 1 Yes
q1408512 Joachum Jitse TSTAT 852891 2023-11-21 17:54:16 NA 2 20 20 1 5 7.049 7.049 1 10 88.412 88.41 1 16 0.486 0.486 1 4 Yes
q1410476 Baert Lawrence TSTAT 832510 2023-11-15 09:21:06 NA 4 14 14 1 8 11.986 10.451 0 10 92.957 92.96 1 15 0.568 0.568 1 3 Yes
q1412280 Nijs Justine TSTAT 832327 2023-11-17 14:21:47 NA 3 14 14 1 6 11.97 11.97 1 12 -37.548 -37.548 1 15 0.554 0.554 1 4 Yes
q1414404 Robyns de Schneidauer Arnaud ATSTAT 833807 2023-11-22 15:55:09 NA 2 21 21 1 6 12.406 12.406 1 12 -42.02 -42.021 1 16 0.659 0.659 1 4 Yes
q1414845 Dugardin Eléonore TSTAT 987317 2023-11-13 15:00:49 NA 3 NA 12 0 8 NA 9.951 0 9 90.723 95.75 0 15 0.383 0.448 0 0 Yes, Grade 0
q1415243 Bérard Romain ATSTAT 826521 2023-11-21 15:13:48 NA 4 NA 17 0 6 NA 12.73 0 10 NA 89.62 0 14 NA 0.452 0 0 No
q1416060 Tanghe Margot ATSTAT 843224 2023-11-23 12:03:25 NA 3 14 14 1 8 11.045 11.045 1 12 -44 -44 1 15 0.145 0.145 1 4 Yes
q1417404 Lamaire Jelle ATSTAT 840365 2023-11-21 11:52:19 NA 3 14 14 1 5 6.523 6.523 1 9 86.84 86.84 1 14 0.179 0.179 1 4 Yes
q1417470 Notredame Michiel ATSTAT 842975 2023-11-21 16:24:19 NA 3 12 12 1 8 10.976 10.976 1 9 90.713 90.71 1 14 0.41 0.41 1 4 Yes
q1417520 Vandenameele-Lepla Emma TSTAT 849792 2023-11-13 11:07:04 NA 1 20 20 1 5 6.772 6.772 1 10 90.608 90.61 1 13 0.445 0.445 1 4 Yes
q1417548 Alexander Elly ATSTAT 845860 2023-11-21 13:42:16 NA 3 12 12 1 5 6.556 6.556 1 9 96.127 96.13 1 16 0.602 0.602 1 4 Yes
q1417591 Willemen Marie TSTAT 857790 2023-11-23 12:03:25 NA 3 18 12 0 5 6.837 6.837 1 10 97.737 97.74 1 14 0.46 0.46 1 3 Yes
q1417726 Vanvuchelen Emma TSTAT 840373 2023-11-22 11:35:19 NA 3 13 13 1 6 12.997 12.997 1 10 83.828 83.83 1 15 0.111 0.111 1 4 Yes
q1417882 Van Sanden Campos Thomas TSTAT 852852 2023-11-23 12:08:19 NA 1 19.5 20 0 8 1.34 9.744 0 11 -39.253 -41.923 0 14 0.469 0.324 0 0 Yes, Grade 0
q1418628 Langedock Merijn TSTAT 854447 2023-11-21 22:10:17 NA 4 14 14 1 7 5.283 5.283 1 12 -38.45 -38.446 1 15 0.088 0.088 1 4 Yes
q1420929 Kusters Quinten TSTAT 848702 2023-11-18 10:34:55 NA 3 13 13 1 7 5.566 5.566 1 9 88.541 88.54 1 13 0.636 0.636 1 4 Yes
q1421272 Sustronck Daan ATSTAT 840363 2023-11-13 11:17:48 NA 3 14 14 1 7 6.189 5.869 0 9 94.12 93.7 0 16 0.475 0.45 0 1 Yes
q1421875 Claeys Simon TSTAT 841437 2023-11-22 14:21:20 NA 3 13 13 1 7 5.484 5.484 1 11 -40.92 -40.915 1 15 0.579 0.579 1 4 Yes
q1422297 Vermeulen Emiel TSTAT 848699 2023-11-21 23:06:22 NA 1 20 20 1 5 6.75 6.75 1 11 NA -39.578 0 15 NA 0.107 0 2 Yes
q1422656 Nguyên Ha ATSTAT 822400 2023-11-21 22:08:22 NA 1 21 18 0 8 7.167 10.734 0 11 -38.822 -42.729 0 15 0.1894 0.133 0 0 Yes, Grade 0
q1422979 Pierlé Siemon TSTAT 845319 2023-11-18 16:06:45 NA 3 12 12 1 5 6.357 6.357 1 11 -36.814 -38.371 0 14 0.208 0.209 1 3 Yes
q1423105 Shaposhnik Gal ATSTAT 829522 2023-11-21 19:40:17 NA 3 13 13 1 7 6.616 5.387 0 10 94.494 94.49 1 16 0.354 0.354 1 3 Yes
q1423904 Hufkens Rob TSTAT 849831 2023-11-23 12:01:21 NA 2 428 21 0 6 113.737 11.667 0 9 NA 90.26 0 15 0.498 0.469 0 0 Yes, Grade 0
q1425926 Verhoeven Arnaud TSTAT 855910 2023-11-21 17:00:49 NA 1 NA 20 0 7 NA 5.293 0 9 NA 99.34 0 16 NA 0.527 0 0 No
q1426547 Happaerts Robbe TSTAT 856853 2023-11-12 17:35:44 NA 2 NA 21 0 5 NA 6.621 0 11 NA -39.1 0 13 NA 0.483 0 0 No
q1426862 Vanbergen Jan TSTAT 1006876 2023-11-13 09:51:42 NA 3 12 12 1 8 11.131 11.131 1 11 -38.784 -38.784 1 14 0.554 0.554 1 4 Yes
q1426875 Bossuyt Edward TSTAT 848195 2023-11-21 12:30:48 NA 1 21 18 0 8 10.862 10.951 0 9 93.344 74.02 0 15 0.532 0.684 0 0 Yes, Grade 0
q1427375 Soenen Ian TSTAT 1007329 2023-11-13 10:00:33 NA 3 12 12 1 7 5.041 5.041 1 9 94.646 94.65 1 16 0.352 0.352 1 4 Yes
q1429085 Kets Alexander ATSTAT 858235 2023-11-21 20:13:17 NA 2 21 21 1 8 11.253 11.253 1 10 79.72 79.72 1 16 0.789 0.789 1 4 Yes
q1429523 Merckx Noah ATSTAT 850183 2023-11-21 12:38:14 NA 3 14 14 1 7 5.591 5.591 1 11 -41.484 -41.484 1 13 0.043 0.043 1 4 Yes
q1431120 Van de Meersch Stephania ATSTAT 836179 2023-11-22 12:06:19 NA 1 NA 20 0 6 NA 11.003 0 10 NA 85.4 0 14 NA 0.677 0 0 No
q1431466 Peeters Olivia TSTAT 843227 2023-11-20 12:48:08 NA 4 28 14 0 8 11.074 11.074 1 10 87.913 87.91 1 15 0.441 0.574 0 2 Yes
q1433332 Meukens Dries TSTAT 838586 2023-11-23 11:57:18 NA 3 14 14 1 6 12.264 12.264 1 11 -42.755 -42.755 1 14 0.2635 0.264 1 4 Yes
q1434794 Naeyaert Maxim TSTAT 829111 2023-11-19 15:47:43 NA 1 18 18 1 8 11.625 11.625 1 11 -37.72 -37.721 1 15 0.167 0.167 1 4 Yes
q1436788 Hanne Thomas ATSTAT 830050 2023-11-22 11:02:17 NA 2 22 22 1 8 11.123 11.123 1 9 89.398 89.4 1 15 0.631 0.592 0 3 Yes
q1438109 Hertoghe Penelope ATSTAT 831191 2023-11-16 12:16:07 NA 1 20 20 1 8 7.336 10.436 0 12 -40.729 -40.729 1 15 0.622 0.622 1 3 Yes
q1439613 Dobbels Christophe TSTAT 836991 2023-11-21 13:34:18 NA 3 14 12 0 7 5.203 5.203 1 10 93.464 93.46 1 16 0.591 0.591 1 3 Yes
q1441532 Vanuytrecht Seth TSTAT 839685 2023-11-23 10:20:51 NA 3 20 14 0 6 11.721 11.721 1 12 -23.695 -35.079 0 16 0.162 0.586 0 1 Yes
q1442714 Van De Velde Arnaud TSTAT 849351 2023-11-13 10:00:44 NA 3 12 12 1 7 5.245 5.245 1 10 97.067 94.04 0 13 0.622 0.622 1 3 Yes
q1444029 Van Damme Jan-Maarten TSTAT 839145 2023-11-21 14:32:19 NA 1 17.75 20 0 7 6.189 5.53 0 12 -41.11 -41.105 1 15 0.561 0.561 1 2 Yes
q1444310 Oversteyns Thomas ATSTAT 845752 2023-11-21 19:01:19 NA 2 22 22 1 5 6.788 6.788 1 10 88.99 88.99 1 13 0.646 0.646 1 4 Yes
q1444442 Buysschaert Matteo TSTAT 840376 2023-11-18 10:42:03 NA 3 13 13 1 5 8.46 6.814 0 11 -40.47 -40.473 1 14 0.428 0.428 1 3 Yes
q1445403 Bruggheman Arne TSTAT 845210 2023-11-13 09:53:45 NA 1 17 17 1 8 10.21 10.21 1 10 84.857 84.86 1 16 0.235 0.235 1 4 Yes
q1446571 Praet Julie TSTAT 856927 2023-11-21 17:20:18 NA 4 17 17 1 8 10.049 10.049 1 9 90.01 90.01 1 13 0.411 0.411 1 4 Yes
q1446659 De Baere Arthur TSTAT 847242 2023-11-18 13:48:47 NA 2 21 21 1 7 5.648 5.648 1 9 77.915 77.91 1 15 0.648 0.648 1 4 Yes
q1456891 Verhamme Lukas ATSTAT 848774 2023-11-17 12:11:46 NA 2 21 21 1 5 6.563 6.563 1 12 -44.147 -44.147 1 16 0.489 0.489 1 4 Yes
q1457300 Coussée Lucas TSTAT 856223 2023-11-21 15:11:16 NA 4 14 14 1 8 11.806 11.802 0 9 93.344 93.34 1 14 0.558 0.558 1 3 Yes
q1458990 Clinck Benjamin TSTAT 856230 2023-11-23 11:17:20 NA 4 14 14 1 8 11.254 11.254 1 12 -33.441 -33.441 1 15 0.336 0.162 0 3 Yes
q1460275 Van Lishout Matthias TSTAT 853655 2023-11-17 17:14:44 NA 1 NA 18 0 5 NA 6.53 0 12 NA -36.877 0 13 NA 0.811 0 0 No
q1463379 Vanvuchelen Lukas TSTAT 859507 2023-11-18 20:41:35 NA 1 21 20 0 6 31.16 13.227 0 12 -34.849 -36.417 0 16 0.265 0.265 1 1 Yes
q1464010 Moens Gabrielle ATSTAT 860123 2023-11-22 13:32:49 NA 2 21 21 1 5 6.504 6.504 1 9 89.065 89.06 1 13 0.353 0.353 1 4 Yes
q1465365 Ben Jaballah Siwar ATSTAT 861313 2023-11-21 17:01:18 NA 4 10 17 0 6 8.438 12.182 0 12 -31.333 -41.288 0 16 0.48 0.499 0 0 Yes, Grade 0
q1466577 Ben Krid Lynda ATSTAT 862117 2023-11-21 19:07:17 NA 3 12 12 1 8 NA 12.415 0 12 -29.793 -32.13 0 14 NA 0.633 0 1 Yes
q1483322 Fong Marco Chi Chung ATSTAT 865521 2023-11-10 08:19:55 NA 3 0 14 0 6 12.261 12.261 1 12 -39.523 -41.243 0 13 0.471 0.484 0 1 Yes
q1503943 Quan Xinru ATSTAT 868854 2023-11-17 16:17:55 NA 3 14 14 1 8 12.237 12.237 1 9 82.01 82.01 1 14 0.32 0.286 0 3 Yes
q1510610 Wright Aaron ATSTAT 872170 2023-11-15 16:52:06 NA 3 15 14 0 5 0 6.485 0 9 93.48 93.48 1 16 0 0.47 0 1 Yes
q1516941 Xu Lujing ATSTAT 875624 2023-11-22 17:28:02 NA 1 20 20 1 7 5.85 5.85 1 10 87.611 87.61 1 16 0.519 0.519 1 4 Yes
q1521055 Hertoghe Orhiane ATSTAT 877330 2023-11-15 13:22:09 NA 2 21 21 1 6 11.63 11.63 1 11 -42.456 -42.456 1 15 47.707 0.477 0 3 Yes
q1521204 Van Der Elst Romain ATSTAT 876875 2023-11-22 19:20:21 NA 4 17 17 1 5 6.698 6.698 1 11 -41.44 -41.445 1 15 0.564 0.564 1 4 Yes
q1524479 Lion Anne-Éline ATSTAT 879584 2023-11-13 16:49:31 NA 3 12 12 1 7 5.662 5.662 1 12 -39.7 -39.702 1 16 0.549 0.549 1 4 Yes
q1546353 Hsu Zhe-Rong ATSTAT 909221 2023-11-16 17:09:08 NA 4 13 13 1 5 6.787 6.787 1 12 -40.146 -40.146 1 16 0.433 0.433 1 4 Yes
q1554537 Özdemir Irmak ATSTAT 910880 2023-11-22 12:31:23 NA 4 13 13 1 7 5.138 5.138 1 9 88.995 89 1 13 0.713 0.713 1 4 Yes
q1570527 Li Yining ATSTAT 911246 2023-11-22 07:46:49 NA 4 NA 17 0 7 NA 5.361 0 12 NA -38.629 0 13 NA 0.28 0 0 No
q1579772 Vernik Anamarija ATSTAT 912906 2023-11-21 15:12:18 NA 1 20 20 1 8 11.372 11.372 1 10 84.325 84.87 0 15 0.182 0.144 0 2 Yes
q1592209 Bayar İdil MMENG 919653 2023-11-13 22:59:49 NA 3 13 13 1 7 5.712 5.712 1 10 83.009 82.34 0 15 0.461 0.425 0 2 Yes
q1594195 Ochoa Ruiz Godoy Juan Pablo ATSTAT 920194 2023-11-23 11:17:19 NA 2 21 21 1 6 13.484 13.484 1 10 89.829 85.74 0 16 0.433 0.387 0 2 Yes
q1594364 Liubomschii Gleb ATSTAT 920359 2023-11-14 03:44:24 NA 1 19.5 18 0 7 37.094 5.38 0 10 89.952 86.63 0 13 NA 0.584 0 0 Yes, Grade 0
q1595167 Budak Ecem ATSTAT 921238 2023-11-10 13:04:27 NA 1 20 20 1 7 5.795 5.795 1 11 -41.814 -41.814 1 13 0.667 0.667 1 4 Yes
q1595183 Zhang Ziyun ATSTAT 920695 2023-11-20 16:20:11 NA 4 11.5 14 0 8 21.376 9.936 0 11 -37.064 -40.862 0 13 0.557 0.633 0 0 Yes, Grade 0
q1595756 Russo Julian ATSTAT 959316 2023-11-22 17:29:16 NA 4 13 13 1 6 5.778 11.305 0 10 99.227 83.43 0 15 0.42 0.401 0 1 Yes
q1596453 Iosifides Diana ATSTAT 921635 2023-11-22 12:39:18 NA 2 18 20 0 5 8.487 7.005 0 11 -36.876 -41.219 0 13 0.535 0.673 0 0 Yes, Grade 0
q1601101 Pirlot Louise ATSTAT 924476 2023-11-22 15:47:09 NA 2 21 21 1 8 10.223 10.223 1 11 -41.945 -41.945 1 14 0.448 0.448 1 4 Yes
q1603448 Dikranian Louise ATSTAT 926522 2023-11-16 18:40:11 NA 1 20 20 1 6 14.239 14.239 1 11 -44.32 -44.323 1 13 0.601 0.601 1 4 Yes
q1604883 Marchal Arnauld ATSTAT 926905 2023-11-07 10:33:25 NA 4 NA 14 0 8 NA 10.201 0 9 NA 90.07 0 15 NA 0.057 0 0 No
q1610706 Van Elder Juan ATSTAT 931624 2023-11-21 16:46:19 NA 1 18 18 1 7 5.33 5.334 0 12 -33.911 -35.243 0 16 0.596 0.488 0 1 Yes
q1634704 Faina Andrea ATSTAT 960866 2023-11-23 00:12:16 NA 2 21 21 1 5 6.484 6.79 0 12 -38.878 -39.731 0 14 0.539 0.602 0 1 Yes
q1644875 Chou Yu-Hsi ATSTAT 960489 2023-11-22 20:48:02 NA 2 18.25 21 0 5 NA 6.469 0 12 -39.47 -39.477 1 14 NA 0.193 0 1 Yes
q1648730 Sercan Ozan MMENG 961607 2023-11-13 10:20:33 NA 3 13 13 1 7 5.085 5.476 0 10 86.617 86.62 1 13 0.553 0.553 1 3 Yes
q1651277 Wang Jiaqi ATSTAT 962781 2023-11-14 21:33:11 NA 2 21 21 1 6 11.585 11.585 1 12 -42.17 -42.173 1 16 0.354 0.354 1 4 Yes
q1664193 Sánchez Henao Andres ATSTAT 964247 2023-11-20 19:36:11 NA 4 14 14 1 5 6.419 6.419 1 12 -38.436 -36.372 0 13 0.134 0.137 0 2 Yes
q1666820 Elhan Utku ATSTAT 965375 2023-11-17 17:06:42 NA 3 14.5 13 0 5 6.595 6.594 1 11 -36.7 -38.902 0 14 0.464 0.678 0 1 Yes
q1668165 Doğan Mertcan ATSTAT 965972 2023-11-21 14:12:16 NA 2 21 21 1 6 11.324 11.324 1 9 96.741 94.95 0 14 0.097 0.05 0 2 Yes
q1671175 Durgun Yiğit ATSTAT 967847 2023-11-19 21:23:30 NA 2 21 21 1 5 6.453 6.265 0 9 87.013 85.14 0 13 0.175 0.52 0 1 Yes
q1672034 Bossut Lorris ATSTAT 968263 2023-11-20 15:16:12 NA 2 21 21 1 8 10.874 10.808 0 10 84.961 86.15 0 14 0.457 0.392 0 1 Yes
q1686165 Van Lancker Sem TSTAT 993441 2023-11-21 18:36:17 NA 2 21 21 1 5 6.944 6.944 1 11 -42.656 -42.656 1 13 0.17 0.17 1 4 Yes
q1688859 Akdağcık Zeynep ATSTAT 972298 2023-11-09 20:24:55 NA 3 12 12 1 6 12.441 12.441 1 12 89.678 -39.839 0 14 0.584 0.584 1 3 Yes
q1689440 Van der Heyden Sebastien ATSTAT 1007369 2023-11-22 12:54:18 NA 4 NA 14 0 5 NA 6.929 0 11 NA -40.126 0 13 NA 0.427 0 0 No
q1689517 Chung Ya Chi XXX ATSTAT 974859 2023-11-22 20:42:09 NA 1 0.17 20 0 5 6.566 6.566 1 11 -34.653 -40.822 0 15 0.338 0.27 0 1 Yes
q1691076 Paglia Irene ATSTAT 973915 2023-11-21 16:59:16 NA 2 22 22 1 8 11.568 11.568 1 10 88.274 88.27 1 16 0.454 0.454 1 4 Yes
q1691101 Akar Ezgi ATSTAT 973549 2023-11-15 19:34:11 NA 3 13.5 14 0 5 7.074 7.074 1 9 90.183 93.54 0 15 0.622 0.613 0 1 Yes
q1691131 Bilgin Utku MMENG 973924 2023-11-13 13:30:44 NA 3 13.5 14 0 8 10.416 10.416 1 10 91.782 89.63 0 14 0.204 0.204 1 2 Yes
q1691278 Eraslan Nur ATSTAT 973829 2023-11-19 21:23:30 NA 4 14 14 1 7 4.99 5.326 0 10 89.083 83.92 0 14 0.207 0.192 0 1 Yes
q1691758 Hanenberg Philip ATSTAT 973994 2023-11-13 13:05:30 NA 4 14 14 1 8 5 11.259 0 12 -36.968 -37.83 0 13 0.15 0.132 0 1 Yes
q1691766 Kurt Umut ATSTAT 973997 2023-11-21 23:49:49 NA 2 21 21 1 5 6.699 6.699 1 10 96.583 96.58 1 16 0.507 0.506 1 4 Yes
q1692171 Contini Gabriel MMENG 974708 2023-11-06 11:20:36 NA 1 NA 20 0 7 NA 5.316 0 9 NA 83.39 0 16 NA 0.61 0 0 No
q1692486 Willimès Marie ATSTAT 977726 2023-11-21 19:05:18 NA 1 20 20 1 5 6.744 6.744 1 11 -37.27 -39.259 0 13 0.331 0.331 1 3 Yes
q1693211 Bouzouina Yasmine Aimina ATSTAT 1010724 2023-11-17 16:28:42 NA 1 20 20 1 5 0.135 6.765 0 12 36764 -37.572 0 16 NA 0.329 0 1 Yes
q1693795 Gasparro Jonah Carmine ATSTAT 975215 2023-11-20 17:08:17 NA 3 12 12 1 7 5.558 5.558 1 10 99.899 99.9 1 16 0.566 0.566 1 4 Yes
q1694896 Liu Wei ATSTAT 975683 2023-11-22 09:15:18 NA 2 0.799 21 0 6 23.825 13.597 0 11 -43.522 -42.282 0 13 1.583 0.459 0 0 Yes, Grade 0
q1695246 Paolucci Giulia ATSTAT 975995 2023-10-10 14:36:47 NA 4 NA 17 0 7 NA 5.772 0 11 NA -44.14 0 15 NA 0.492 0 0 No
q1696366 Sallai Réka ATSTAT 977047 2023-11-09 20:32:14 NA 2 NA 21 0 8 NA 10.07 0 9 NA 90.37 0 15 NA 0.095 0 0 No
q1697837 Vereecken Remi ATSTAT 977839 2023-11-11 20:18:42 NA 3 NA 13 0 6 NA 11.541 0 12 NA -42.849 0 14 NA 0.452 0 0 No
q1698043 Amoros Achile Oscar Jean MMENG 977687 2023-09-25 17:58:25 NA 1 NA 20 0 5 NA 7.05 0 10 NA 91.19 0 13 NA 0.574 0 0 No
q1698138 Obermeier Simon Jonas Peter ATSTAT 978031 2023-11-20 19:01:14 NA 2 21 21 1 8 8.552 10.704 0 12 -40.11 -40.108 1 15 0.042 0.042 1 3 Yes
q1698184 Gillieaux Emile ATSTAT 997002 2023-11-13 13:51:43 NA 4 NA 14 0 6 NA 12.077 0 9 NA 92.5 0 16 NA 0.397 0 0 No
q1698309 Cludts Théodore ATSTAT 980042 2023-11-21 11:05:16 NA 4 NA 14 0 6 NA 11.222 0 12 NA -38.218 0 13 NA 0.869 0 0 No
q1699405 Blanchez Charlotte ATSTAT 978493 2023-11-21 18:27:19 NA 3 10.5 13 0 6 8.889 11.997 0 10 90.573 88.43 0 13 1.615 0.473 0 0 Yes, Grade 0
q1699451 Carraro Daniel ATSTAT 978390 2023-11-22 11:10:18 NA 3 14 14 1 6 11.964 11.964 1 10 87.117 87.12 1 16 0.36 0.36 1 4 Yes
q1699704 Seck Marcolin Yacine MMENG 979224 2023-11-13 18:13:00 NA 3 14.5 12 0 6 7.207 12.993 0 11 -39.379 -43.378 0 14 0.493 0.622 0 0 Yes, Grade 0
q1700739 Ferreira Machado José Miguel MMENG 980333 2023-11-20 13:31:12 NA 2 20 21 0 7 5.584 5.584 1 9 90.268 90.27 1 13 0.018 0.018 1 3 Yes
q1702737 David Henri ATSTAT 981596 2023-11-17 18:12:54 NA 2 NA 21 0 8 NA 9.885 0 12 NA -44.173 0 15 NA 0.175 0 0 No
q1702981 Alves Ribeiro Coelho Guilherme MMENG 982163 2023-11-22 15:50:20 NA 1 20 20 1 5 6.581 6.581 1 11 -40.31 -40.305 1 13 0.441 0.441 1 4 Yes
q1712528 De Waele Axel TSTAT 987657 2023-11-17 14:25:42 NA 2 21 21 1 7 5.488 5.488 1 9 97.383 97.38 1 13 0.123 0.123 1 4 Yes
q1722093 De Quinnemar Louise ATSTAT 1007543 2023-10-19 20:02:47 NA 3 NA 12 0 5 NA 6.262 0 11 NA -42.051 0 13 NA 0.048 0 0 No
q1727021 Lombardi Damien ATSTAT 1007401 2023-11-22 19:18:19 NA 3 14 14 1 7 14.372 5.575 0 12 -37561 -37.831 0 16 0.498 0.492 0 1 Yes
q1729368 Cappuyns Jonas TSTAT 1006130 2023-11-21 11:37:16 NA 4 14 14 1 6 12.751 12.751 1 10 88.43 88.43 1 16 0.315 0.315 1 4 Yes
q1729905 Caty Ralph TSTAT 1007388 2023-11-17 10:43:54 NA 1 20 20 1 7 5.24 5.24 1 11 -37.779 -37.779 1 13 0.123 0.123 1 4 Yes
