ID YEAR COMPANYAGE RnDEXPEND REVENUE
1 1994 0.441818181818182 0.470022213845634 4.68124942872153
1 1995 0.487272727272727 0.123655871658284 3.31947215531169
1 1996 0.532727272727273 0.17608490483863 3.50837826278183
1 1997 0.578181818181818 0.206715088545935 3.62034181058871
1 1998 0.623636363636364 0.109349145012769 3.23281288814245
1 1999 0.669090909090909 0.254166689946656 3.78119912042199
1 2000 0.714545454545455 0.192267858683389 3.52373584104161
1 2001 0.76 0.323093256669884 4.03629937741333
1 2002 0.805454545454545 0.373370248065952 4.18901650955577
3 1994 0.578181818181818 0.256517220425403 3.81080289238701
3 1995 0.623636363636364 0.240507752791485 3.73234505817187
3 1996 0.669090909090909 0.609314369971138 5.164735737098
3 1997 0.714545454545455 0.225529616505255 3.67366029670992
3 1998 0.76 0.297139733901785 3.90151303832592
3 1999 0.805454545454545 0.440514362435054 4.4405168647088
3 2000 0.850909090909091 0.266381022184105 3.77385692289209
3 2001 0.896363636363636 0.470406458897531 4.54253952612884
3 2002 0.941818181818182 0.232207580627999 3.59599896535331
4 1994 0.521363636363636 0.167139561567184 3.47443491686523
4 1995 0.566818181818182 0.280843180452084 3.90168539926338
4 1996 0.612272727272727 0.0698452922988028 3.07821556518233
4 1997 0.657727272727273 0.404106504708537 4.36573616968051
4 1998 0.703181818181818 0.327178452832099 4.04652370052307
4 1999 0.748636363636364 0.14322347848924 3.30697503457961
4 2000 0.794090909090909 0.269891403693388 3.79873799414548
4 2001 0.839545454545455 0.196304317241263 3.49587785519331
4 2002 0.885 0.359686119258911 4.10172235779352
5 1994 0.0327272727272727 0.244842809758075 3.94045622949638
5 1995 0.0781818181818182 0.177746726487074 3.66279901368314
5 1996 0.123636363636364 0.107819839957843 3.37204694870862
5 1997 0.169090909090909 0.320945496020772 4.18950685765265
5 1998 0.214545454545455 0.151055731429356 3.5249246522856
5 1999 0.26 0.35390519014912 4.27001837710789
5 2000 0.305454545454545 0.659461985069885 5.45724929794847
5 2001 0.350909090909091 0.289888864271068 4.03399007871076
5 2002 0.396363636363636 0.606684535978284 5.22219867556897
7 1994 0.373636363636364 0.347234696853146 4.21733906440518
7 1995 0.419090909090909 0.422129745158325 4.49052163635328
7 1996 0.464545454545455 0.333843576444499 4.13913325883983
7 1997 0.51 0.244988089156063 3.78918400786464
7 1998 0.555454545454545 0.152151260339078 3.42445311919923
7 1999 0.600909090909091 0.528667432329439 4.86386837923752
7 2000 0.646363636363636 0.508516876652311 4.76846124409315
7 2001 0.691818181818182 0.406752059895831 4.36382404044545
7 2002 0.737272727272727 0.180175914183082 3.46657019163557
8 1994 0.01 0.507787933261717 4.93889614988167
8 1995 0.0554545454545455 0.437731506384838 4.66535206887052
8 1996 0.100909090909091 0.285904468629318 4.07260428026779
8 1997 0.146363636363636 0.315721414752373 4.17761804371605
8 1998 0.191818181818182 0.350822056129002 4.31612501067566
8 1999 0.237272727272727 0.499026770563358 4.85582971810063
8 2000 0.282727272727273 0.32806537990457 4.18995599671732
8 2001 0.328181818181818 0.0940128899358672 3.26974210600129
8 2002 0.373636363636364 0.250520695976274 3.85305060459894
9 1994 0.521363636363636 0.288676609509475 3.94165081818366
9 1995 0.566818181818182 0.265698965232337 3.84670202327233
9 1996 0.612272727272727 0.278905443005074 3.88655304534611
9 1997 0.657727272727273 0.343225958822963 4.11969320754644
9 1998 0.703181818181818 0.176185852861303 3.45887860963632
9 1999 0.748636363636364 0.328164788566838 4.04244430131311
9 2000 0.794090909090909 0.285236489890222 3.84379113407931
9 2001 0.839545454545455 0.15582048475223 3.33924751335533
9 2002 0.885 0.371680708553 4.14482733105747
11 1994 0.555454545454545 0.191212718274268 3.55958794102804
11 1995 0.600909090909091 0.358451403787387 4.18793536754061
11 1996 0.646363636363636 0.25373452893527 3.78752761152251
11 1997 0.691818181818182 0.309676940125261 3.97119799895851
11 1998 0.737272727272727 0.247488069539671 3.73579726778847
11 1999 0.782727272727273 0.393476055841962 4.28318922012745
11 2000 0.828181818181818 0.271324010518903 3.78990749416972
11 2001 0.873636363636364 0.409833540716644 4.31342981250279
11 2002 0.919090909090909 0.285661255831601 3.81208043207984
12 1994 0.0327272727272727 0.471953583653205 4.82615721623424
12 1995 0.0781818181818182 0.23664897312423 3.89329364151072
12 1996 0.123636363636364 0.283218587691945 4.05112400575908
12 1997 0.169090909090909 0.344942775130049 4.27420391396467
12 1998 0.214545454545455 0.261742626885114 3.95819190844587
12 1999 0.26 0.731837057162162 5.73859838783125
12 2000 0.305454545454545 0.331371939766024 4.18283216755924
12 2001 0.350909090909091 0.193473230728371 3.6416973420612
12 2002 0.396363636363636 0.250154155258657 3.82501749027647
15 1994 0.350909090909091 0.209697521405822 3.6781119264721
15 1995 0.396363636363636 0.225196820779748 3.75214870344164
15 1996 0.441818181818182 0.148174549318773 3.44338414636587
15 1997 0.487272727272727 0.248608310552591 3.81758130421939
15 1998 0.532727272727273 0.425113818989599 4.46777499557899
15 1999 0.578181818181818 0.309782809610221 4.02755987566956
15 2000 0.623636363636364 0.461026242189177 4.58285476922477
15 2001 0.669090909090909 0.190500121575459 3.53086256733061
15 2002 0.714545454545455 0.342426611209626 4.08248895363859
16 1994 0.135 0.169998436518218 3.62372950670945
16 1995 0.180454545454545 0.248714873984862 3.89356688987684
16 1996 0.225909090909091 0.284820727044076 4.04150205768343
16 1997 0.271363636363636 0.296651532821601 4.06848540553225
16 1998 0.316818181818182 0.429027527009594 4.55702102757936
16 1999 0.362272727272727 0.15025423426767 3.45769675391442
16 2000 0.407727272727273 0.357700874266965 4.26293657295726
16 2001 0.453181818181818 0.390002455227898 4.36391417581194
16 2002 0.498636363636364 0.214464273081037 3.66416989840502
17 1994 0.646363636363636 0.501314603447249 4.74288015823569
17 1995 0.691818181818182 0.355314899407879 4.14951791780122
17 1996 0.737272727272727 0.402399828024633 4.31964872497189
17 1997 0.782727272727273 0.243857443578288 3.71441296410103
17 1998 0.828181818181818 0.291320836433729 3.86109038690917
17 1999 0.873636363636364 0.164204962855179 3.3661782605095
17 2000 0.919090909090909 0.250839656782769 3.69014538603903
17 2001 0.964545454545455 0.195832484600133 3.46824619524767
17 2002 1.01 0.472011299822575 4.5108368512275
18 1994 0.294090909090909 0.115731839700227 3.36258097070272
18 1995 0.339545454545455 0.293581738486031 4.03976073777858
18 1996 0.385 0.175215189371195 3.57610373453311
18 1997 0.430454545454545 0.158357482632068 3.4602236190417
18 1998 0.475909090909091 0.563372930387306 5.04573845235334
18 1999 0.521363636363636 0.188186443623162 3.56174569340387
18 2000 0.566818181818182 0.282787264763475 3.89822424914848
18 2001 0.612272727272727 0.0635488310803384 3.08335646084383
18 2002 0.657727272727273 0.415406938270041 4.39117154089711
19 1994 0.373636363636364 0.439381110447671 4.59017508778481
19 1995 0.419090909090909 0.44160700306796 4.56372597236255
19 1996 0.464545454545455 0.274568799634771 3.91002169428763
19 1997 0.51 0.364904571551938 4.2542059152386
19 1998 0.555454545454545 0.691135722645688 5.49814891919025
19 1999 0.600909090909091 0.286981766100047 3.91868714761751
19 2000 0.646363636363636 0.311622463375964 4.01889339483729
19 2001 0.691818181818182 0.309335896449934 3.97554519821481
19 2002 0.737272727272727 0.294102896854876 3.91358878332925
20 1994 0.441818181818182 0.20015189488721 3.62293512849154
20 1995 0.487272727272727 0.341536382422795 4.18077753093844
20 1996 0.532727272727273 0.19041114221929 3.562486900244
20 1997 0.578181818181818 0.443681050111795 4.52850377689309
20 1998 0.623636363636364 0.0645022320905725 3.05033001728966
20 1999 0.669090909090909 0.171385003133074 3.45739449931853
20 2000 0.714545454545455 0.460100316721926 4.54288298248375
20 2001 0.76 0.435100335231404 4.44193854653464
20 2002 0.805454545454545 0.332896163399356 4.03471910843368
21 1994 0.578181818181818 0.104048753566076 3.22088010549663
21 1995 0.623636363636364 0.538549189681024 4.89840923439137
21 1996 0.669090909090909 0.374700829918023 4.25750930149765
21 1997 0.714545454545455 0.318771962430028 4.01470255961948
21 1998 0.76 0.223886810336278 3.62878106417425
21 1999 0.805454545454545 0.289979015394507 3.87940537422028
21 2000 0.850909090909091 0.358417202633006 4.13372261463137
21 2001 0.896363636363636 0.405583094903007 4.29429060197391
21 2002 0.941818181818182 0.2945759278509 3.86044044292362
24 1994 0.237272727272727 0.369348390889712 4.34130466323853
24 1995 0.282727272727273 0.310180689638007 4.0962466432868
24 1996 0.328181818181818 0.371655158838097 4.31675263738467
24 1997 0.373636363636364 0.225713433742487 3.76712735601114
24 1998 0.419090909090909 0.385086464970948 4.35393259806753
24 1999 0.464545454545455 0.449662822591043 4.58473201477263
24 2000 0.51 0.0884701640097409 3.19073206184193
24 2001 0.555454545454545 0.352787857426082 4.18817499007911
24 2002 0.600909090909091 0.222691147661133 3.68563933349889
25 1994 0.237272727272727 0.397642649136053 4.46138961592764
25 1995 0.282727272727273 0.161742392898675 3.54019145986136
25 1996 0.328181818181818 0.305761805322025 4.08026577271927
25 1997 0.373636363636364 0.107391424244742 3.30506373242562
25 1998 0.419090909090909 0.448230360737648 4.61107708210954
25 1999 0.464545454545455 0.336346812294635 4.14476682558228
25 2000 0.51 0.390561153109648 4.3231396671462
25 2001 0.555454545454545 0.914846538561321 6.33458058483798
25 2002 0.600909090909091 0.301307612182331 3.97967638808904
27 1994 0.555454545454545 0.218771637884332 3.65862905461293
27 1995 0.600909090909091 0.214664526045129 3.65243802979241
27 1996 0.646363636363636 0.553535390456448 4.95479592128672
27 1997 0.691818181818182 0.545819966529653 4.9150951172286
27 1998 0.737272727272727 0.278667135407842 3.86242950669719
27 1999 0.782727272727273 0.364703814595578 4.15503873356453
27 2000 0.828181818181818 0.135905253176986 3.27478912903608
27 2001 0.873636363636364 0.195266062506267 3.48523551382191
27 2002 0.919090909090909 0.271535812359232 3.7627463359517
28 1994 0.521363636363636 0.227875786520077 3.71034275778381
28 1995 0.566818181818182 0.124579101061215 3.30529525987847
28 1996 0.612272727272727 0.261032982062431 3.80926908317725
28 1997 0.657727272727273 0.303676362421848 3.96172358414468
28 1998 0.703181818181818 0.195889521523292 3.50914664628398
28 1999 0.748636363636364 0.198145422254477 3.50650233837681
28 2000 0.794090909090909 0.43467648629049 4.42828213377554
28 2001 0.839545454545455 0.199043603182012 3.52315607097081
28 2002 0.885 0.295151063408426 3.86782448780632
29 1994 0.180454545454545 0.174110152826491 3.63112665268786
29 1995 0.225909090909091 0.301052527898184 4.10654440872438
29 1996 0.271363636363636 0.298973829616941 4.08767745167316
29 1997 0.316818181818182 0.223162035590517 3.76855902970512
29 1998 0.362272727272727 0.278835626607797 3.96889214714708
29 1999 0.407727272727273 0.24457448177172 3.81614726518662
29 2000 0.453181818181818 0.297190713165418 4.01505071643715
29 2001 0.498636363636364 0.317029575085347 4.06487050749214
29 2002 0.544090909090909 0.638146424427923 5.27068075473254
30 1994 0.135 0.353779074925344 4.32293234820087
30 1995 0.180454545454545 0.296109108746187 4.09294860249668
30 1996 0.225909090909091 0.245811518184752 3.87122289752318
30 1997 0.271363636363636 0.2839761766357 4.01155217890237
30 1998 0.316818181818182 0.458079110922988 4.67367608293299
30 1999 0.362272727272727 0.351531194992568 4.24302297095382
30 2000 0.407727272727273 0.369558587502403 4.30608553964096
30 2001 0.453181818181818 0.498060239136351 4.78958149322215
30 2002 0.498636363636364 0.339155264710449 4.15847312507185
31 1994 0.464545454545455 0.258178448257049 3.85379964057367
31 1995 0.51 0.317161191148272 4.0856782527686
31 1996 0.555454545454545 0.42027957251783 4.43198829788089
31 1997 0.600909090909091 0.308943341748846 4.00413819584533
31 1998 0.646363636363636 0.180999857436748 3.49833524043147
31 1999 0.691818181818182 0.359289270324822 4.16531230525121
31 2000 0.737272727272727 0.291031857894943 3.88502974294581
31 2001 0.782727272727273 0.258281708237901 3.77115042508107
31 2002 0.828181818181818 0.419996232444717 4.36682870498233
32 1994 0.589545454545455 0.235831132145243 3.72711989267177
32 1995 0.635 0.427762499522199 4.45775959134426
32 1996 0.680454545454545 0.343215854094375 4.13357907180704
32 1997 0.725909090909091 0.274476380775261 3.84569361089071
32 1998 0.771363636363636 0.489557305198963 4.6467603506733
32 1999 0.816818181818182 0.457332316767637 4.49916543071975
32 2000 0.862272727272727 0.24385567288048 3.68622107814662
32 2001 0.907727272727273 0.41496367537558 4.32303408185555
32 2002 0.953181818181818 0.206473826699833 3.50307923188558
33 1994 0.612272727272727 0.463504135686998 4.59191519527257
33 1995 0.657727272727273 0.122216201696125 3.28504384147428
33 1996 0.703181818181818 0.377463052935698 4.26251954255339
33 1997 0.748636363636364 0.217778586132618 3.60172896758312
33 1998 0.794090909090909 0.0952536075398409 3.12090752110473
33 1999 0.839545454545455 0.375566111783096 4.20346728340973
33 2000 0.885 0.262874365691149 3.74068821760833
33 2001 0.930454545454545 0.415758111412356 4.3142000798584
33 2002 0.975909090909091 0.368861321986112 4.12830761875882
34 1994 0.316818181818182 0.0984927397324715 3.29301767518777
34 1995 0.362272727272727 0.176617250016097 3.58134703137352
34 1996 0.407727272727273 0.247797862847642 3.83434329385356
34 1997 0.453181818181818 0.436412124624665 4.55530169791097
34 1998 0.498636363636364 0.319701002484865 4.07604538601129
34 1999 0.544090909090909 0.407409435443945 4.41620657033913
34 2000 0.589545454545455 0.285612628604877 3.9097751454766
34 2001 0.635 0.120707073682495 3.2519903802811
34 2002 0.680454545454545 0.273281316901368 3.83542690846141
36 1994 0.100909090909091 0.454548148236065 4.71045686303084
36 1995 0.146363636363636 0.505703322449325 4.91242343633479
36 1996 0.191818181818182 0.386174197481234 4.4302462350475
36 1997 0.237272727272727 0.187404834979628 3.65536059465828
36 1998 0.282727272727273 0.537620930908226 4.97680920612377
36 1999 0.328181818181818 0.489780917584947 4.80249079681293
36 2000 0.373636363636364 0.149823874770513 3.4661304378508
36 2001 0.419090909090909 0.574035865741017 5.08129906495206
36 2002 0.464545454545455 0.189256642749437 3.59121266222565
37 1994 0.578181818181818 0.458830897358217 4.59412949243467
37 1995 0.623636363636364 0.546081566029863 4.93426681628738
37 1996 0.669090909090909 0.267257104570529 3.82466915633572
37 1997 0.714545454545455 0.30815989917555 3.9774488049238
37 1998 0.76 0.255838013325955 3.74296965299215
37 1999 0.805454545454545 0.601367076857256 5.07172570395368
37 2000 0.850909090909091 0.477873379211189 4.57782398332263
37 2001 0.896363636363636 0.346994814389375 4.0483212895055
37 2002 0.941818181818182 0.31320741502797 3.91724005744352
41 1994 0.521363636363636 0.334132798920396 4.12673104498831
41 1995 0.566818181818182 0.125114713812563 3.28372902994896
41 1996 0.612272727272727 0.515570003153361 4.79680316556382
41 1997 0.657727272727273 0.161027215097429 3.41778550249546
41 1998 0.703181818181818 0.335051422279776 4.08417546222726
41 1999 0.748636363636364 0.348361762474535 4.10757483143431
41 2000 0.794090909090909 0.346179472172119 4.09224809649249
41 2001 0.839545454545455 0.442773507471367 4.44379168639676
41 2002 0.885 0.366380611193119 4.13006323115866
42 1994 0.271363636363636 0.236601921899187 3.81566177164196
42 1995 0.316818181818182 0.346131166030476 4.23602639960584
42 1996 0.362272727272727 0.30353736916964 4.05518738436677
42 1997 0.407727272727273 0.213854736018951 3.70323358388408
42 1998 0.453181818181818 0.200388458249143 3.62059723613415
42 1999 0.498636363636364 0.162630375554596 3.46814221260855
42 2000 0.544090909090909 0.306933588424827 4.0256686621525
42 2001 0.589545454545455 0.315457513020029 4.03132075021423
42 2002 0.635 0.53004456758245 4.87313231200641
43 1994 0.169090909090909 0.359600731804922 4.32310698213031
43 1995 0.214545454545455 0.634317843894436 5.37127519824058
43 1996 0.26 0.249544321208047 3.87683018301702
43 1997 0.305454545454545 0.20120861832296 3.67592343353282
43 1998 0.350909090909091 0.227247680007145 3.77333316370425
43 1999 0.396363636363636 0.214330345235828 3.71578184932029
43 2000 0.441818181818182 0.104350125670975 3.28203034282464
43 2001 0.487272727272727 0.322085284621378 4.08467671491252
43 2002 0.532727272727273 0.250433049217401 3.82577215950781
44 1994 0.271363636363636 0.275729647764214 3.98581873241246
44 1995 0.316818181818182 0.306881850643912 4.10813433821472
44 1996 0.362272727272727 0.408555809065679 4.44052506598198
44 1997 0.407727272727273 0.0533185141298735 3.09165301635699
44 1998 0.453181818181818 0.241893756858559 3.79478662937786
44 1999 0.498636363636364 0.246330891096136 3.79786962904618
44 2000 0.544090909090909 0.262055878084815 3.83367266835298
44 2001 0.589545454545455 0.150768891568624 3.39781791237457
44 2002 0.635 0.38292891371645 4.28153260691373
45 1994 0.566818181818182 0.217671883423177 3.67788477863681
45 1995 0.612272727272727 0.221399080931405 3.65490434985304
45 1996 0.657727272727273 0.190550244590411 3.53443799034753
45 1997 0.703181818181818 0.125524274746396 3.25812063028783
45 1998 0.748636363636364 0.214054526275845 3.60219398078884
45 1999 0.794090909090909 0.295413987253143 3.88452331517208
45 2000 0.839545454545455 0.28541221351605 3.83728851371917
45 2001 0.885 0.183911144739103 3.43263489556767
45 2002 0.930454545454545 0.389289404764022 4.22323368603469
46 1994 0.350909090909091 0.482783822641323 4.75381918369694
46 1995 0.396363636363636 0.223551429891773 3.7465634193296
46 1996 0.441818181818182 0.444337797225707 4.58829182401861
46 1997 0.487272727272727 0.390770305170231 4.37717419114538
46 1998 0.532727272727273 0.23345054613719 3.74356935678268
46 1999 0.578181818181818 0.194898422849411 3.56938993834193
46 2000 0.623636363636364 0.292045907175449 3.91852092298327
46 2001 0.669090909090909 0.222040295507655 3.63930818107259
46 2002 0.714545454545455 0.334569574931583 4.08104406405374
50 1994 0.385 0.18508920251009 3.59919358998957
50 1995 0.430454545454545 0.201748297710241 3.63362698042909
50 1996 0.475909090909091 0.175424753453946 3.53837291887054
50 1997 0.521363636363636 0.223559885381394 3.70496827715403
50 1998 0.566818181818182 0.317002671578814 4.04331386566733
50 1999 0.612272727272727 0.416416092610287 4.42266219724694
50 2000 0.657727272727273 0.262348781058127 3.82347018139909
50 2001 0.703181818181818 0.312638426248513 3.98284469944213
50 2002 0.748636363636364 0.342436351026547 4.10157578817417
51 1994 0.0327272727272727 0.494606184098134 4.88404177312201
51 1995 0.0781818181818182 0.0660774445866041 3.22738473713683
51 1996 0.123636363636364 0.479560407922604 4.81192187822041
51 1997 0.169090909090909 0.49424373972669 4.85595299587554
51 1998 0.214545454545455 0.347534751368386 4.27529366018929
51 1999 0.26 0.512530519470113 4.89940498436212
51 2000 0.305454545454545 0.0989329646727297 3.27822697977156
51 2001 0.350909090909091 0.30261969555241 4.06676572787212
51 2002 0.396363636363636 0.27307070435895 3.93790410833488
54 1994 0.362272727272727 0.16684286739927 3.51311185114158
54 1995 0.407727272727273 0.277031548997464 3.95416990132403
54 1996 0.453181818181818 0.251746493501419 3.83850614334622
54 1997 0.498636363636364 0.134339495191792 3.35555008368983
54 1998 0.544090909090909 0.332120373148316 4.11241346820429
54 1999 0.589545454545455 0.367397665075594 4.21664405073343
54 2000 0.635 0.722467866923458 5.57793424642909
54 2001 0.680454545454545 0.429992896105964 4.4485789516719
54 2002 0.725909090909091 0.238342789016298 3.68632715579246
55 1994 0.237272727272727 0.398191775257396 4.45114036868902
55 1995 0.282727272727273 0.380689365688093 4.39413503858193
55 1996 0.328181818181818 0.383688126452581 4.36219245455962
55 1997 0.373636363636364 0.299218063233182 4.05599345134482
55 1998 0.419090909090909 0.225530367767134 3.74442869374648
55 1999 0.464545454545455 0.578507487991407 5.08257120539801
55 2000 0.51 0.50568604063629 4.78889075384312
55 2001 0.555454545454545 0.679858635600786 5.44756697299467
55 2002 0.600909090909091 0.272594816856424 3.87126058835202
56 1994 0.203181818181818 0.432266860123951 4.59411697597039
56 1995 0.248636363636364 0.167917966151184 3.57494535365429
56 1996 0.294090909090909 0.386558732513657 4.400033631107
56 1997 0.339545454545455 0.540332697853721 4.97935950512233
56 1998 0.385 0.267173054962132 3.89764887206029
56 1999 0.430454545454545 0.188145275911972 3.58426346544737
56 2000 0.475909090909091 0.240653228462612 3.78904123075881
56 2001 0.521363636363636 0.244922687774848 3.77636059795782
56 2002 0.566818181818182 0.31194165864574 4.02573479240611
57 1994 0.589545454545455 0.259167393490316 3.80540512428366
57 1995 0.635 0.314374296800518 4.00946269005796
57 1996 0.680454545454545 0.227869751543036 3.66542582787159
57 1997 0.725909090909091 0.228489086821498 3.66666766933516
57 1998 0.771363636363636 0.255918391142442 3.75725376695824
57 1999 0.816818181818182 0.428523987455698 4.41298228660206
57 2000 0.862272727272727 0.392722592633945 4.23757647631703
57 2001 0.907727272727273 0.376974858161402 4.1810830994851
57 2002 0.953181818181818 0.160167475918484 3.32258609761457
59 1994 0.248636363636364 0.270151649859324 3.95915267707151
59 1995 0.294090909090909 0.11133367796326 3.3363254061882
59 1996 0.339545454545455 0.369620926445484 4.3080273454912
59 1997 0.385 0.29720220637703 4.01456084496893
59 1998 0.430454545454545 0.23359280633193 3.77309047188983
59 1999 0.475909090909091 0.39865923515223 4.38990780983626
59 2000 0.521363636363636 0.320083025552956 4.09045191503754
59 2001 0.566818181818182 0.365762774369758 4.23345560929568
59 2002 0.612272727272727 0.111829444787578 3.24448076223821
61 1994 0.146363636363636 0.135489186626581 3.48601782066786
61 1995 0.191818181818182 0.284017455756339 4.02274134962101
61 1996 0.237272727272727 0.238507856302019 3.86065962318558
61 1997 0.282727272727273 0.400495131319488 4.46857064803542
61 1998 0.328181818181818 0.2305709465223 3.79165643468015
61 1999 0.373636363636364 0.154931758475668 3.47999947497785
61 2000 0.419090909090909 0.633162771130758 5.31794123202989
61 2001 0.464545454545455 0.332026879753059 4.13362845912687
61 2002 0.51 0.247627090760986 3.81243311274736
64 1994 0.350909090909091 0.384812019534863 4.37708315409669
64 1995 0.396363636363636 0.322779039335394 4.09770493243298
64 1996 0.441818181818182 0.0407650364737893 3.01916715002082
64 1997 0.487272727272727 0.360040753893751 4.24458467550551
64 1998 0.532727272727273 0.332821267159742 4.11391805653774
64 1999 0.578181818181818 0.18158877686772 3.49964338789604
64 2000 0.623636363636364 0.153736240050064 3.42027329178212
64 2001 0.669090909090909 0.50380410906969 4.72837155960275
64 2002 0.714545454545455 0.280247594079692 3.86052714094044
66 1994 0.01 0.285642927839302 4.09622004419869
66 1995 0.0554545454545455 0.303663388324417 4.16349354786689
66 1996 0.100909090909091 0.516934600414093 4.97232439765116
66 1997 0.146363636363636 0.26396388841351 3.95001153238172
66 1998 0.191818181818182 0.0885646809748883 3.28828076421573
66 1999 0.237272727272727 0.440843618496666 4.63415551657625
66 2000 0.282727272727273 0.36866989273323 4.32389571740371
66 2001 0.328181818181818 0.295760866790646 4.03087658617398
66 2002 0.373636363636364 0.351603695169196 4.23349422066116
67 1994 0.237272727272727 0.156629737472587 3.54170815577409
67 1995 0.282727272727273 0.178273063044846 3.60638280714997
67 1996 0.328181818181818 0.268490858547323 3.92808939715225
67 1997 0.373636363636364 0.216851440149344 3.70043652274372
67 1998 0.419090909090909 0.46161392089481 4.65158592115334
67 1999 0.464545454545455 0.241859983106347 3.76711466643764
67 2000 0.51 0.266643767998336 3.89058132978615
67 2001 0.555454545454545 0.184762381450358 3.53636217989805
67 2002 0.600909090909091 0.293860193265599 3.93911877995297
68 1994 0.555454545454545 0.204793014160624 3.63984616419912
68 1995 0.600909090909091 0.486592962372395 4.71238778235531
68 1996 0.646363636363636 0.492600105756949 4.69519312420763
68 1997 0.691818181818182 0.400446133235665 4.31836117904353
68 1998 0.737272727272727 0.406713658459406 4.33956299198915
68 1999 0.782727272727273 0.341232942394343 4.07743103714676
68 2000 0.828181818181818 0.514758715098213 4.72725009866745
68 2001 0.873636363636364 0.428828589346237 4.38761823152796
68 2002 0.919090909090909 0.367906578296982 4.13113389207212
69 1994 0.328181818181818 0.641368907341691 5.3481380901722
69 1995 0.373636363636364 0.174503309446627 3.55652296624013
69 1996 0.419090909090909 0.601458166042297 5.19811333912784
69 1997 0.464545454545455 0.329752982841735 4.1344216548416
69 1998 0.51 0.288485109452149 3.95491516861564
69 1999 0.555454545454545 0.305767154536648 4.00435354212109
69 2000 0.600909090909091 0.404140441339815 4.38596194070017
69 2001 0.646363636363636 0.481009043597954 4.66351846775102
69 2002 0.691818181818182 0.581813457453834 5.05050921126191
70 1994 0.169090909090909 0.413012927259537 4.55070019689726
70 1995 0.214545454545455 0.104371797423001 3.33193493277386
70 1996 0.26 0.0810811416340993 3.22702778515844
70 1997 0.305454545454545 0.260329610297272 3.91095909547131
70 1998 0.350909090909091 0.366826429507123 4.32140771577765
70 1999 0.396363636363636 0.337881461979271 4.19023607585898
70 2000 0.441818181818182 0.490137503927845 4.72257281588259
70 2001 0.487272727272727 0.291204185659424 3.98019217333289
70 2002 0.532727272727273 0.136728058412891 3.36108838945717
76 1994 0.589545454545455 0.38913951872162 4.33284887524424
76 1995 0.635 0.426668714992653 4.44164738304049
76 1996 0.680454545454545 0.213003669837996 3.61186504129426
76 1997 0.725909090909091 0.429624424475044 4.43717898642121
76 1998 0.771363636363636 0.167830134534295 3.40357288912607
76 1999 0.816818181818182 0.307076012325013 3.91719425707199
76 2000 0.862272727272727 0.270809183977131 3.76522305855883
76 2001 0.907727272727273 0.326994450609727 3.97920513539568
76 2002 0.953181818181818 0.347595156315474 4.04374011710973
77 1994 0.328181818181818 0.250719795525188 3.86708813324259
77 1995 0.373636363636364 0.39322201546194 4.39856949889832
77 1996 0.419090909090909 0.235483749721167 3.77201804828662
77 1997 0.464545454545455 0.199437319047941 3.61310854227205
77 1998 0.51 0.457632683428163 4.62139130329378
77 1999 0.555454545454545 0.123042684483291 3.32261615220158
77 2000 0.600909090909091 0.173949459356733 3.47933866980726
77 2001 0.646363636363636 0.226396339700605 3.66836456208132
77 2002 0.691818181818182 0.370888564247168 4.21422660725471
78 1994 0.566818181818182 0.487228964096733 4.70063055754536
78 1995 0.612272727272727 0.0921431144472106 3.1526014518532
78 1996 0.657727272727273 0.259652291321278 3.79940359597961
78 1997 0.703181818181818 0.366820958778435 4.19683210457473
78 1998 0.748636363636364 0.358368756182885 4.15555393518391
78 1999 0.794090909090909 0.466307126905529 4.55140546417225
78 2000 0.839545454545455 0.146434671883638 3.31368111894413
78 2001 0.885 0.221040868861027 3.55618961020596
78 2002 0.930454545454545 0.430838646451362 4.36495329255044
79 1994 0.26 0.276368345359542 3.99575924106749
79 1995 0.305454545454545 0.239724212911277 3.83963041373446
79 1996 0.350909090909091 0.631913501584501 5.34827350041414
79 1997 0.396363636363636 0.22768860374727 3.76833105990458
79 1998 0.441818181818182 0.434557988096774 4.54751123208378
79 1999 0.487272727272727 0.671433985999284 5.44427695762012
79 2000 0.532727272727273 0.234028156184613 3.72761653079544
79 2001 0.578181818181818 0.4502832305588 4.55129566017628
79 2002 0.623636363636364 0.203103356553841 3.57591616526311
81 1994 0.566818181818182 0.398249695794411 4.37646013869308
81 1995 0.612272727272727 0.452666414787865 4.55846307107021
81 1996 0.657727272727273 0.183574243462421 3.50116803027296
81 1997 0.703181818181818 0.185260527985154 3.49241542398247
81 1998 0.748636363636364 0.387921074515253 4.25640498454065
81 1999 0.794090909090909 0.378310345089688 4.22021588126099
81 2000 0.839545454545455 0.23047288302145 3.61960405067641
81 2001 0.885 0.192768640565367 3.46352855279805
81 2002 0.930454545454545 0.156437071748687 3.33721895333352
82 1994 0.271363636363636 0.485032451065527 4.7967887016714
82 1995 0.316818181818182 0.114688724557872 3.33560890310753
82 1996 0.362272727272727 0.291042395411151 3.99824132516511
82 1997 0.407727272727273 0.254279117060146 3.85909578028258
82 1998 0.453181818181818 0.492208386606791 4.75499291950414
82 1999 0.498636363636364 0.0944152194630808 3.24390772292073
82 2000 0.544090909090909 0.380162577461309 4.28294914404947
82 2001 0.589545454545455 0.257566585098124 3.81252718168225
82 2002 0.635 0.128066075181106 3.30429417308863
83 1994 0.146363636363636 0.371932718215366 4.39475478670681
83 1995 0.191818181818182 0.487199508274707 4.80381161865647
83 1996 0.237272727272727 0.383730125436621 4.41136515577116
83 1997 0.282727272727273 0.274271113946558 3.9805710512324
83 1998 0.328181818181818 0.506158933731058 4.84197059289827
83 1999 0.373636363636364 0.145455930151946 3.43757119259345
83 2000 0.419090909090909 0.31834377062468 4.10061467582745
83 2001 0.464545454545455 0.232005162455119 3.76498197410594
83 2002 0.51 0.422888611705373 4.47402021350513
84 1994 0.498636363636364 0.405480410103878 4.40339478367988
84 1995 0.544090909090909 0.301326356480619 3.99538247115133
84 1996 0.589545454545455 0.434653948864231 4.51624584654415
84 1997 0.635 0.330786866650605 4.08184972965686
84 1998 0.680454545454545 0.153113975383198 3.37321143575097
84 1999 0.725909090909091 0.194953546515697 3.53017198131291
84 2000 0.771363636363636 0.289953583551924 3.88860995153298
84 2001 0.816818181818182 0.308507741502103 3.93191906205526
84 2002 0.862272727272727 0.227408435979779 3.61051235525454
86 1994 0.646363636363636 0.299507299164784 3.9624011273264
86 1995 0.691818181818182 0.465584132833527 4.5879635084453
86 1996 0.737272727272727 0.372794022553284 4.21895877294803
86 1997 0.782727272727273 0.430425710864105 4.42545128539671
86 1998 0.828181818181818 0.331012629871938 4.01675966640695
86 1999 0.873636363636364 0.564452946033915 4.91620433676776
86 2000 0.919090909090909 0.351554107650661 4.09042871466591
86 2001 0.964545454545455 0.26585856985377 3.72981588018343
86 2002 1.01 0.412495753835636 4.2845550447129
87 1994 0.544090909090909 0.217053380726031 3.66214336071571
87 1995 0.589545454545455 0.198166305484768 3.59996742758626
87 1996 0.635 0.266104382266082 3.83122456774106
87 1997 0.680454545454545 0.072928756531585 3.07321065217103
87 1998 0.725909090909091 0.236755741429207 3.70992462305799
87 1999 0.771363636363636 0.112471431101056 3.18993927569543
87 2000 0.816818181818182 0.19281117590937 3.49683113120942
87 2001 0.862272727272727 0.168931833347794 3.38072789023653
87 2002 0.907727272727273 0.32716256354898 3.99549126788047
90 1994 0.203181818181818 0.355703602391196 4.31557512517296
90 1995 0.248636363636364 0.357525050878364 4.28244243486953
90 1996 0.294090909090909 0.579155454825282 5.14470739279425
90 1997 0.339545454545455 0.299351377538324 4.05048434181952
90 1998 0.385 0.128461969048301 3.38586567968449
90 1999 0.430454545454545 0.216074458789073 3.69501009081768
90 2000 0.475909090909091 0.387965032385226 4.35532120170233
90 2001 0.521363636363636 0.535782986150928 4.91888143284846
90 2002 0.566818181818182 0.54195863799236 4.9241755732566
91 1994 0.214545454545455 0.441834515217258 4.64190083402542
91 1995 0.26 0.110622446192109 3.34275778104829
91 1996 0.305454545454545 0.387245838826708 4.38866301541103
91 1997 0.350909090909091 0.68802325647086 5.55004660852694
91 1998 0.396363636363636 0.207719236295619 3.67917677115563
91 1999 0.441818181818182 0.405571713220644 4.42632110957192
91 2000 0.487272727272727 0.493489163853088 4.75386933263079
91 2001 0.532727272727273 0.267244516262086 3.87027821267551
91 2002 0.578181818181818 0.333844604100265 4.09903224309502
92 1994 0.26 0.145112873721646 3.4861817656275
92 1995 0.305454545454545 0.337806932484296 4.22679736021369
92 1996 0.350909090909091 0.468443717760376 4.69065493010973
92 1997 0.396363636363636 0.467742759706046 4.67013491821452
92 1998 0.441818181818182 0.551086713392189 4.98610297866531
92 1999 0.487272727272727 0.45609513000199 4.60672239060539
92 2000 0.532727272727273 0.290741490324254 3.95109076500554
92 2001 0.578181818181818 0.597503617797753 5.14129759040634
92 2002 0.623636363636364 0.140501270337533 3.34272279936144
94 1994 0.316818181818182 0.190609274413944 3.6468131446145
94 1995 0.362272727272727 0.486176107294992 4.75968454154704
94 1996 0.407727272727273 0.38037007426839 4.33959786676232
94 1997 0.453181818181818 0.440923235265755 4.56702687659448
94 1998 0.498636363636364 0.25975077951947 3.85562253187112
94 1999 0.544090909090909 0.424783356632377 4.46468206328876
94 2000 0.589545454545455 0.15551235642477 3.42251199419475
94 2001 0.635 0.409559776277189 4.39456429299923
94 2002 0.680454545454545 0.252677124160399 3.77387059786486
96 1994 0.0213636363636364 0.602938748118832 5.31601597288692
96 1995 0.0668181818181818 0.441959107967795 4.67703115638358
96 1996 0.112272727272727 0.306734317365505 4.13456063036954
96 1997 0.157727272727273 0.796373957045983 6.03457872605077
96 1998 0.203181818181818 0.124479574741294 3.41140808905794
96 1999 0.248636363636364 0.358080934301112 4.29537835653878
96 2000 0.294090909090909 0.431369124868702 4.58064149486588
96 2001 0.339545454545455 0.322677847592888 4.14413182825893
96 2002 0.385 0.327797488186356 4.13090076102996
97 1994 0.157727272727273 0.384684786157258 4.43389279825872
97 1995 0.203181818181818 0.299059788176184 4.0926960158719
97 1996 0.248636363636364 0.247029436590574 3.88928460463522
97 1997 0.294090909090909 0.411778967338499 4.50118488401448
97 1998 0.339545454545455 0.202597427212612 3.67857557087182
97 1999 0.385 0.31731363730132 4.10264997395718
97 2000 0.430454545454545 0.361521232569541 4.2510520170808
97 2001 0.475909090909091 0.233375915102366 3.75253508583838
97 2002 0.521363636363636 0.228352213448105 3.71506215388328
100 1994 0.600909090909091 0.367796516473003 4.24241504469462
100 1995 0.646363636363636 0.378852096332246 4.25449539458959
100 1996 0.691818181818182 0.372655869942209 4.234225513742
100 1997 0.737272727272727 0.39582671220875 4.28669805555305
100 1998 0.782727272727273 0.134334900968343 3.27593556479138
100 1999 0.828181818181818 0.4224600844926 4.37505362695473
100 2000 0.873636363636364 0.128088811597147 3.21608853159317
100 2001 0.919090909090909 0.203525328955794 3.50308360352162
100 2002 0.964545454545455 0.309666272488981 3.88195033983626
102 1994 0.0213636363636364 0.294058561493887 4.12626746516439
102 1995 0.0668181818181818 0.584203206916409 5.21615777752433
102 1996 0.112272727272727 0.527584866051935 4.98957250042535
102 1997 0.157727272727273 0.217524618386316 3.78697233272415
102 1998 0.203181818181818 0.507135073646229 4.89704567089205
102 1999 0.248636363636364 0.240801118077217 3.86180268711537
102 2000 0.294090909090909 0.165800062746097 3.55373657425611
102 2001 0.339545454545455 0.570624077306372 5.11741175061965
102 2002 0.385 0.433237484576761 4.53690128169278
103 1994 0.248636363636364 0.264495310567592 3.94227794650674
103 1995 0.294090909090909 0.525031727787925 4.93148107276824
103 1996 0.339545454545455 0.414318388313776 4.48683373010584
103 1997 0.385 0.611870939650825 5.23056182250663
103 1998 0.430454545454545 0.342035920780599 4.17112604435236
103 1999 0.475909090909091 0.23143867334048 3.75714893122306
103 2000 0.521363636363636 0.443894449416143 4.55597363321484
103 2001 0.566818181818182 0.383648272485433 4.29404058433535
103 2002 0.612272727272727 0.345059274211002 4.11926467046255
104 1994 0.430454545454545 0.209252286664251 3.68028487029059
104 1995 0.475909090909091 0.358597207781994 4.23418798812196
104 1996 0.521363636363636 0.286119754349708 3.93056875357282
104 1997 0.566818181818182 0.410353632769436 4.40646786965061
104 1998 0.612272727272727 0.341286748459546 4.12956026082682
104 1999 0.657727272727273 0.420485228723683 4.43335330568918
104 2000 0.703181818181818 0.266918214606182 3.80167056693271
104 2001 0.748636363636364 0.137336565494592 3.29645366299608
104 2002 0.794090909090909 0.334021793220951 4.05160625459688
105 1994 0.407727272727273 0.298103940885622 4.01558792173046
105 1995 0.453181818181818 0.254658924888465 3.84647828743779
105 1996 0.498636363636364 0.184300795464524 3.58077919220179
105 1997 0.544090909090909 0.26013255767249 3.83289628103776
105 1998 0.589545454545455 0.216127994028799 3.66054649140154
105 1999 0.635 0.168071037491151 3.44446925201593
105 2000 0.680454545454545 0.369858600876615 4.22139332337806
105 2001 0.725909090909091 0.329032925864122 4.04993422236027
105 2002 0.771363636363636 0.309003400442826 3.97431374270558
108 1994 0.475909090909091 0.31825020037074 4.06930586538281
108 1995 0.521363636363636 0.261877265740441 3.85271734262541
108 1996 0.566818181818182 0.19501689172456 3.56687900963175
108 1997 0.612272727272727 0.497596240852854 4.73129246011203
108 1998 0.657727272727273 0.376070770706892 4.25182065727579
108 1999 0.703181818181818 1.01 6.6725274292275
108 2000 0.748636363636364 0.356932160460599 4.15277814118501
108 2001 0.794090909090909 0.393003704151304 4.26173811182216
108 2002 0.839545454545455 0.785034279178627 5.75459779621505
109 1994 0.0781818181818182 0.411680530442307 4.57141600155368
109 1995 0.123636363636364 0.351806544484158 4.32623917247368
109 1996 0.169090909090909 0.456134543678074 4.71091830135156
109 1997 0.214545454545455 0.161711802161079 3.5681850204985
109 1998 0.26 0.302860327567555 4.08979907240932
109 1999 0.305454545454545 0.187704045546987 3.61880888997415
109 2000 0.350909090909091 0.267674387570332 3.91417091715409
109 2001 0.396363636363636 0.30784580571436 4.06865003339833
109 2002 0.441818181818182 0.355032827302773 4.23419219874021
111 1994 0.214545454545455 0.232074095659465 3.81331581849124
111 1995 0.26 0.314230923902548 4.1334073535557
111 1996 0.305454545454545 0.200575453710504 3.68722527237105
111 1997 0.350909090909091 0.337814316920639 4.189250751888
111 1998 0.396363636363636 0.351204752385016 4.23200067778553
111 1999 0.441818181818182 0.131759141328292 3.36943804910792
111 2000 0.487272727272727 0.364681321958394 4.27047471167779
111 2001 0.532727272727273 0.266734572020925 3.86880905131992
111 2002 0.578181818181818 0.293115752490958 3.97687907882802
114 1994 0.01 0.19875086080323 3.76813989906422
114 1995 0.0554545454545455 0.39127449469392 4.49641784096136
114 1996 0.100909090909091 0.378639065215772 4.43650929736016
114 1997 0.146363636363636 0.160134378195167 3.57347873689157
114 1998 0.191818181818182 0.598283598944109 5.25164657481812
114 1999 0.237272727272727 0.349906790151263 4.28969870097274
114 2000 0.282727272727273 0.392284663166643 4.4229597572734
114 2001 0.328181818181818 0.370203326645522 4.32390142308373
114 2002 0.373636363636364 0.39051884666015 4.39034641260907
117 1994 0.305454545454545 0.464415567923597 4.70995449227764
117 1995 0.350909090909091 0.0990729373279991 3.26314252136412
117 1996 0.396363636363636 0.330931441103385 4.16136467700258
117 1997 0.441818181818182 0.447970846761611 4.5835918465005
117 1998 0.487272727272727 0.177542021281288 3.53879997293451
117 1999 0.532727272727273 0.284327532334926 3.93783962741728
117 2000 0.578181818181818 0.415417644481561 4.41529276057985
117 2001 0.623636363636364 0.271191480699042 3.8380373159329
117 2002 0.669090909090909 0.216534257320999 3.63574563099623
119 1994 0.0213636363636364 0.43200693342192 4.63916136201191
119 1995 0.0668181818181818 0.14446010707009 3.52421647975677
119 1996 0.112272727272727 0.321779313379989 4.22063589908376
119 1997 0.157727272727273 0.192079727517969 3.68569324521721
119 1998 0.203181818181818 0.278373806276801 4.01153071275663
119 1999 0.248636363636364 0.254132469611435 3.89649223362601
119 2000 0.294090909090909 0.20332934045662 3.68877242227381
119 2001 0.339545454545455 0.141840699551826 3.44903497303004
119 2002 0.385 0.383197721035355 4.37400215495738
122 1994 0.0440909090909091 0.331123111950427 4.2615281831117
122 1995 0.0895454545454545 0.134717382459288 3.4840853299886
122 1996 0.135 0.401838632696468 4.51018793100608
122 1997 0.180454545454545 0.314160254936733 4.16388360221435
122 1998 0.225909090909091 0.20738223671645 3.7392252199846
122 1999 0.271363636363636 0.223260784818664 3.77489219739848
122 2000 0.316818181818182 0.419893489220006 4.52272785935544
122 2001 0.362272727272727 0.318974861241648 4.13477363442698
122 2002 0.407727272727273 0.249727214089349 3.82735134308999
124 1994 0.487272727272727 0.317711262406344 4.09032514280692
124 1995 0.532727272727273 0.304065785086528 4.00644530890329
124 1996 0.578181818181818 0.330175678530366 4.08066357482472
124 1997 0.623636363636364 0.188162753006849 3.51616864808534
124 1998 0.669090909090909 0.476637526780032 4.63260335789532
124 1999 0.714545454545455 0.148125931193621 3.35460477662957
124 2000 0.76 0.32140916324834 3.99964919324227
124 2001 0.805454545454545 0.228958207219878 3.64116573454098
124 2002 0.850909090909091 0.306605281308175 3.92027884953936
126 1994 0.566818181818182 0.251654051817336 3.79536557940472
126 1995 0.612272727272727 0.183039170437354 3.5280380381236
126 1996 0.657727272727273 0.375761367172554 4.25505660394916
126 1997 0.703181818181818 0.389557902515131 4.2961218640665
126 1998 0.748636363636364 0.275886820193175 3.83512667996832
126 1999 0.794090909090909 0.24941411829877 3.73149652813745
126 2000 0.839545454545455 0.369005953187597 4.15833604480527
126 2001 0.885 0.363291555152795 4.10629644463908
126 2002 0.930454545454545 0.338936914901781 4.02947194301478
127 1994 0.328181818181818 0.326640633948617 4.1684893480287
127 1995 0.373636363636364 0.209346612295656 3.69633424514542
127 1996 0.419090909090909 0.225039476224932 3.73061490647897
127 1997 0.464545454545455 0.190918965014337 3.59124011530296
127 1998 0.51 0.306820368478753 4.01379952410792
127 1999 0.555454545454545 0.231677272831881 3.72201566447526
127 2000 0.600909090909091 0.24181881026796 3.74011052169535
127 2001 0.646363636363636 0.382706986424837 4.29235064433209
127 2002 0.691818181818182 0.203517894208216 3.58998651337334
128 1994 0.385 0.303134578271565 4.06221010830956
128 1995 0.430454545454545 0.345838371692298 4.18799181852549
128 1996 0.475909090909091 0.310894148270613 4.04557392169005
128 1997 0.521363636363636 0.209764193058727 3.63982549659961
128 1998 0.566818181818182 0.761940260719149 5.75382896521691
128 1999 0.612272727272727 0.333928902036318 4.08173159118473
128 2000 0.657727272727273 0.249096487298942 3.75834446003292
128 2001 0.703181818181818 0.309144218778383 3.98781174756838
128 2002 0.748636363636364 0.405135990920199 4.35107445872416
129 1994 0.419090909090909 0.466549476842172 4.67986673659429
129 1995 0.464545454545455 0.327917987271926 4.12736611642114
129 1996 0.51 0.456010250255622 4.59408803323584
129 1997 0.555454545454545 0.372783155548178 4.26142843909722
129 1998 0.600909090909091 0.3194200971504 4.04893656276178
129 1999 0.646363636363636 0.179815589531564 3.4888692025546
129 2000 0.691818181818182 0.331383238193067 4.06833826437003
129 2001 0.737272727272727 0.262439899743433 3.78646511117462
129 2002 0.782727272727273 0.251345579193074 3.73655302396846
131 1994 0.623636363636364 0.442236570389109 4.51285449728993
131 1995 0.669090909090909 0.393717355530968 4.31642885648175
131 1996 0.714545454545455 0.412268664813722 4.37464242162058
131 1997 0.76 0.522944280063852 4.77428108943821
131 1998 0.805454545454545 0.108762850865154 3.16915115578411
131 1999 0.850909090909091 0.394175104800759 4.25480975038951
131 2000 0.896363636363636 0.191249498984579 3.46815252623449
131 2001 0.941818181818182 0.348394243483314 4.04220719137574
131 2002 0.987272727272727 0.302134238015827 3.8522101326621
132 1994 0.373636363636364 0.494162447263437 4.79058109596106
132 1995 0.419090909090909 0.183407813698331 3.57197148933412
132 1996 0.464545454545455 0.308104498075264 4.03578314783097
132 1997 0.51 0.325604583671355 4.09949183192801
132 1998 0.555454545454545 0.191383305256664 3.57768318830378
132 1999 0.600909090909091 0.289189098735234 3.93006033978126
132 2000 0.646363636363636 0.156856382769685 3.41863797042849
132 2001 0.691818181818182 0.552928359993295 4.91776066721799
132 2002 0.737272727272727 0.264700307922707 3.78350091790597
134 1994 0.316818181818182 0.406925124036234 4.48292069733956
134 1995 0.362272727272727 0.352135871880029 4.25794276567486
134 1996 0.407727272727273 0.334761141588776 4.16331011914054
134 1997 0.453181818181818 0.470649942833096 4.67610445476963
134 1998 0.498636363636364 0.364998728137346 4.24067477581497
134 1999 0.544090909090909 0.429654217108892 4.50960243054705
134 2000 0.589545454545455 0.371977335071416 4.25316737718757
134 2001 0.635 0.219176888840195 3.64129369426692
134 2002 0.680454545454545 0.517582712114382 4.78773685489159
135 1994 0.01 0.198515959845186 3.7541731707787
135 1995 0.0554545454545455 0.29779431849505 4.15425411531444
135 1996 0.100909090909091 0.34848110534017 4.31103273446606
135 1997 0.146363636363636 0.164763684955031 3.59365533633647
135 1998 0.191818181818182 0.568642651310021 5.14204579551948
135 1999 0.237272727272727 0.583748881927616 5.19262386977362
135 2000 0.282727272727273 0.0917059461527561 3.26558404589661
135 2001 0.328181818181818 0.171959357386679 3.56673911379491
135 2002 0.373636363636364 0.149805369645052 3.46759029519791
136 1994 0.146363636363636 0.0982659252752881 3.33528115547083
136 1995 0.191818181818182 0.251801001103986 3.89562119254819
136 1996 0.237272727272727 0.153195272935921 3.54317600012248
136 1997 0.282727272727273 0.134437701497574 3.42940265075048
136 1998 0.328181818181818 0.0990826882185198 3.27603586749753
136 1999 0.373636363636364 0.266584444495271 3.88350871843192
136 2000 0.419090909090909 0.321489184795763 4.10826076711986
136 2001 0.464545454545455 0.247801883765338 3.803407431884
136 2002 0.51 0.358191589751879 4.20464809182383
137 1994 0.305454545454545 0.164659435327665 3.54039700672807
137 1995 0.350909090909091 0.203447440730217 3.68132674235018
137 1996 0.396363636363636 0.209797115088233 3.69558282769228
137 1997 0.441818181818182 0.60118820836762 5.19803237490248
137 1998 0.487272727272727 0.138340922012747 3.37181309221043
137 1999 0.532727272727273 0.261086843198047 3.84749622126469
137 2000 0.578181818181818 0.173433634000985 3.50479164469735
137 2001 0.623636363636364 0.313456361347416 4.02993207976326
137 2002 0.669090909090909 0.262352362582042 3.81181591995854
138 1994 0.271363636363636 0.181630108055105 3.61419094656846
138 1995 0.316818181818182 0.287217607917593 4.01827151133967
138 1996 0.362272727272727 0.250143506476121 3.84526275362821
138 1997 0.407727272727273 0.289679665174006 4.01112506633836
138 1998 0.453181818181818 0.162948571479003 3.49977941613603
138 1999 0.498636363636364 0.180316267331725 3.5357387799706
138 2000 0.544090909090909 0.259525603284906 3.84234808858493
138 2001 0.589545454545455 0.122595415222862 3.30187497716309
138 2002 0.635 0.183632413780853 3.51702066303296
139 1994 0.350909090909091 0.407928506453894 4.45697990149567
139 1995 0.396363636363636 0.234266959642801 3.77849673394449
139 1996 0.441818181818182 0.332604793077868 4.13952620429504
139 1997 0.487272727272727 0.258146883412264 3.84722244531409
139 1998 0.532727272727273 0.172560484380158 3.49531318979438
139 1999 0.578181818181818 0.1329781730455 3.33287850276593
139 2000 0.623636363636364 0.188962129718768 3.53504349152275
139 2001 0.669090909090909 0.261728684257865 3.8106153680502
139 2002 0.714545454545455 0.339043961645153 4.08483199892879
140 1994 0.316818181818182 0.21096008377921 3.72306117875653
140 1995 0.362272727272727 0.323587839671035 4.14306047958655
140 1996 0.407727272727273 0.147140639513709 3.44441872990664
140 1997 0.453181818181818 0.185577706879936 3.60127014361498
140 1998 0.498636363636364 0.630457706430481 5.2794909489042
140 1999 0.544090909090909 0.326996646374462 4.08734886762659
140 2000 0.589545454545455 0.47937343963672 4.67068444942492
140 2001 0.635 0.193166051262821 3.55346206422521
140 2002 0.680454545454545 0.676359352961634 5.3997931982475
143 1994 0.635 0.375834887934611 4.25507219837513
143 1995 0.680454545454545 0.239659276851838 3.70531812790529
143 1996 0.725909090909091 0.338310180944142 4.08824734568365
143 1997 0.771363636363636 0.288008161281825 3.86363499257932
143 1998 0.816818181818182 0.450211177386108 4.48633189399236
143 1999 0.862272727272727 0.28202818984698 3.81947386478452
143 2000 0.907727272727273 0.219201899136381 3.56907379853327
143 2001 0.953181818181818 0.328966274367724 3.96365041262556
143 2002 0.998636363636364 0.388233120601096 4.18689767038326
145 1994 0.407727272727273 0.325041345482786 4.1143439881566
145 1995 0.453181818181818 0.346718975645694 4.19132026831382
145 1996 0.498636363636364 0.591450675937654 5.12745367162525
145 1997 0.544090909090909 0.506540250048151 4.78889878104701
145 1998 0.589545454545455 0.29651167069408 3.95495447103194
145 1999 0.635 0.34117041728512 4.1259308689355
145 2000 0.680454545454545 0.214957531954767 3.61971126611261
145 2001 0.725909090909091 0.357416648792429 4.14944675378871
145 2002 0.771363636363636 0.371883641782314 4.2018269752904
147 1994 0.157727272727273 0.270445389930257 4.00168559402272
147 1995 0.203181818181818 0.304590992303595 4.10234604635746
147 1996 0.248636363636364 0.273854866862159 3.97168794870064
147 1997 0.294090909090909 0.356144963809582 4.28645135819431
147 1998 0.339545454545455 0.218837263078648 3.7387733201721
147 1999 0.385 0.414079590535811 4.48039904595227
147 2000 0.430454545454545 0.376325508402844 4.31058407293225
147 2001 0.475909090909091 0.546907527940036 4.96970730212631
147 2002 0.521363636363636 0.581357126817615 5.09220391297881
149 1994 0.157727272727273 0.111105759188172 3.39701426036935
149 1995 0.203181818181818 0.532420794688678 4.99402138376199
149 1996 0.248636363636364 0.359855204911288 4.31034685781426
149 1997 0.294090909090909 0.245315175190595 3.83457116757341
149 1998 0.339545454545455 0.363253426171946 4.29605697370255
149 1999 0.385 0.422217468092168 4.52144487359829
149 2000 0.430454545454545 0.366626128766899 4.28181314806229
149 2001 0.475909090909091 0.354744397541631 4.23649206741608
149 2002 0.521363636363636 0.170125979687204 3.48952656620354
151 1994 0.51 0.276110419635158 3.91379834550685
151 1995 0.555454545454545 0.221024620654441 3.68580293382913
151 1996 0.600909090909091 0.362962608838203 4.19492500026962
151 1997 0.646363636363636 0.288354538014503 3.92300641325665
151 1998 0.691818181818182 0.573369035959253 4.99453843308953
151 1999 0.737272727272727 0.25398813679405 3.75102242028986
151 2000 0.782727272727273 0.297255685088426 3.91846990718311
151 2001 0.828181818181818 0.348317865982644 4.08971991900326
151 2002 0.873636363636364 0.331245290170967 4.01748450272508
152 1994 0.0213636363636364 0.272190863534551 4.03875273203112
152 1995 0.0668181818181818 0.332582056702659 4.27326416017225
152 1996 0.112272727272727 0.182245823564659 3.66119470526042
152 1997 0.157727272727273 0.321531572954543 4.18693302050884
152 1998 0.203181818181818 0.493813090835308 4.84025590468001
152 1999 0.248636363636364 0.226629252964834 3.80197358545741
152 2000 0.294090909090909 0.237545020117104 3.82722805724452
152 2001 0.339545454545455 0.334351627024097 4.1883921039242
152 2002 0.385 0.442217004973465 4.570526328253
154 1994 0.146363636363636 0.185805834931153 3.67252193859117
154 1995 0.191818181818182 0.091075316086438 3.27976699945126
154 1996 0.237272727272727 0.329362295784887 4.20511804857192
154 1997 0.282727272727273 0.216058107456604 3.74967447639978
154 1998 0.328181818181818 0.448255049868356 4.63223266246323
154 1999 0.373636363636364 0.354131387402642 4.26164856429107
154 2000 0.419090909090909 0.198140874983684 3.65758530189815
154 2001 0.464545454545455 0.378755780397144 4.32060272510973
154 2002 0.51 0.264992759221967 3.86762617464304
155 1994 0.600909090909091 0.360927575823915 4.19843640342887
155 1995 0.646363636363636 0.375582581812791 4.26344991311334
155 1996 0.691818181818182 0.328222950285145 4.06064873798283
155 1997 0.737272727272727 0.343371101931749 4.07734528364295
155 1998 0.782727272727273 0.0396472291030366 2.90237684302636
155 1999 0.828181818181818 0.241114832735374 3.67693287634337
155 2000 0.873636363636364 0.218989542893339 3.57786741875284
155 2001 0.919090909090909 0.21152539118744 3.52880605450838
155 2002 0.964545454545455 0.301101193737373 3.86087362552117
157 1994 0.0213636363636364 0.379288120892652 4.46622878898541
157 1995 0.0668181818181818 0.264944553600708 3.99732869882099
157 1996 0.112272727272727 0.416187601019704 4.56459661591383
157 1997 0.157727272727273 0.407470498920863 4.5357132635378
157 1998 0.203181818181818 0.343279836924428 4.24357733570256
157 1999 0.248636363636364 0.295521761898854 4.05303384156564
157 2000 0.294090909090909 0.347717974096762 4.26835500593974
157 2001 0.339545454545455 0.421482144275727 4.51855541626246
157 2002 0.385 0.280077069343484 3.95995148490018
158 1994 0.532727272727273 0.334573157330453 4.11392149567349
158 1995 0.578181818181818 0.235014537227362 3.71802331560197
158 1996 0.623636363636364 0.411867647619446 4.38946856893715
158 1997 0.669090909090909 0.120168553443365 3.25311484596568
158 1998 0.714545454545455 0.188303969895372 3.51016951109225
158 1999 0.76 0.517849698936253 4.77010112661434
158 2000 0.805454545454545 0.29851426233627 3.90853040817288
158 2001 0.850909090909091 0.376200101204549 4.18570925206792
158 2002 0.896363636363636 0.369286215642494 4.13560440695263
165 1994 0.373636363636364 0.302380586709802 4.04936040824615
165 1995 0.419090909090909 0.0897351284280024 3.22955956738747
165 1996 0.464545454545455 0.443860761417711 4.5775454454441
165 1997 0.51 0.495090706415676 4.75480326148713
165 1998 0.555454545454545 0.42515582375346 4.46189864717435
165 1999 0.600909090909091 0.351686745153227 4.17372364668149
165 2000 0.646363636363636 0.375614366399385 4.23294914174189
165 2001 0.691818181818182 0.229595987822094 3.66625447475804
165 2002 0.737272727272727 0.331133815779534 4.03923748042183
166 1994 0.237272727272727 0.395106465145217 4.45603985918473
166 1995 0.282727272727273 0.456316879531949 4.6782963862065
166 1996 0.328181818181818 0.397105682557342 4.42671015645602
166 1997 0.373636363636364 0.280276002651512 3.97689443226898
166 1998 0.419090909090909 0.0648114939100369 3.10721735689667
166 1999 0.464545454545455 0.208008158848669 3.65964321063625
166 2000 0.51 0.327767783266029 4.09763843700812
166 2001 0.555454545454545 0.390339181310877 4.32619317120651
166 2002 0.600909090909091 0.358380243683824 4.18333779050749
167 1994 0.600909090909091 0.349117126725506 4.16863243653011
167 1995 0.646363636363636 0.275468189239115 3.87823849525329
167 1996 0.691818181818182 0.442331640451377 4.47237609055791
167 1997 0.737272727272727 0.049982624524998 2.96427817270564
167 1998 0.782727272727273 0.231186655961859 3.64616295831972
167 1999 0.828181818181818 0.377915645260901 4.19635593846033
167 2000 0.873636363636364 0.327206213067209 3.98430593046829
167 2001 0.919090909090909 0.280855111327026 3.80372494395788
167 2002 0.964545454545455 0.254238566697909 3.68273128668121
170 1994 0.123636363636364 0.297031853263194 4.08312420910915
170 1995 0.169090909090909 0.29271164460252 4.07364073548689
170 1996 0.214545454545455 0.255110261112865 3.92095553989425
170 1997 0.26 0.508554279181578 4.88243434916585
170 1998 0.305454545454545 0.0669579393280042 3.17675641894402
170 1999 0.350909090909091 0.142486963881949 3.4400754098674
170 2000 0.396363636363636 0.401736297958593 4.44301579748092
170 2001 0.441818181818182 0.387231097106086 4.37367664870126
170 2002 0.487272727272727 0.507621689708128 4.79461344246096
172 1994 0.180454545454545 0.425410094400644 4.58153414170528
172 1995 0.225909090909091 0.207122914841488 3.71201426292477
172 1996 0.271363636363636 0.368613379542115 4.33761956241614
172 1997 0.316818181818182 0.542604601372645 4.98737341052126
172 1998 0.362272727272727 0.232545707092833 3.78350663735591
172 1999 0.407727272727273 0.374185466028112 4.31752950463531
172 2000 0.453181818181818 0.454579077417516 4.62951118009365
172 2001 0.498636363636364 0.209520163032357 3.65828875922938
172 2002 0.544090909090909 0.44542744503454 4.53641956577228
175 1994 0.203181818181818 0.343240395409929 4.25785978930729
175 1995 0.248636363636364 0.17335375068852 3.59422406756604
175 1996 0.294090909090909 0.276890163094593 3.9776116892618
175 1997 0.339545454545455 0.149512946975325 3.4658828816528
175 1998 0.385 0.349888359199795 4.23680652955151
175 1999 0.430454545454545 0.351239364397514 4.2162196258129
175 2000 0.475909090909091 0.268175985710833 3.86515635550544
175 2001 0.521363636363636 0.593600898924689 5.11988562731614
175 2002 0.566818181818182 0.30627032379391 4.00417306274906
176 1994 0.453181818181818 0.304711447918664 4.02914154491818
176 1995 0.498636363636364 0.10628225673261 3.24270713712452
176 1996 0.544090909090909 0.48844555601268 4.71549671627247
176 1997 0.589545454545455 0.308102483100793 4.00432049312601
176 1998 0.635 0.191010351775976 3.53302921682696
176 1999 0.680454545454545 0.408502430622802 4.38461386503843
176 2000 0.725909090909091 0.0706394973439153 3.05235731860381
176 2001 0.771363636363636 0.105671249315363 3.1683567986867
176 2002 0.816818181818182 0.187739377069466 3.4687390206577
183 1994 0.0554545454545455 0.1639125574827 3.62261916423648
183 1995 0.100909090909091 0.392118307885098 4.49370108086219
183 1996 0.146363636363636 0.311286282754066 4.15295908021994
183 1997 0.191818181818182 0.378018455325548 4.39195329889481
183 1998 0.237272727272727 0.324453785959018 4.16847975841091
183 1999 0.282727272727273 0.490732720630536 4.81735393373693
183 2000 0.328181818181818 0.588940779704588 5.17309898444675
183 2001 0.373636363636364 0.413761174433833 4.47956570346036
183 2002 0.419090909090909 0.10836215440108 3.31120045422044
184 1994 0.498636363636364 0.176878816892765 3.52584570498323
184 1995 0.544090909090909 0.161282328523652 3.45355608528837
184 1996 0.589545454545455 0.362259525605557 4.22106742755907
184 1997 0.635 0.29889153056348 3.95948015814154
184 1998 0.680454545454545 0.143935654545484 3.35434487123795
184 1999 0.725909090909091 0.384150743649225 4.25066474630027
184 2000 0.771363636363636 0.234001094488733 3.66337302383733
184 2001 0.816818181818182 0.509960396485417 4.70226233433631
184 2002 0.862272727272727 0.334696461250665 4.02013028185101
187 1994 0.112272727272727 0.444442577602343 4.6967014905203
187 1995 0.157727272727273 0.359605060848919 4.3273636777494
187 1996 0.203181818181818 0.375537643702671 4.39133593831599
187 1997 0.248636363636364 0.405785919325501 4.47948846444953
187 1998 0.294090909090909 0.365339351233559 4.32027037418271
187 1999 0.339545454545455 0.333405285513736 4.18695577170753
187 2000 0.385 0.365358960252976 4.29430242597768
187 2001 0.430454545454545 0.415365383534815 4.46894379555507
187 2002 0.475909090909091 0.188761887446911 3.58069944284148
190 1994 0.521363636363636 0.111628246215967 3.25828909787055
190 1995 0.566818181818182 0.187294746865303 3.54968967512485
190 1996 0.612272727272727 0.24077960647524 3.72757261632654
190 1997 0.657727272727273 0.255733719658576 3.77910058133161
190 1998 0.703181818181818 0.387094060865504 4.2726918701292
190 1999 0.748636363636364 0.317184677904171 3.97948704993629
190 2000 0.794090909090909 0.0719929965847764 3.03210087925454
190 2001 0.839545454545455 0.487384194319389 4.62692412229047
190 2002 0.885 0.259791962578429 3.74044415170367
191 1994 0.157727272727273 0.412209633709115 4.53803364699417
191 1995 0.203181818181818 0.201881877869373 3.71793980742921
191 1996 0.248636363636364 0.413312948967368 4.52472975534246
191 1997 0.294090909090909 0.416450862472099 4.51305951140046
191 1998 0.339545454545455 0.325737035937964 4.15296627460076
191 1999 0.385 0.228125089047743 3.75257876245378
191 2000 0.430454545454545 0.522661407891524 4.89316893467319
191 2001 0.475909090909091 0.251381591965073 3.80342318874487
191 2002 0.521363636363636 0.512757530084894 4.81756248284795
193 1994 0.146363636363636 0.496075493847341 4.85298393258642
193 1995 0.191818181818182 0.268464321261979 3.9924209224903
193 1996 0.237272727272727 0.348286169772945 4.27264663178681
193 1997 0.282727272727273 0.250753139811886 3.86733984276031
193 1998 0.328181818181818 0.169485288038894 3.55379948432306
193 1999 0.373636363636364 0.365376110524669 4.2972791535216
193 2000 0.419090909090909 0.262765872966134 3.8749342082933
193 2001 0.464545454545455 0.238641115637774 3.77499249175067
193 2002 0.51 0.497400988812173 4.76333617126573
194 1994 0.191818181818182 0.31373355499211 4.1553883453734
194 1995 0.237272727272727 0.367485026619072 4.33538354986919
194 1996 0.282727272727273 0.31624075934849 4.13259637721885
194 1997 0.328181818181818 0.197748436086387 3.66368919623765
194 1998 0.373636363636364 0.226974005931773 3.74858234847048
194 1999 0.419090909090909 0.315798458159489 4.08475126062601
194 2000 0.464545454545455 0.490755011660836 4.73085748829478
194 2001 0.51 0.417991708011713 4.46049839146713
194 2002 0.555454545454545 0.266305593335756 3.84504032163461
195 1994 0.112272727272727 0.495473986655167 4.87526318268878
195 1995 0.157727272727273 0.17200757390992 3.6149565734538
195 1996 0.203181818181818 0.384217916455797 4.41878138780923
195 1997 0.248636363636364 0.339036392378948 4.21987109410992
195 1998 0.294090909090909 0.439717180742286 4.60111700261906
195 1999 0.339545454545455 0.42998132057841 4.56784869666198
195 2000 0.385 0.527515528530731 4.92475577338288
195 2001 0.430454545454545 0.297017653963398 3.9915467863399
195 2002 0.475909090909091 0.10164287462634 3.24795826495703
197 1994 0.225909090909091 0.366273395701432 4.35821404570431
197 1995 0.271363636363636 0.349595746816507 4.27188855192368
197 1996 0.316818181818182 0.261744195487674 3.91596091518922
197 1997 0.362272727272727 0.4354149599894 4.5724587716265
197 1998 0.407727272727273 0.0836781385923471 3.18765108456683
197 1999 0.453181818181818 0.362810806592449 4.27811649690001
197 2000 0.498636363636364 0.132005549382137 3.35963769329353
197 2001 0.544090909090909 0.312780136138967 4.06234086365609
197 2002 0.589545454545455 0.25933134753849 3.82317646403403
202 1994 0.294090909090909 0.140342166738309 3.44252735942611
202 1995 0.339545454545455 0.381814836471622 4.35372203052327
202 1996 0.385 0.354337445129982 4.23637050410593
202 1997 0.430454545454545 0.34368284831179 4.18355362960247
202 1998 0.475909090909091 0.136012071214484 3.3816475452306
202 1999 0.521363636363636 0.211331006655641 3.6517761364415
202 2000 0.566818181818182 0.298822459151656 3.98554737637956
202 2001 0.612272727272727 0.309281135925931 4.0147712632496
202 2002 0.657727272727273 0.324635927884969 4.04959331826454
204 1994 0.339545454545455 0.268800083897193 3.93240464869122
204 1995 0.385 0.23149636566093 3.7719955829425
204 1996 0.430454545454545 0.293530422067975 3.97828151600811
204 1997 0.475909090909091 0.17200617322373 3.50684940051977
204 1998 0.521363636363636 0.479299060386928 4.70371403480581
204 1999 0.566818181818182 0.320016594534648 4.06259263528255
204 2000 0.612272727272727 0.240435423941033 3.72510059193464
204 2001 0.657727272727273 0.264759669090975 3.81729531883915
204 2002 0.703181818181818 0.0812828159201704 3.10820552645942
205 1994 0.0554545454545455 0.321088971799043 4.2334534528462
205 1995 0.100909090909091 0.321818457080141 4.2075713574901
205 1996 0.146363636363636 0.433849303172356 4.62150970133823
205 1997 0.191818181818182 0.289079342131362 4.05601969761737
205 1998 0.237272727272727 0.3004047570842 4.08382191884912
205 1999 0.282727272727273 0.444091306806254 4.626765588142
205 2000 0.328181818181818 0.312847894112733 4.11243466203108
205 2001 0.373636363636364 0.256168703141333 3.88037588132472
205 2002 0.419090909090909 0.516904303220051 4.85779787043035
206 1994 0.0895454545454545 0.364874303223254 4.37849153021734
206 1995 0.135 0.271355659929688 3.99102201197929
206 1996 0.180454545454545 0.180442236919815 3.64611721914737
206 1997 0.225909090909091 0.270997650508246 3.97409160437137
206 1998 0.271363636363636 0.101559762407465 3.29067442072657
206 1999 0.316818181818182 0.13845057477465 3.43223258845101
206 2000 0.362272727272727 0.267443988933605 3.91760504850618
206 2001 0.407727272727273 0.491821755320283 4.78995743619128
206 2002 0.453181818181818 0.252647104038002 3.8337803100593
208 1994 0.169090909090909 0.226197340461279 3.82482988101613
208 1995 0.214545454545455 0.534017342461304 4.99516074774121
208 1996 0.26 0.111361261853922 3.3375157669673
208 1997 0.305454545454545 0.415519814631503 4.50507178091251
208 1998 0.350909090909091 0.433948115535172 4.5666265862265
208 1999 0.396363636363636 0.449463106489234 4.62489403860052
208 2000 0.441818181818182 0.26926497099568 3.90299702771511
208 2001 0.487272727272727 0.358655991243666 4.23947702734889
208 2002 0.532727272727273 0.207784229555973 3.63497899455399
209 1994 0.362272727272727 0.271891968095414 3.93026339001449
209 1995 0.407727272727273 0.286355456050369 3.98155667786523
209 1996 0.453181818181818 0.234575699487685 3.7641962076561
209 1997 0.498636363636364 0.154455650505055 3.4289716910845
209 1998 0.544090909090909 0.33983502856092 4.15696231239625
209 1999 0.589545454545455 0.245697367030515 3.75858318804138
209 2000 0.635 0.327004383901046 4.06063455843157
209 2001 0.680454545454545 0.377481124536995 4.25098043153377
209 2002 0.725909090909091 0.177786815293138 3.46069463283493
211 1994 0.635 0.282912179125439 3.90490250730965
211 1995 0.680454545454545 0.239096305895792 3.71678941535357
211 1996 0.725909090909091 0.258504524218351 3.76690210394619
211 1997 0.771363636363636 0.102656760415474 3.15650793150185
211 1998 0.816818181818182 0.267373072242068 3.78190563686994
211 1999 0.862272727272727 0.239216641316647 3.6582606932566
211 2000 0.907727272727273 0.17846202386699 3.40680869089538
211 2001 0.953181818181818 0.486384663588533 4.56119854729574
211 2002 0.998636363636364 0.268220217629079 3.72039675863866
212 1994 0.396363636363636 0.374502619661283 4.32157446622573
212 1995 0.441818181818182 0.372878738120652 4.28503010340501
212 1996 0.487272727272727 0.511610144388354 4.81458499888304
212 1997 0.532727272727273 0.537946004047463 4.89414310763605
212 1998 0.578181818181818 0.505970714351762 4.76903584230825
212 1999 0.623636363636364 0.432085440419598 4.47331551271162
212 2000 0.669090909090909 0.267509269873117 3.84371185324844
212 2001 0.714545454545455 0.278124655926926 3.84881742947501
212 2002 0.76 0.316641382050146 3.9890551110257
214 1994 0.464545454545455 0.474906626306076 4.67235114424743
214 1995 0.51 0.342646109450568 4.16599373885365
214 1996 0.555454545454545 0.288805027986648 3.95028399372993
214 1997 0.600909090909091 0.273910534015304 3.86318862875423
214 1998 0.646363636363636 0.272822772679034 3.84775405818714
214 1999 0.691818181818182 0.294178974423292 3.91518515991962
214 2000 0.737272727272727 0.0825999036530007 3.09786387940465
214 2001 0.782727272727273 0.346085845019385 4.10059484691327
214 2002 0.828181818181818 0.258714684302897 3.76225642239711
216 1994 0.578181818181818 0.333166691906511 4.12175431316051
216 1995 0.623636363636364 0.368847187443255 4.24906334911322
216 1996 0.669090909090909 0.447814298282976 4.53452195371364
216 1997 0.714545454545455 0.561338141698695 4.95101262249804
216 1998 0.76 0.49357476075751 4.67078078397869
216 1999 0.805454545454545 0.274161376051619 3.80131788323748
216 2000 0.850909090909091 0.389344601704704 4.24952669371531
216 2001 0.896363636363636 0.358209454868584 4.11083400354894
216 2002 0.941818181818182 0.237965194470123 3.63957795712147
218 1994 0.612272727272727 0.236579278072469 3.73206329362679
218 1995 0.657727272727273 0.158808617726979 3.39243509428179
218 1996 0.703181818181818 0.32430892364745 4.01091814377798
218 1997 0.748636363636364 0.444394584516473 4.47091099707369
218 1998 0.794090909090909 0.392304432872686 4.26076889099318
218 1999 0.839545454545455 0.306601181799855 3.92810155436561
218 2000 0.885 0.144128380461278 3.28387679483224
218 2001 0.930454545454545 0.2615821614874 3.71631462990573
218 2002 0.975909090909091 0.303971933226517 3.86666768064179
221 1994 0.362272727272727 0.319692773301314 4.11104320978068
221 1995 0.407727272727273 0.359633945200443 4.23800551455398
221 1996 0.453181818181818 0.321456625901487 4.09938027327595
221 1997 0.498636363636364 0.153901433352404 3.4235159844307
221 1998 0.544090909090909 0.384450620032718 4.31080430610891
221 1999 0.589545454545455 0.398125446736272 4.35844093529589
221 2000 0.635 0.29044417574694 3.94225829320078
221 2001 0.680454545454545 0.36292060893225 4.18939480861601
221 2002 0.725909090909091 0.44035799299432 4.46415685077315
222 1994 0.0213636363636364 0.123839790681854 3.47785420853167
222 1995 0.0668181818181818 0.433447443807751 4.65736993046767
222 1996 0.112272727272727 0.296750261538812 4.09741054907061
222 1997 0.157727272727273 0.185733859723496 3.67054298155642
222 1998 0.203181818181818 0.260270177265956 3.95030182957176
222 1999 0.248636363636364 0.288855286459846 4.05670989992949
222 2000 0.294090909090909 0.243383923646535 3.85138956423188
222 2001 0.339545454545455 0.262427237600315 3.88976646609178
222 2002 0.385 0.231257435534342 3.77062660171971
223 1994 0.407727272727273 0.233060625157398 3.77093739078381
223 1995 0.453181818181818 0.265235160551923 3.88147376014866
223 1996 0.498636363636364 0.453103491489644 4.59868937168833
223 1997 0.544090909090909 0.27202615761951 3.87529664292533
223 1998 0.589545454545455 0.37127763193175 4.24397864759248
223 1999 0.635 0.139323862782445 3.32908782717588
223 2000 0.680454545454545 0.417240331499957 4.39724171346006
223 2001 0.725909090909091 0.256023582028409 3.76773241023497
223 2002 0.771363636363636 0.30791023041492 3.94749975401194
225 1994 0.475909090909091 0.194198695114534 3.60474987396573
225 1995 0.521363636363636 0.389131438197867 4.34190388677419
225 1996 0.566818181818182 0.207118161688986 3.63103279944656
225 1997 0.612272727272727 0.530878440689857 4.88144137428861
225 1998 0.657727272727273 0.210099593045495 3.61724946865
225 1999 0.703181818181818 0.380640074315565 4.24968255649538
225 2000 0.748636363636364 0.281093818589392 3.85044958990807
225 2001 0.794090909090909 0.31082333984646 3.95615788977879
225 2002 0.839545454545455 0.31460715179246 3.96103841952348
228 1994 0.0781818181818182 0.456050009070427 4.74985019406012
228 1995 0.123636363636364 0.605451670327531 5.29947978593389
228 1996 0.169090909090909 0.366568163246863 4.34947986241719
228 1997 0.214545454545455 0.207106817253757 3.73886878325216
228 1998 0.26 0.200494508649819 3.70691713880237
228 1999 0.305454545454545 0.351514593847883 4.25195755124661
228 2000 0.350909090909091 0.422478990215887 4.54155691504502
228 2001 0.396363636363636 0.375835837260553 4.31463857491667
228 2002 0.441818181818182 0.291167108882668 3.98153292116789
233 1994 0.146363636363636 0.256097000378676 3.93518906892975
233 1995 0.191818181818182 0.434326532958891 4.602792269415
233 1996 0.237272727272727 0.146861260489097 3.4774064849564
233 1997 0.282727272727273 0.245715360546792 3.86606711553158
233 1998 0.328181818181818 0.309202449570238 4.07560601764646
233 1999 0.373636363636364 0.435637218788915 4.57465526285684
233 2000 0.419090909090909 0.314885887355071 4.05828993882455
233 2001 0.464545454545455 0.230126423223648 3.72989843350217
233 2002 0.51 0.517977100238178 4.84215505383275
235 1994 0.305454545454545 0.275157875942997 3.98610701306768
235 1995 0.350909090909091 0.347179181105491 4.21991795292899
235 1996 0.396363636363636 0.283178686236999 3.96389950040555
235 1997 0.441818181818182 0.160265085199805 3.49000669545599
235 1998 0.487272727272727 0.327577626287967 4.12250658010783
235 1999 0.532727272727273 0.560277062710993 5.00634622067128
235 2000 0.578181818181818 0.252728377592655 3.77769784153205
235 2001 0.623636363636364 0.132746062067851 3.30145989369143
235 2002 0.669090909090909 0.203285020579284 3.58876278313838
238 1994 0.169090909090909 0.1062446697068 3.34813407330163
238 1995 0.214545454545455 0.274011409228282 3.98332500563817
238 1996 0.26 0.317301200865882 4.15538512769036
238 1997 0.305454545454545 0.529015372997722 4.93231661375677
238 1998 0.350909090909091 0.533120493880575 4.95233125000483
238 1999 0.396363636363636 0.251271139633849 3.87586211890601
238 2000 0.441818181818182 0.394675841969311 4.38966098019925
238 2001 0.487272727272727 0.233348671868153 3.73551976791314
238 2002 0.532727272727273 0.424478852651314 4.48769587415066
239 1994 0.135 0.297112750006835 4.08992837817632
239 1995 0.180454545454545 0.241257800277508 3.8702758910493
239 1996 0.225909090909091 0.199785225854762 3.69431506753538
239 1997 0.271363636363636 0.321063625915585 4.14978160591618
239 1998 0.316818181818182 0.190213828868184 3.62778169121668
239 1999 0.362272727272727 0.376653746104654 4.34583664834899
239 2000 0.407727272727273 0.278043196968633 3.95266856662687
239 2001 0.453181818181818 0.267089894534879 3.90329224784081
239 2002 0.498636363636364 0.0553290798103217 3.06313399252221
240 1994 0.612272727272727 0.26412942941785 3.82865090264557
240 1995 0.657727272727273 0.341732704693155 4.12260864482777
240 1996 0.703181818181818 0.391985843728506 4.2865495337681
240 1997 0.748636363636364 0.19935791718388 3.54648095162104
240 1998 0.794090909090909 0.375647261439695 4.20174573317842
240 1999 0.839545454545455 0.234375018796236 3.65033385296463
240 2000 0.885 0.408551235775364 4.31171866623589
240 2001 0.930454545454545 0.525217357459527 4.73118026492514
240 2002 0.975909090909091 0.310847308304119 3.89372589552996
241 1994 0.282727272727273 0.216730711342085 3.74606636836928
241 1995 0.328181818181818 0.223774275936129 3.77132773623466
241 1996 0.373636363636364 0.167671675573053 3.53001839742154
241 1997 0.419090909090909 0.262726073380898 3.89351500309149
241 1998 0.464545454545455 0.287694842530908 3.96651306863822
241 1999 0.51 0.240241476920935 3.76275210993093
241 2000 0.555454545454545 0.322362643203252 4.06900952083638
241 2001 0.600909090909091 0.300655388800284 3.97048874013672
241 2002 0.646363636363636 0.322700216857349 4.03900448881406
242 1994 0.623636363636364 0.188300529190522 3.54231689177194
242 1995 0.669090909090909 0.182293320244665 3.49596754045955
242 1996 0.714545454545455 0.278554868831148 3.85505240001714
242 1997 0.76 0.159764758530598 3.36732553496247
242 1998 0.805454545454545 0.463347149430927 4.53319015849925
242 1999 0.850909090909091 0.32200155413001 3.98834816083158
242 2000 0.896363636363636 0.239678216010997 3.64081914066683
242 2001 0.941818181818182 0.346493552129844 4.05042967380069
242 2002 0.987272727272727 0.149995346355341 3.28399041412761
245 1994 0.487272727272727 0.434588922880007 4.52096801322129
245 1995 0.532727272727273 0.592832454010619 5.11367913365979
245 1996 0.578181818181818 0.307499954988649 4.00977114703791
245 1997 0.623636363636364 0.162958885838849 3.42995570622633
245 1998 0.669090909090909 0.394635703308405 4.3247180141077
245 1999 0.714545454545455 0.32362462577276 4.03236770551313
245 2000 0.76 0.436843112883898 4.44910674655059
245 2001 0.805454545454545 0.446753535469498 4.47598786487714
245 2002 0.850909090909091 0.0908236644014992 3.08790891776734
246 1994 0.430454545454545 0.339398388328557 4.18042322451677
246 1995 0.475909090909091 0.754511895453568 5.75675157100252
246 1996 0.521363636363636 0.303994690335347 3.99063760385835
246 1997 0.566818181818182 0.172083839350548 3.48719626971939
246 1998 0.612272727272727 0.128343287886071 3.29305523441521
246 1999 0.657727272727273 0.141511076386911 3.33694548594265
246 2000 0.703181818181818 0.491578828124632 4.68299519924731
246 2001 0.748636363636364 0.167509586473579 3.40666139474478
246 2002 0.794090909090909 0.0785313400242606 3.07028311400097
247 1994 0.532727272727273 0.163893710166002 3.45706465373606
247 1995 0.578181818181818 0.499912746963293 4.75674364009832
247 1996 0.623636363636364 0.581413913220796 5.04693095827226
247 1997 0.669090909090909 0.280022504842316 3.87734921469695
247 1998 0.714545454545455 0.12028728793182 3.24366007749526
247 1999 0.76 0.534498229010022 4.8267218998168
247 2000 0.805454545454545 0.492997553262727 4.64643441416099
247 2001 0.850909090909091 0.169734869807551 3.38318890967849
247 2002 0.896363636363636 0.193647902906671 3.45673762996559
249 1994 0.248636363636364 0.28712082653431 4.03423972896675
249 1995 0.294090909090909 0.587212395527777 5.18208145503043
249 1996 0.339545454545455 0.414074035537697 4.477568275243
249 1997 0.385 0.182949306806564 3.56914464257035
249 1998 0.430454545454545 0.334076975762142 4.14483408845949
249 1999 0.475909090909091 0.389110596727116 4.35675025687463
249 2000 0.521363636363636 0.370525581781006 4.27340375132232
249 2001 0.566818181818182 0.306375700888639 4.01884055026488
249 2002 0.612272727272727 0.305455694320694 3.98979831867293
250 1994 0.475909090909091 0.517534770623887 4.85865429339859
250 1995 0.521363636363636 0.47069164458711 4.63805558716356
250 1996 0.566818181818182 0.141381838025133 3.37181445169895
250 1997 0.612272727272727 0.246075786177394 3.75365917151976
250 1998 0.657727272727273 0.261984144876619 3.81796587965467
250 1999 0.703181818181818 0.154846469947396 3.3665217718948
250 2000 0.748636363636364 0.407983931903165 4.35560380427155
250 2001 0.794090909090909 0.320754182913637 3.99596194182412
250 2002 0.839545454545455 0.354731504059909 4.08996963761657
251 1994 0.248636363636364 0.183006553530772 3.63400727009891
251 1995 0.294090909090909 0.177603528323605 3.58754500353287
251 1996 0.339545454545455 0.20254275768718 3.67022967164715
251 1997 0.385 0.344757209344923 4.22751127494875
251 1998 0.430454545454545 0.366940935512812 4.28667542124634
251 1999 0.475909090909091 0.24153912571691 3.80298730572616
251 2000 0.521363636363636 0.301104736133368 3.99101276449439
251 2001 0.566818181818182 0.264730446875857 3.85463711583276
251 2002 0.612272727272727 0.342756886449552 4.14534631663225
255 1994 0.430454545454545 0.110000755766415 3.29064806855349
255 1995 0.475909090909091 0.224041778707485 3.71450641271638
255 1996 0.521363636363636 0.0929991006565953 3.19189158444023
255 1997 0.566818181818182 0.141424708453981 3.35578041407496
255 1998 0.612272727272727 0.493119329300906 4.70904337477813
255 1999 0.657727272727273 0.168268030226518 3.43249912030727
255 2000 0.703181818181818 0.488687809818551 4.67040767552643
255 2001 0.748636363636364 0.0901042315821622 3.1053735596452
255 2002 0.794090909090909 0.179774384998496 3.44027805274017
258 1994 0.01 0.293948877941777 4.13883656933896
258 1995 0.0554545454545455 0.431164824742614 4.63793591016415
258 1996 0.100909090909091 0.362059319352416 4.38812734360537
258 1997 0.146363636363636 0.337555539895468 4.25526654336998
258 1998 0.191818181818182 0.436606920446194 4.6222898903993
258 1999 0.237272727272727 0.359470608251683 4.30269166880102
258 2000 0.282727272727273 0.0580558973774243 3.13695321112731
258 2001 0.328181818181818 0.278587377161376 3.97516080394632
258 2002 0.373636363636364 0.213148623709835 3.68707270870767
259 1994 0.0327272727272727 0.513851790356056 4.96560745653248
259 1995 0.0781818181818182 0.153404566323533 3.57773646840549
259 1996 0.123636363636364 0.314091686278149 4.17939234741179
259 1997 0.169090909090909 0.305148137113755 4.1158495817574
259 1998 0.214545454545455 0.360856959464626 4.32032794373
259 1999 0.26 0.22326307422502 3.77071637514205
259 2000 0.305454545454545 0.174536327385428 3.57228380040746
259 2001 0.350909090909091 0.501759521631816 4.83676810018502
259 2002 0.396363636363636 0.211068010158734 3.68555310059486
264 1994 0.555454545454545 0.118764982283827 3.31057795629
264 1995 0.600909090909091 0.263343555902743 3.82470546122634
264 1996 0.646363636363636 0.282794013550288 3.89721898433601
264 1997 0.691818181818182 0.388123064241947 4.2816195580101
264 1998 0.737272727272727 0.151261421612859 3.36445370968826
264 1999 0.782727272727273 0.609283019495019 5.09422083652986
264 2000 0.828181818181818 0.186614633622583 3.45630132853782
264 2001 0.873636363636364 0.353379082740493 4.0925793991509
264 2002 0.919090909090909 0.259131490693046 3.71062579138749
265 1994 0.589545454545455 0.789313938139173 5.85432427503235
265 1995 0.635 0.28606877930544 3.91605954904824
265 1996 0.680454545454545 0.140767260855292 3.33795756981259
265 1997 0.725909090909091 0.232802493438508 3.66963990611598
265 1998 0.771363636363636 0.25212556990304 3.73094749092038
265 1999 0.816818181818182 0.403157938471027 4.3061489853103
265 2000 0.862272727272727 0.23245771165413 3.64966143841917
265 2001 0.907727272727273 0.320691509829492 3.96175182913388
265 2002 0.953181818181818 0.378294181020861 4.15902395786396
