ID YEAR COMPANYAGE RnDEXPEND REVENUE
4 1994 0.521363636363636 0.167139561567184 3.47443491686523
4 1995 0.566818181818182 0.280843180452084 3.90168539926338
4 1996 0.612272727272727 0.0698452922988028 3.07821556518233
4 1997 0.657727272727273 0.404106504708537 4.36573616968051
4 1998 0.703181818181818 0.327178452832099 4.04652370052307
4 1999 0.748636363636364 0.14322347848924 3.30697503457961
4 2000 0.794090909090909 0.269891403693388 3.79873799414548
4 2001 0.839545454545455 0.196304317241263 3.49587785519331
4 2002 0.885 0.359686119258911 4.10172235779352
5 1994 0.0327272727272727 0.244842809758075 3.94045622949638
5 1995 0.0781818181818182 0.177746726487074 3.66279901368314
5 1996 0.123636363636364 0.107819839957843 3.37204694870862
5 1997 0.169090909090909 0.320945496020772 4.18950685765265
5 1998 0.214545454545455 0.151055731429356 3.5249246522856
5 1999 0.26 0.35390519014912 4.27001837710789
5 2000 0.305454545454545 0.659461985069885 5.45724929794847
5 2001 0.350909090909091 0.289888864271068 4.03399007871076
5 2002 0.396363636363636 0.606684535978284 5.22219867556897
6 1994 0.225909090909091 0.465950022339014 4.74201417501343
6 1995 0.271363636363636 0.240033444083728 3.83805108800451
6 1996 0.316818181818182 0.197908001676817 3.66570520308642
6 1997 0.362272727272727 0.208754586833112 3.70233981984382
6 1998 0.407727272727273 0.206474066145671 3.69083286205638
6 1999 0.453181818181818 0.313770013228812 4.07668812365942
6 2000 0.498636363636364 0.590318019529356 5.13027510275426
6 2001 0.544090909090909 0.353768729046771 4.21201464142937
6 2002 0.589545454545455 0.344868071330379 4.13060097678558
8 1994 0.01 0.507787933261717 4.93889614988167
8 1995 0.0554545454545455 0.437731506384838 4.66535206887052
8 1996 0.100909090909091 0.285904468629318 4.07260428026779
8 1997 0.146363636363636 0.315721414752373 4.17761804371605
8 1998 0.191818181818182 0.350822056129002 4.31612501067566
8 1999 0.237272727272727 0.499026770563358 4.85582971810063
8 2000 0.282727272727273 0.32806537990457 4.18995599671732
8 2001 0.328181818181818 0.0940128899358672 3.26974210600129
8 2002 0.373636363636364 0.250520695976274 3.85305060459894
12 1994 0.0327272727272727 0.471953583653205 4.82615721623424
12 1995 0.0781818181818182 0.23664897312423 3.89329364151072
12 1996 0.123636363636364 0.283218587691945 4.05112400575908
12 1997 0.169090909090909 0.344942775130049 4.27420391396467
12 1998 0.214545454545455 0.261742626885114 3.95819190844587
12 1999 0.26 0.731837057162162 5.73859838783125
12 2000 0.305454545454545 0.331371939766024 4.18283216755924
12 2001 0.350909090909091 0.193473230728371 3.6416973420612
12 2002 0.396363636363636 0.250154155258657 3.82501749027647
14 1994 0.407727272727273 0.329435688680313 4.12474461014614
14 1995 0.453181818181818 0.325134086008129 4.11321144422073
14 1996 0.498636363636364 0.296831586062065 3.98101533710962
14 1997 0.544090909090909 0.01 2.87209290109405
14 1998 0.589545454545455 0.23575277563204 3.72732951972373
14 1999 0.635 0.30857206936675 4.00130086254486
14 2000 0.680454545454545 0.461377955443968 4.55588206533521
14 2001 0.725909090909091 0.247956275137712 3.73903360410909
14 2002 0.771363636363636 0.112267148311449 3.18557637432201
16 1994 0.135 0.169998436518218 3.62372950670945
16 1995 0.180454545454545 0.248714873984862 3.89356688987684
16 1996 0.225909090909091 0.284820727044076 4.04150205768343
16 1997 0.271363636363636 0.296651532821601 4.06848540553225
16 1998 0.316818181818182 0.429027527009594 4.55702102757936
16 1999 0.362272727272727 0.15025423426767 3.45769675391442
16 2000 0.407727272727273 0.357700874266965 4.26293657295726
16 2001 0.453181818181818 0.390002455227898 4.36391417581194
16 2002 0.498636363636364 0.214464273081037 3.66416989840502
17 1994 0.646363636363636 0.501314603447249 4.74288015823569
17 1995 0.691818181818182 0.355314899407879 4.14951791780122
17 1996 0.737272727272727 0.402399828024633 4.31964872497189
17 1997 0.782727272727273 0.243857443578288 3.71441296410103
17 1998 0.828181818181818 0.291320836433729 3.86109038690917
17 1999 0.873636363636364 0.164204962855179 3.3661782605095
17 2000 0.919090909090909 0.250839656782769 3.69014538603903
17 2001 0.964545454545455 0.195832484600133 3.46824619524767
17 2002 1.01 0.472011299822575 4.5108368512275
18 1994 0.294090909090909 0.115731839700227 3.36258097070272
18 1995 0.339545454545455 0.293581738486031 4.03976073777858
18 1996 0.385 0.175215189371195 3.57610373453311
18 1997 0.430454545454545 0.158357482632068 3.4602236190417
18 1998 0.475909090909091 0.563372930387306 5.04573845235334
18 1999 0.521363636363636 0.188186443623162 3.56174569340387
18 2000 0.566818181818182 0.282787264763475 3.89822424914848
18 2001 0.612272727272727 0.0635488310803384 3.08335646084383
18 2002 0.657727272727273 0.415406938270041 4.39117154089711
19 1994 0.373636363636364 0.439381110447671 4.59017508778481
19 1995 0.419090909090909 0.44160700306796 4.56372597236255
19 1996 0.464545454545455 0.274568799634771 3.91002169428763
19 1997 0.51 0.364904571551938 4.2542059152386
19 1998 0.555454545454545 0.691135722645688 5.49814891919025
19 1999 0.600909090909091 0.286981766100047 3.91868714761751
19 2000 0.646363636363636 0.311622463375964 4.01889339483729
19 2001 0.691818181818182 0.309335896449934 3.97554519821481
19 2002 0.737272727272727 0.294102896854876 3.91358878332925
20 1994 0.441818181818182 0.20015189488721 3.62293512849154
20 1995 0.487272727272727 0.341536382422795 4.18077753093844
20 1996 0.532727272727273 0.19041114221929 3.562486900244
20 1997 0.578181818181818 0.443681050111795 4.52850377689309
20 1998 0.623636363636364 0.0645022320905725 3.05033001728966
20 1999 0.669090909090909 0.171385003133074 3.45739449931853
20 2000 0.714545454545455 0.460100316721926 4.54288298248375
20 2001 0.76 0.435100335231404 4.44193854653464
20 2002 0.805454545454545 0.332896163399356 4.03471910843368
22 1994 0.01 0.116698535583584 3.44878833321941
22 1995 0.0554545454545455 0.410033724843613 4.5564415206253
22 1996 0.100909090909091 0.138752252793946 3.48308708983363
22 1997 0.146363636363636 0.383917289950561 4.43686346977429
22 1998 0.191818181818182 0.343570903574325 4.26324595527554
22 1999 0.237272727272727 0.402544203758887 4.47748977654228
22 2000 0.282727272727273 0.470206425974492 4.73502041768339
22 2001 0.328181818181818 0.218285785325895 3.74854583062908
22 2002 0.373636363636364 0.173848778453047 3.53226641484652
23 1994 0.487272727272727 0.325566886204022 4.10544586061772
23 1995 0.532727272727273 0.160602804006154 3.44875762742527
23 1996 0.578181818181818 0.390964374666469 4.33342652905498
23 1997 0.623636363636364 0.169878642621604 3.45958086909347
23 1998 0.669090909090909 0.586830383967459 5.05858037130901
23 1999 0.714545454545455 0.210758550376739 3.57734313875079
23 2000 0.76 0.64618306439991 5.24440649613662
23 2001 0.805454545454545 0.446116221680087 4.46249561068027
23 2002 0.850909090909091 0.432281408966691 4.40298725332733
26 1994 0.294090909090909 0.232155155208188 3.80090389691944
26 1995 0.339545454545455 0.157215360892555 3.50699442747665
26 1996 0.385 0.278720575769783 3.96045147865305
26 1997 0.430454545454545 0.229666167109696 3.75390828997956
26 1998 0.475909090909091 0.297597463028768 4.00573856751311
26 1999 0.521363636363636 0.413010501662607 4.45910690984451
26 2000 0.566818181818182 0.547054243724738 4.91516375088229
26 2001 0.612272727272727 0.53312410347 4.87692586329784
26 2002 0.657727272727273 0.119344536303765 3.25645570644955
28 1994 0.521363636363636 0.227875786520077 3.71034275778381
28 1995 0.566818181818182 0.124579101061215 3.30529525987847
28 1996 0.612272727272727 0.261032982062431 3.80926908317725
28 1997 0.657727272727273 0.303676362421848 3.96172358414468
28 1998 0.703181818181818 0.195889521523292 3.50914664628398
28 1999 0.748636363636364 0.198145422254477 3.50650233837681
28 2000 0.794090909090909 0.43467648629049 4.42828213377554
28 2001 0.839545454545455 0.199043603182012 3.52315607097081
28 2002 0.885 0.295151063408426 3.86782448780632
29 1994 0.180454545454545 0.174110152826491 3.63112665268786
29 1995 0.225909090909091 0.301052527898184 4.10654440872438
29 1996 0.271363636363636 0.298973829616941 4.08767745167316
29 1997 0.316818181818182 0.223162035590517 3.76855902970512
29 1998 0.362272727272727 0.278835626607797 3.96889214714708
29 1999 0.407727272727273 0.24457448177172 3.81614726518662
29 2000 0.453181818181818 0.297190713165418 4.01505071643715
29 2001 0.498636363636364 0.317029575085347 4.06487050749214
29 2002 0.544090909090909 0.638146424427923 5.27068075473254
33 1994 0.612272727272727 0.463504135686998 4.59191519527257
33 1995 0.657727272727273 0.122216201696125 3.28504384147428
33 1996 0.703181818181818 0.377463052935698 4.26251954255339
33 1997 0.748636363636364 0.217778586132618 3.60172896758312
33 1998 0.794090909090909 0.0952536075398409 3.12090752110473
33 1999 0.839545454545455 0.375566111783096 4.20346728340973
33 2000 0.885 0.262874365691149 3.74068821760833
33 2001 0.930454545454545 0.415758111412356 4.3142000798584
33 2002 0.975909090909091 0.368861321986112 4.12830761875882
34 1994 0.316818181818182 0.0984927397324715 3.29301767518777
34 1995 0.362272727272727 0.176617250016097 3.58134703137352
34 1996 0.407727272727273 0.247797862847642 3.83434329385356
34 1997 0.453181818181818 0.436412124624665 4.55530169791097
34 1998 0.498636363636364 0.319701002484865 4.07604538601129
34 1999 0.544090909090909 0.407409435443945 4.41620657033913
34 2000 0.589545454545455 0.285612628604877 3.9097751454766
34 2001 0.635 0.120707073682495 3.2519903802811
34 2002 0.680454545454545 0.273281316901368 3.83542690846141
37 1994 0.578181818181818 0.458830897358217 4.59412949243467
37 1995 0.623636363636364 0.546081566029863 4.93426681628738
37 1996 0.669090909090909 0.267257104570529 3.82466915633572
37 1997 0.714545454545455 0.30815989917555 3.9774488049238
37 1998 0.76 0.255838013325955 3.74296965299215
37 1999 0.805454545454545 0.601367076857256 5.07172570395368
37 2000 0.850909090909091 0.477873379211189 4.57782398332263
37 2001 0.896363636363636 0.346994814389375 4.0483212895055
37 2002 0.941818181818182 0.31320741502797 3.91724005744352
39 1994 0.430454545454545 0.142565928872506 3.43683628920748
39 1995 0.475909090909091 0.495344403036483 4.76049176380182
39 1996 0.521363636363636 0.368878650202142 4.24827037906226
39 1997 0.566818181818182 0.0916210080649976 3.16692839263562
39 1998 0.612272727272727 0.116982848820797 3.26800208861263
39 1999 0.657727272727273 0.320918927194469 4.04091372347746
39 2000 0.703181818181818 0.24193873685791 3.73437993405372
39 2001 0.748636363636364 0.460425878634197 4.54011596930749
39 2002 0.794090909090909 0.355189849113093 4.11862065396447
41 1994 0.521363636363636 0.334132798920396 4.12673104498831
41 1995 0.566818181818182 0.125114713812563 3.28372902994896
41 1996 0.612272727272727 0.515570003153361 4.79680316556382
41 1997 0.657727272727273 0.161027215097429 3.41778550249546
41 1998 0.703181818181818 0.335051422279776 4.08417546222726
41 1999 0.748636363636364 0.348361762474535 4.10757483143431
41 2000 0.794090909090909 0.346179472172119 4.09224809649249
41 2001 0.839545454545455 0.442773507471367 4.44379168639676
41 2002 0.885 0.366380611193119 4.13006323115866
43 1994 0.169090909090909 0.359600731804922 4.32310698213031
43 1995 0.214545454545455 0.634317843894436 5.37127519824058
43 1996 0.26 0.249544321208047 3.87683018301702
43 1997 0.305454545454545 0.20120861832296 3.67592343353282
43 1998 0.350909090909091 0.227247680007145 3.77333316370425
43 1999 0.396363636363636 0.214330345235828 3.71578184932029
43 2000 0.441818181818182 0.104350125670975 3.28203034282464
43 2001 0.487272727272727 0.322085284621378 4.08467671491252
43 2002 0.532727272727273 0.250433049217401 3.82577215950781
47 1994 0.646363636363636 0.305044779995816 3.98220667150883
47 1995 0.691818181818182 0.155010326060688 3.3856611080699
47 1996 0.737272727272727 0.429510839191906 4.43480517061046
47 1997 0.782727272727273 0.776054549605787 5.76037830104383
47 1998 0.828181818181818 0.169693096679784 3.38735479856861
47 1999 0.873636363636364 0.216781243252285 3.58248808287768
47 2000 0.919090909090909 0.406274872231284 4.29111210721718
47 2001 0.964545454545455 0.461382544991798 4.48117267211366
47 2002 1.01 0.307009955903854 3.86818684753384
50 1994 0.385 0.18508920251009 3.59919358998957
50 1995 0.430454545454545 0.201748297710241 3.63362698042909
50 1996 0.475909090909091 0.175424753453946 3.53837291887054
50 1997 0.521363636363636 0.223559885381394 3.70496827715403
50 1998 0.566818181818182 0.317002671578814 4.04331386566733
50 1999 0.612272727272727 0.416416092610287 4.42266219724694
50 2000 0.657727272727273 0.262348781058127 3.82347018139909
50 2001 0.703181818181818 0.312638426248513 3.98284469944213
50 2002 0.748636363636364 0.342436351026547 4.10157578817417
51 1994 0.0327272727272727 0.494606184098134 4.88404177312201
51 1995 0.0781818181818182 0.0660774445866041 3.22738473713683
51 1996 0.123636363636364 0.479560407922604 4.81192187822041
51 1997 0.169090909090909 0.49424373972669 4.85595299587554
51 1998 0.214545454545455 0.347534751368386 4.27529366018929
51 1999 0.26 0.512530519470113 4.89940498436212
51 2000 0.305454545454545 0.0989329646727297 3.27822697977156
51 2001 0.350909090909091 0.30261969555241 4.06676572787212
51 2002 0.396363636363636 0.27307070435895 3.93790410833488
53 1994 0.396363636363636 0.401686781356377 4.44283263345385
53 1995 0.441818181818182 0.421951486406622 4.49414408472052
53 1996 0.487272727272727 0.481937732051818 4.70041767553491
53 1997 0.532727272727273 0.447342054395551 4.56370609592837
53 1998 0.578181818181818 0.344155355255456 4.13999837797123
53 1999 0.623636363636364 0.346070098600151 4.14269744378255
53 2000 0.669090909090909 0.340822477586903 4.09986057589406
53 2001 0.714545454545455 0.146389247731716 3.34069366368522
53 2002 0.76 0.332670792609639 4.05407373784438
54 1994 0.362272727272727 0.16684286739927 3.51311185114158
54 1995 0.407727272727273 0.277031548997464 3.95416990132403
54 1996 0.453181818181818 0.251746493501419 3.83850614334622
54 1997 0.498636363636364 0.134339495191792 3.35555008368983
54 1998 0.544090909090909 0.332120373148316 4.11241346820429
54 1999 0.589545454545455 0.367397665075594 4.21664405073343
54 2000 0.635 0.722467866923458 5.57793424642909
54 2001 0.680454545454545 0.429992896105964 4.4485789516719
54 2002 0.725909090909091 0.238342789016298 3.68632715579246
56 1994 0.203181818181818 0.432266860123951 4.59411697597039
56 1995 0.248636363636364 0.167917966151184 3.57494535365429
56 1996 0.294090909090909 0.386558732513657 4.400033631107
56 1997 0.339545454545455 0.540332697853721 4.97935950512233
56 1998 0.385 0.267173054962132 3.89764887206029
56 1999 0.430454545454545 0.188145275911972 3.58426346544737
56 2000 0.475909090909091 0.240653228462612 3.78904123075881
56 2001 0.521363636363636 0.244922687774848 3.77636059795782
56 2002 0.566818181818182 0.31194165864574 4.02573479240611
58 1994 0.0668181818181818 0.336311868503207 4.29305223385741
58 1995 0.112272727272727 0.545497950454183 5.07054935503952
58 1996 0.157727272727273 0.491535635466413 4.86031942307178
58 1997 0.203181818181818 0.320679908869909 4.16665726765198
58 1998 0.248636363636364 0.263889178117473 3.93954896799341
58 1999 0.294090909090909 0.22816281712411 3.78953086116277
58 2000 0.339545454545455 0.288656922143375 4.02111878311704
58 2001 0.385 0.337623489308861 4.19332779548598
58 2002 0.430454545454545 0.423330226967949 4.48915259790152
61 1994 0.146363636363636 0.135489186626581 3.48601782066786
61 1995 0.191818181818182 0.284017455756339 4.02274134962101
61 1996 0.237272727272727 0.238507856302019 3.86065962318558
61 1997 0.282727272727273 0.400495131319488 4.46857064803542
61 1998 0.328181818181818 0.2305709465223 3.79165643468015
61 1999 0.373636363636364 0.154931758475668 3.47999947497785
61 2000 0.419090909090909 0.633162771130758 5.31794123202989
61 2001 0.464545454545455 0.332026879753059 4.13362845912687
61 2002 0.51 0.247627090760986 3.81243311274736
66 1994 0.01 0.285642927839302 4.09622004419869
66 1995 0.0554545454545455 0.303663388324417 4.16349354786689
66 1996 0.100909090909091 0.516934600414093 4.97232439765116
66 1997 0.146363636363636 0.26396388841351 3.95001153238172
66 1998 0.191818181818182 0.0885646809748883 3.28828076421573
66 1999 0.237272727272727 0.440843618496666 4.63415551657625
66 2000 0.282727272727273 0.36866989273323 4.32389571740371
66 2001 0.328181818181818 0.295760866790646 4.03087658617398
66 2002 0.373636363636364 0.351603695169196 4.23349422066116
67 1994 0.237272727272727 0.156629737472587 3.54170815577409
67 1995 0.282727272727273 0.178273063044846 3.60638280714997
67 1996 0.328181818181818 0.268490858547323 3.92808939715225
67 1997 0.373636363636364 0.216851440149344 3.70043652274372
67 1998 0.419090909090909 0.46161392089481 4.65158592115334
67 1999 0.464545454545455 0.241859983106347 3.76711466643764
67 2000 0.51 0.266643767998336 3.89058132978615
67 2001 0.555454545454545 0.184762381450358 3.53636217989805
67 2002 0.600909090909091 0.293860193265599 3.93911877995297
69 1994 0.328181818181818 0.641368907341691 5.3481380901722
69 1995 0.373636363636364 0.174503309446627 3.55652296624013
69 1996 0.419090909090909 0.601458166042297 5.19811333912784
69 1997 0.464545454545455 0.329752982841735 4.1344216548416
69 1998 0.51 0.288485109452149 3.95491516861564
69 1999 0.555454545454545 0.305767154536648 4.00435354212109
69 2000 0.600909090909091 0.404140441339815 4.38596194070017
69 2001 0.646363636363636 0.481009043597954 4.66351846775102
69 2002 0.691818181818182 0.581813457453834 5.05050921126191
71 1994 0.191818181818182 0.334696129298975 4.21590630830655
71 1995 0.237272727272727 0.666929173727204 5.4935101484387
71 1996 0.282727272727273 0.210267580256467 3.7231873836057
71 1997 0.328181818181818 0.275400228716221 3.96365840075246
71 1998 0.373636363636364 0.31916905653847 4.13029317351432
71 1999 0.419090909090909 0.473174588273527 4.69412332139192
71 2000 0.464545454545455 0.329261852810308 4.11645735356375
71 2001 0.51 0.140078990387596 3.38795290222238
71 2002 0.555454545454545 0.50082901892146 4.74246345335251
72 1994 0.521363636363636 0.452356436539898 4.56571235330666
72 1995 0.566818181818182 0.323297347422602 4.06862568696771
72 1996 0.612272727272727 0.164949259532737 3.44077369137895
72 1997 0.657727272727273 0.275811756710844 3.84529129009629
72 1998 0.703181818181818 0.36490808497774 4.17679716342485
72 1999 0.748636363636364 0.553233656020553 4.91641179747086
72 2000 0.794090909090909 0.330815888938009 4.0288163604848
72 2001 0.839545454545455 0.121816444793012 3.21276635455495
72 2002 0.885 0.391379386167222 4.24265949736476
73 1994 0.100909090909091 0.555208044971157 5.10968265155066
73 1995 0.146363636363636 0.505718918462544 4.90923808945505
73 1996 0.191818181818182 0.453633975150048 4.69842193340268
73 1997 0.237272727272727 0.358926761581537 4.31842644954659
73 1998 0.282727272727273 0.433858240665534 4.57387652732662
73 1999 0.328181818181818 0.136887928290768 3.40998598143449
73 2000 0.373636363636364 0.449015469364332 4.61547491111581
73 2001 0.419090909090909 0.307589810270475 4.06447300545964
73 2002 0.464545454545455 0.524503237604909 4.90062891521975
74 1994 0.555454545454545 0.298250720214847 3.96500777074566
74 1995 0.600909090909091 0.273159532273117 3.87574412238252
74 1996 0.646363636363636 0.471258517514366 4.60953914017532
74 1997 0.691818181818182 0.162386637028227 3.40461879015366
74 1998 0.737272727272727 0.307390391034081 3.95526936156835
74 1999 0.782727272727273 0.152964271847593 3.32826211017382
74 2000 0.828181818181818 0.303343793273077 3.90796720381345
74 2001 0.873636363636364 0.350039644569406 4.09952804697161
74 2002 0.919090909090909 0.146322681372494 3.27531461703736
76 1994 0.589545454545455 0.38913951872162 4.33284887524424
76 1995 0.635 0.426668714992653 4.44164738304049
76 1996 0.680454545454545 0.213003669837996 3.61186504129426
76 1997 0.725909090909091 0.429624424475044 4.43717898642121
76 1998 0.771363636363636 0.167830134534295 3.40357288912607
76 1999 0.816818181818182 0.307076012325013 3.91719425707199
76 2000 0.862272727272727 0.270809183977131 3.76522305855883
76 2001 0.907727272727273 0.326994450609727 3.97920513539568
76 2002 0.953181818181818 0.347595156315474 4.04374011710973
77 1994 0.328181818181818 0.250719795525188 3.86708813324259
77 1995 0.373636363636364 0.39322201546194 4.39856949889832
77 1996 0.419090909090909 0.235483749721167 3.77201804828662
77 1997 0.464545454545455 0.199437319047941 3.61310854227205
77 1998 0.51 0.457632683428163 4.62139130329378
77 1999 0.555454545454545 0.123042684483291 3.32261615220158
77 2000 0.600909090909091 0.173949459356733 3.47933866980726
77 2001 0.646363636363636 0.226396339700605 3.66836456208132
77 2002 0.691818181818182 0.370888564247168 4.21422660725471
78 1994 0.566818181818182 0.487228964096733 4.70063055754536
78 1995 0.612272727272727 0.0921431144472106 3.1526014518532
78 1996 0.657727272727273 0.259652291321278 3.79940359597961
78 1997 0.703181818181818 0.366820958778435 4.19683210457473
78 1998 0.748636363636364 0.358368756182885 4.15555393518391
78 1999 0.794090909090909 0.466307126905529 4.55140546417225
78 2000 0.839545454545455 0.146434671883638 3.31368111894413
78 2001 0.885 0.221040868861027 3.55618961020596
78 2002 0.930454545454545 0.430838646451362 4.36495329255044
81 1994 0.566818181818182 0.398249695794411 4.37646013869308
81 1995 0.612272727272727 0.452666414787865 4.55846307107021
81 1996 0.657727272727273 0.183574243462421 3.50116803027296
81 1997 0.703181818181818 0.185260527985154 3.49241542398247
81 1998 0.748636363636364 0.387921074515253 4.25640498454065
81 1999 0.794090909090909 0.378310345089688 4.22021588126099
81 2000 0.839545454545455 0.23047288302145 3.61960405067641
81 2001 0.885 0.192768640565367 3.46352855279805
81 2002 0.930454545454545 0.156437071748687 3.33721895333352
82 1994 0.271363636363636 0.485032451065527 4.7967887016714
82 1995 0.316818181818182 0.114688724557872 3.33560890310753
82 1996 0.362272727272727 0.291042395411151 3.99824132516511
82 1997 0.407727272727273 0.254279117060146 3.85909578028258
82 1998 0.453181818181818 0.492208386606791 4.75499291950414
82 1999 0.498636363636364 0.0944152194630808 3.24390772292073
82 2000 0.544090909090909 0.380162577461309 4.28294914404947
82 2001 0.589545454545455 0.257566585098124 3.81252718168225
82 2002 0.635 0.128066075181106 3.30429417308863
87 1994 0.544090909090909 0.217053380726031 3.66214336071571
87 1995 0.589545454545455 0.198166305484768 3.59996742758626
87 1996 0.635 0.266104382266082 3.83122456774106
87 1997 0.680454545454545 0.072928756531585 3.07321065217103
87 1998 0.725909090909091 0.236755741429207 3.70992462305799
87 1999 0.771363636363636 0.112471431101056 3.18993927569543
87 2000 0.816818181818182 0.19281117590937 3.49683113120942
87 2001 0.862272727272727 0.168931833347794 3.38072789023653
87 2002 0.907727272727273 0.32716256354898 3.99549126788047
88 1994 0.600909090909091 0.409717232258531 4.39611620290636
88 1995 0.646363636363636 0.148954800205371 3.38410491774286
88 1996 0.691818181818182 0.300890403931229 3.95524727965166
88 1997 0.737272727272727 0.288315546019288 3.87907731644693
88 1998 0.782727272727273 0.583985791237877 5.01163895389242
88 1999 0.828181818181818 0.165253729978943 3.37113369867156
88 2000 0.873636363636364 0.224157257565696 3.59049746621409
88 2001 0.919090909090909 0.47208226938448 4.55220433220386
88 2002 0.964545454545455 0.307302401494167 3.87935795412585
89 1994 0.566818181818182 0.528379873925889 4.84703768552041
89 1995 0.612272727272727 0.159287952076187 3.41926434760886
89 1996 0.657727272727273 0.168576043849704 3.46437885542746
89 1997 0.703181818181818 0.432141732800807 4.43573758373823
89 1998 0.748636363636364 0.357204602876217 4.15555264785851
89 1999 0.794090909090909 0.350774354232901 4.12053709701857
89 2000 0.839545454545455 0.174279245668127 3.40805922654236
89 2001 0.885 0.342886773014465 4.03349894819384
89 2002 0.930454545454545 0.465263012173029 4.50196088877409
90 1994 0.203181818181818 0.355703602391196 4.31557512517296
90 1995 0.248636363636364 0.357525050878364 4.28244243486953
90 1996 0.294090909090909 0.579155454825282 5.14470739279425
90 1997 0.339545454545455 0.299351377538324 4.05048434181952
90 1998 0.385 0.128461969048301 3.38586567968449
90 1999 0.430454545454545 0.216074458789073 3.69501009081768
90 2000 0.475909090909091 0.387965032385226 4.35532120170233
90 2001 0.521363636363636 0.535782986150928 4.91888143284846
90 2002 0.566818181818182 0.54195863799236 4.9241755732566
91 1994 0.214545454545455 0.441834515217258 4.64190083402542
91 1995 0.26 0.110622446192109 3.34275778104829
91 1996 0.305454545454545 0.387245838826708 4.38866301541103
91 1997 0.350909090909091 0.68802325647086 5.55004660852694
91 1998 0.396363636363636 0.207719236295619 3.67917677115563
91 1999 0.441818181818182 0.405571713220644 4.42632110957192
91 2000 0.487272727272727 0.493489163853088 4.75386933263079
91 2001 0.532727272727273 0.267244516262086 3.87027821267551
91 2002 0.578181818181818 0.333844604100265 4.09903224309502
92 1994 0.26 0.145112873721646 3.4861817656275
92 1995 0.305454545454545 0.337806932484296 4.22679736021369
92 1996 0.350909090909091 0.468443717760376 4.69065493010973
92 1997 0.396363636363636 0.467742759706046 4.67013491821452
92 1998 0.441818181818182 0.551086713392189 4.98610297866531
92 1999 0.487272727272727 0.45609513000199 4.60672239060539
92 2000 0.532727272727273 0.290741490324254 3.95109076500554
92 2001 0.578181818181818 0.597503617797753 5.14129759040634
92 2002 0.623636363636364 0.140501270337533 3.34272279936144
94 1994 0.316818181818182 0.190609274413944 3.6468131446145
94 1995 0.362272727272727 0.486176107294992 4.75968454154704
94 1996 0.407727272727273 0.38037007426839 4.33959786676232
94 1997 0.453181818181818 0.440923235265755 4.56702687659448
94 1998 0.498636363636364 0.25975077951947 3.85562253187112
94 1999 0.544090909090909 0.424783356632377 4.46468206328876
94 2000 0.589545454545455 0.15551235642477 3.42251199419475
94 2001 0.635 0.409559776277189 4.39456429299923
94 2002 0.680454545454545 0.252677124160399 3.77387059786486
95 1994 0.555454545454545 0.311934574871848 4.03268985601687
95 1995 0.600909090909091 0.271509501636524 3.85607450321587
95 1996 0.646363636363636 0.284935774958392 3.89106565958821
95 1997 0.691818181818182 0.112036353905113 3.21752272621167
95 1998 0.737272727272727 0.481310177747806 4.63178358163892
95 1999 0.782727272727273 0.249820653163268 3.72438511645643
95 2000 0.828181818181818 0.318242604570609 3.99486134971686
95 2001 0.873636363636364 0.416510656705987 4.35982481378033
95 2002 0.919090909090909 0.496594125881409 4.625152326989
96 1994 0.0213636363636364 0.602938748118832 5.31601597288692
96 1995 0.0668181818181818 0.441959107967795 4.67703115638358
96 1996 0.112272727272727 0.306734317365505 4.13456063036954
96 1997 0.157727272727273 0.796373957045983 6.03457872605077
96 1998 0.203181818181818 0.124479574741294 3.41140808905794
96 1999 0.248636363636364 0.358080934301112 4.29537835653878
96 2000 0.294090909090909 0.431369124868702 4.58064149486588
96 2001 0.339545454545455 0.322677847592888 4.14413182825893
96 2002 0.385 0.327797488186356 4.13090076102996
97 1994 0.157727272727273 0.384684786157258 4.43389279825872
97 1995 0.203181818181818 0.299059788176184 4.0926960158719
97 1996 0.248636363636364 0.247029436590574 3.88928460463522
97 1997 0.294090909090909 0.411778967338499 4.50118488401448
97 1998 0.339545454545455 0.202597427212612 3.67857557087182
97 1999 0.385 0.31731363730132 4.10264997395718
97 2000 0.430454545454545 0.361521232569541 4.2510520170808
97 2001 0.475909090909091 0.233375915102366 3.75253508583838
97 2002 0.521363636363636 0.228352213448105 3.71506215388328
100 1994 0.600909090909091 0.367796516473003 4.24241504469462
100 1995 0.646363636363636 0.378852096332246 4.25449539458959
100 1996 0.691818181818182 0.372655869942209 4.234225513742
100 1997 0.737272727272727 0.39582671220875 4.28669805555305
100 1998 0.782727272727273 0.134334900968343 3.27593556479138
100 1999 0.828181818181818 0.4224600844926 4.37505362695473
100 2000 0.873636363636364 0.128088811597147 3.21608853159317
100 2001 0.919090909090909 0.203525328955794 3.50308360352162
100 2002 0.964545454545455 0.309666272488981 3.88195033983626
101 1994 0.578181818181818 0.312263611366233 4.03347578318644
101 1995 0.623636363636364 0.236000166054736 3.71400185753207
101 1996 0.669090909090909 0.290100801748607 3.90428587088543
101 1997 0.714545454545455 0.279972964007304 3.85523084267833
101 1998 0.76 0.406832426638713 4.33515432991487
101 1999 0.805454545454545 0.315207710893954 3.93375074695034
101 2000 0.850909090909091 0.403336962577197 4.29318710929469
101 2001 0.896363636363636 0.378057133341297 4.172127088212
101 2002 0.941818181818182 0.336915544487075 4.01423130576868
102 1994 0.0213636363636364 0.294058561493887 4.12626746516439
102 1995 0.0668181818181818 0.584203206916409 5.21615777752433
102 1996 0.112272727272727 0.527584866051935 4.98957250042535
102 1997 0.157727272727273 0.217524618386316 3.78697233272415
102 1998 0.203181818181818 0.507135073646229 4.89704567089205
102 1999 0.248636363636364 0.240801118077217 3.86180268711537
102 2000 0.294090909090909 0.165800062746097 3.55373657425611
102 2001 0.339545454545455 0.570624077306372 5.11741175061965
102 2002 0.385 0.433237484576761 4.53690128169278
103 1994 0.248636363636364 0.264495310567592 3.94227794650674
103 1995 0.294090909090909 0.525031727787925 4.93148107276824
103 1996 0.339545454545455 0.414318388313776 4.48683373010584
103 1997 0.385 0.611870939650825 5.23056182250663
103 1998 0.430454545454545 0.342035920780599 4.17112604435236
103 1999 0.475909090909091 0.23143867334048 3.75714893122306
103 2000 0.521363636363636 0.443894449416143 4.55597363321484
103 2001 0.566818181818182 0.383648272485433 4.29404058433535
103 2002 0.612272727272727 0.345059274211002 4.11926467046255
104 1994 0.430454545454545 0.209252286664251 3.68028487029059
104 1995 0.475909090909091 0.358597207781994 4.23418798812196
104 1996 0.521363636363636 0.286119754349708 3.93056875357282
104 1997 0.566818181818182 0.410353632769436 4.40646786965061
104 1998 0.612272727272727 0.341286748459546 4.12956026082682
104 1999 0.657727272727273 0.420485228723683 4.43335330568918
104 2000 0.703181818181818 0.266918214606182 3.80167056693271
104 2001 0.748636363636364 0.137336565494592 3.29645366299608
104 2002 0.794090909090909 0.334021793220951 4.05160625459688
105 1994 0.407727272727273 0.298103940885622 4.01558792173046
105 1995 0.453181818181818 0.254658924888465 3.84647828743779
105 1996 0.498636363636364 0.184300795464524 3.58077919220179
105 1997 0.544090909090909 0.26013255767249 3.83289628103776
105 1998 0.589545454545455 0.216127994028799 3.66054649140154
105 1999 0.635 0.168071037491151 3.44446925201593
105 2000 0.680454545454545 0.369858600876615 4.22139332337806
105 2001 0.725909090909091 0.329032925864122 4.04993422236027
105 2002 0.771363636363636 0.309003400442826 3.97431374270558
107 1994 0.544090909090909 0.196927973653521 3.58780020035269
107 1995 0.589545454545455 0.102435693328951 3.21379841297252
107 1996 0.635 0.315141216116607 4.01329432249574
107 1997 0.680454545454545 0.342763622553316 4.10353460020828
107 1998 0.725909090909091 0.277523180815832 3.84259890738371
107 1999 0.771363636363636 0.224050527163588 3.65278061763134
107 2000 0.816818181818182 0.486582478483311 4.6286062361428
107 2001 0.862272727272727 0.346005343025474 4.06958553143178
107 2002 0.907727272727273 0.588871389994127 4.99589670074485
108 1994 0.475909090909091 0.31825020037074 4.06930586538281
108 1995 0.521363636363636 0.261877265740441 3.85271734262541
108 1996 0.566818181818182 0.19501689172456 3.56687900963175
108 1997 0.612272727272727 0.497596240852854 4.73129246011203
108 1998 0.657727272727273 0.376070770706892 4.25182065727579
108 1999 0.703181818181818 1.01 6.6725274292275
108 2000 0.748636363636364 0.356932160460599 4.15277814118501
108 2001 0.794090909090909 0.393003704151304 4.26173811182216
108 2002 0.839545454545455 0.785034279178627 5.75459779621505
110 1994 0.135 0.23224928103442 3.84332701116996
110 1995 0.180454545454545 0.462783991754265 4.72998641662954
110 1996 0.225909090909091 0.329166109333344 4.22153682749519
110 1997 0.271363636363636 0.255519074671892 3.90154378815341
110 1998 0.316818181818182 0.153652401253915 3.47652399312818
110 1999 0.362272727272727 0.272901633265408 3.93038856400795
110 2000 0.407727272727273 0.384717724674646 4.37226887190053
110 2001 0.453181818181818 0.359689884712433 4.26149870108092
110 2002 0.498636363636364 0.187430707153844 3.56518913626671
111 1994 0.214545454545455 0.232074095659465 3.81331581849124
111 1995 0.26 0.314230923902548 4.1334073535557
111 1996 0.305454545454545 0.200575453710504 3.68722527237105
111 1997 0.350909090909091 0.337814316920639 4.189250751888
111 1998 0.396363636363636 0.351204752385016 4.23200067778553
111 1999 0.441818181818182 0.131759141328292 3.36943804910792
111 2000 0.487272727272727 0.364681321958394 4.27047471167779
111 2001 0.532727272727273 0.266734572020925 3.86880905131992
111 2002 0.578181818181818 0.293115752490958 3.97687907882802
112 1994 0.555454545454545 0.175381118423895 3.49735097587241
112 1995 0.600909090909091 0.262446646018381 3.85151132347733
112 1996 0.646363636363636 0.348013925053437 4.1393694534447
112 1997 0.691818181818182 0.487966351032224 4.67656931059576
112 1998 0.737272727272727 0.124415264927949 3.24495688133866
112 1999 0.782727272727273 0.205815675515034 3.5455490329589
112 2000 0.828181818181818 0.37536272537999 4.20209051521368
112 2001 0.873636363636364 0.240072952170113 3.66423275114757
112 2002 0.919090909090909 0.24673461685047 3.67765387378777
113 1994 0.191818181818182 0.215864718089187 3.80200827740256
113 1995 0.237272727272727 0.293339512431388 4.0481267740598
113 1996 0.282727272727273 0.296357990276087 4.05236663575751
113 1997 0.328181818181818 0.380833046617561 4.37145442900992
113 1998 0.373636363636364 0.390370459934759 4.37064813778529
113 1999 0.419090909090909 0.327013763528611 4.1294705920716
113 2000 0.464545454545455 0.355850614276125 4.2281512840455
113 2001 0.51 0.433649176833486 4.50136288313117
113 2002 0.555454545454545 0.337351887147418 4.1270787683512
114 1994 0.01 0.19875086080323 3.76813989906422
114 1995 0.0554545454545455 0.39127449469392 4.49641784096136
114 1996 0.100909090909091 0.378639065215772 4.43650929736016
114 1997 0.146363636363636 0.160134378195167 3.57347873689157
114 1998 0.191818181818182 0.598283598944109 5.25164657481812
114 1999 0.237272727272727 0.349906790151263 4.28969870097274
114 2000 0.282727272727273 0.392284663166643 4.4229597572734
114 2001 0.328181818181818 0.370203326645522 4.32390142308373
114 2002 0.373636363636364 0.39051884666015 4.39034641260907
115 1994 0.487272727272727 0.489496130504411 4.74166910248137
115 1995 0.532727272727273 0.336738447740996 4.11918128674411
115 1996 0.578181818181818 0.292681283313543 3.95126086741625
115 1997 0.623636363636364 0.158262872841093 3.43034615274048
115 1998 0.669090909090909 0.557819672778505 4.94111664431399
115 1999 0.714545454545455 0.549316884786323 4.89475895905783
115 2000 0.76 0.262949729315229 3.77607337320458
115 2001 0.805454545454545 0.22348381918542 3.60072809863399
115 2002 0.850909090909091 0.344912215833411 4.07413949308559
117 1994 0.305454545454545 0.464415567923597 4.70995449227764
117 1995 0.350909090909091 0.0990729373279991 3.26314252136412
117 1996 0.396363636363636 0.330931441103385 4.16136467700258
117 1997 0.441818181818182 0.447970846761611 4.5835918465005
117 1998 0.487272727272727 0.177542021281288 3.53879997293451
117 1999 0.532727272727273 0.284327532334926 3.93783962741728
117 2000 0.578181818181818 0.415417644481561 4.41529276057985
117 2001 0.623636363636364 0.271191480699042 3.8380373159329
117 2002 0.669090909090909 0.216534257320999 3.63574563099623
119 1994 0.0213636363636364 0.43200693342192 4.63916136201191
119 1995 0.0668181818181818 0.14446010707009 3.52421647975677
119 1996 0.112272727272727 0.321779313379989 4.22063589908376
119 1997 0.157727272727273 0.192079727517969 3.68569324521721
119 1998 0.203181818181818 0.278373806276801 4.01153071275663
119 1999 0.248636363636364 0.254132469611435 3.89649223362601
119 2000 0.294090909090909 0.20332934045662 3.68877242227381
119 2001 0.339545454545455 0.141840699551826 3.44903497303004
119 2002 0.385 0.383197721035355 4.37400215495738
121 1994 0.0668181818181818 0.147121699201211 3.54681796863901
121 1995 0.112272727272727 0.421570925616053 4.59330706080857
121 1996 0.157727272727273 0.476585961227785 4.79011057578794
121 1997 0.203181818181818 0.236755980166652 3.86181715030154
121 1998 0.248636363636364 0.391911441774078 4.43428333286091
121 1999 0.294090909090909 0.491157977336483 4.82859238392549
121 2000 0.339545454545455 0.209911044299004 3.71067366044321
121 2001 0.385 0.38229220678334 4.34884045933657
121 2002 0.430454545454545 0.365384083310918 4.27773089497478
123 1994 0.589545454545455 0.322664204522537 4.0490172997381
123 1995 0.635 0.248316359441232 3.78117980674533
123 1996 0.680454545454545 0.448800608668203 4.52434909463246
123 1997 0.725909090909091 0.267545807780841 3.79787067947388
123 1998 0.771363636363636 0.237824063550811 3.67473019272385
123 1999 0.816818181818182 0.241987617367923 3.66942721213531
123 2000 0.862272727272727 0.313712699614346 3.95140277153582
123 2001 0.907727272727273 0.654449572309805 5.24421404276685
123 2002 0.953181818181818 0.376066491254813 4.15820360611077
125 1994 0.271363636363636 0.149645925269697 3.49739172573002
125 1995 0.316818181818182 0.397383587776335 4.43298423214667
125 1996 0.362272727272727 0.421618062440768 4.49891869193655
125 1997 0.407727272727273 0.295982960086183 3.99895952881886
125 1998 0.453181818181818 0.585060469803738 5.11541881189184
125 1999 0.498636363636364 0.274880952876164 3.90340636028057
125 2000 0.544090909090909 0.266132662521461 3.853402353219
125 2001 0.589545454545455 0.158411296181741 3.43728691506929
125 2002 0.635 0.494553757948855 4.70830274596769
128 1994 0.385 0.303134578271565 4.06221010830956
128 1995 0.430454545454545 0.345838371692298 4.18799181852549
128 1996 0.475909090909091 0.310894148270613 4.04557392169005
128 1997 0.521363636363636 0.209764193058727 3.63982549659961
128 1998 0.566818181818182 0.761940260719149 5.75382896521691
128 1999 0.612272727272727 0.333928902036318 4.08173159118473
128 2000 0.657727272727273 0.249096487298942 3.75834446003292
128 2001 0.703181818181818 0.309144218778383 3.98781174756838
128 2002 0.748636363636364 0.405135990920199 4.35107445872416
129 1994 0.419090909090909 0.466549476842172 4.67986673659429
129 1995 0.464545454545455 0.327917987271926 4.12736611642114
129 1996 0.51 0.456010250255622 4.59408803323584
129 1997 0.555454545454545 0.372783155548178 4.26142843909722
129 1998 0.600909090909091 0.3194200971504 4.04893656276178
129 1999 0.646363636363636 0.179815589531564 3.4888692025546
129 2000 0.691818181818182 0.331383238193067 4.06833826437003
129 2001 0.737272727272727 0.262439899743433 3.78646511117462
129 2002 0.782727272727273 0.251345579193074 3.73655302396846
130 1994 0.532727272727273 0.0739172438390934 3.10623311965529
130 1995 0.578181818181818 0.359479894145877 4.20501967683528
130 1996 0.623636363636364 0.297209204096545 3.94858186849711
130 1997 0.669090909090909 0.548271832519911 4.91245530546671
130 1998 0.714545454545455 0.132330873679807 3.29455593505367
130 1999 0.76 0.334285089463568 4.05506233210048
130 2000 0.805454545454545 0.242357928297324 3.69526083789376
130 2001 0.850909090909091 0.104282874752783 3.13484373408922
130 2002 0.896363636363636 0.540059628815696 4.78811744385416
132 1994 0.373636363636364 0.494162447263437 4.79058109596106
132 1995 0.419090909090909 0.183407813698331 3.57197148933412
132 1996 0.464545454545455 0.308104498075264 4.03578314783097
132 1997 0.51 0.325604583671355 4.09949183192801
132 1998 0.555454545454545 0.191383305256664 3.57768318830378
132 1999 0.600909090909091 0.289189098735234 3.93006033978126
132 2000 0.646363636363636 0.156856382769685 3.41863797042849
132 2001 0.691818181818182 0.552928359993295 4.91776066721799
132 2002 0.737272727272727 0.264700307922707 3.78350091790597
134 1994 0.316818181818182 0.406925124036234 4.48292069733956
134 1995 0.362272727272727 0.352135871880029 4.25794276567486
134 1996 0.407727272727273 0.334761141588776 4.16331011914054
134 1997 0.453181818181818 0.470649942833096 4.67610445476963
134 1998 0.498636363636364 0.364998728137346 4.24067477581497
134 1999 0.544090909090909 0.429654217108892 4.50960243054705
134 2000 0.589545454545455 0.371977335071416 4.25316737718757
134 2001 0.635 0.219176888840195 3.64129369426692
134 2002 0.680454545454545 0.517582712114382 4.78773685489159
135 1994 0.01 0.198515959845186 3.7541731707787
135 1995 0.0554545454545455 0.29779431849505 4.15425411531444
135 1996 0.100909090909091 0.34848110534017 4.31103273446606
135 1997 0.146363636363636 0.164763684955031 3.59365533633647
135 1998 0.191818181818182 0.568642651310021 5.14204579551948
135 1999 0.237272727272727 0.583748881927616 5.19262386977362
135 2000 0.282727272727273 0.0917059461527561 3.26558404589661
135 2001 0.328181818181818 0.171959357386679 3.56673911379491
135 2002 0.373636363636364 0.149805369645052 3.46759029519791
137 1994 0.305454545454545 0.164659435327665 3.54039700672807
137 1995 0.350909090909091 0.203447440730217 3.68132674235018
137 1996 0.396363636363636 0.209797115088233 3.69558282769228
137 1997 0.441818181818182 0.60118820836762 5.19803237490248
137 1998 0.487272727272727 0.138340922012747 3.37181309221043
137 1999 0.532727272727273 0.261086843198047 3.84749622126469
137 2000 0.578181818181818 0.173433634000985 3.50479164469735
137 2001 0.623636363636364 0.313456361347416 4.02993207976326
137 2002 0.669090909090909 0.262352362582042 3.81181591995854
138 1994 0.271363636363636 0.181630108055105 3.61419094656846
138 1995 0.316818181818182 0.287217607917593 4.01827151133967
138 1996 0.362272727272727 0.250143506476121 3.84526275362821
138 1997 0.407727272727273 0.289679665174006 4.01112506633836
138 1998 0.453181818181818 0.162948571479003 3.49977941613603
138 1999 0.498636363636364 0.180316267331725 3.5357387799706
138 2000 0.544090909090909 0.259525603284906 3.84234808858493
138 2001 0.589545454545455 0.122595415222862 3.30187497716309
138 2002 0.635 0.183632413780853 3.51702066303296
139 1994 0.350909090909091 0.407928506453894 4.45697990149567
139 1995 0.396363636363636 0.234266959642801 3.77849673394449
139 1996 0.441818181818182 0.332604793077868 4.13952620429504
139 1997 0.487272727272727 0.258146883412264 3.84722244531409
139 1998 0.532727272727273 0.172560484380158 3.49531318979438
139 1999 0.578181818181818 0.1329781730455 3.33287850276593
139 2000 0.623636363636364 0.188962129718768 3.53504349152275
139 2001 0.669090909090909 0.261728684257865 3.8106153680502
139 2002 0.714545454545455 0.339043961645153 4.08483199892879
140 1994 0.316818181818182 0.21096008377921 3.72306117875653
140 1995 0.362272727272727 0.323587839671035 4.14306047958655
140 1996 0.407727272727273 0.147140639513709 3.44441872990664
140 1997 0.453181818181818 0.185577706879936 3.60127014361498
140 1998 0.498636363636364 0.630457706430481 5.2794909489042
140 1999 0.544090909090909 0.326996646374462 4.08734886762659
140 2000 0.589545454545455 0.47937343963672 4.67068444942492
140 2001 0.635 0.193166051262821 3.55346206422521
140 2002 0.680454545454545 0.676359352961634 5.3997931982475
141 1994 0.225909090909091 0.313031153406072 4.13744197123336
141 1995 0.271363636363636 0.276233571288602 3.99241704017289
141 1996 0.316818181818182 0.21153864766625 3.71906922894065
141 1997 0.362272727272727 0.238288136785294 3.8169052898182
141 1998 0.407727272727273 0.405728593077584 4.44075984382591
141 1999 0.453181818181818 0.141236502610558 3.397407165518
141 2000 0.498636363636364 0.450713686061285 4.57805875028974
141 2001 0.544090909090909 0.479329843433 4.68674519518543
141 2002 0.589545454545455 0.263255263217085 3.81182040948226
145 1994 0.407727272727273 0.325041345482786 4.1143439881566
145 1995 0.453181818181818 0.346718975645694 4.19132026831382
145 1996 0.498636363636364 0.591450675937654 5.12745367162525
145 1997 0.544090909090909 0.506540250048151 4.78889878104701
145 1998 0.589545454545455 0.29651167069408 3.95495447103194
145 1999 0.635 0.34117041728512 4.1259308689355
145 2000 0.680454545454545 0.214957531954767 3.61971126611261
145 2001 0.725909090909091 0.357416648792429 4.14944675378871
145 2002 0.771363636363636 0.371883641782314 4.2018269752904
146 1994 0.566818181818182 0.368638695740121 4.24938462845888
146 1995 0.612272727272727 0.286080336999506 3.92974116759578
146 1996 0.657727272727273 0.444350431540123 4.52578166548735
146 1997 0.703181818181818 0.273224066436585 3.83891404151653
146 1998 0.748636363636364 0.267275038153962 3.79452475710288
146 1999 0.794090909090909 0.554569119423255 4.89382989415698
146 2000 0.839545454545455 0.215443165205355 3.57755002728134
146 2001 0.885 0.392143092589057 4.23502711091122
146 2002 0.930454545454545 0.369168888762902 4.13410837043149
147 1994 0.157727272727273 0.270445389930257 4.00168559402272
147 1995 0.203181818181818 0.304590992303595 4.10234604635746
147 1996 0.248636363636364 0.273854866862159 3.97168794870064
147 1997 0.294090909090909 0.356144963809582 4.28645135819431
147 1998 0.339545454545455 0.218837263078648 3.7387733201721
147 1999 0.385 0.414079590535811 4.48039904595227
147 2000 0.430454545454545 0.376325508402844 4.31058407293225
147 2001 0.475909090909091 0.546907527940036 4.96970730212631
147 2002 0.521363636363636 0.581357126817615 5.09220391297881
148 1994 0.180454545454545 0.111882855351808 3.37574924247235
148 1995 0.225909090909091 0.179779791872536 3.6393293739448
148 1996 0.271363636363636 0.0997349408041417 3.29041574099312
148 1997 0.316818181818182 0.224137308418755 3.75676088196749
148 1998 0.362272727272727 0.56003842136086 5.05365215160527
148 1999 0.407727272727273 0.508858199350724 4.83834575668207
148 2000 0.453181818181818 0.237193084405358 3.76702406660726
148 2001 0.498636363636364 0.396808134061866 4.3890349340283
148 2002 0.544090909090909 0.468666287964844 4.63872719807317
149 1994 0.157727272727273 0.111105759188172 3.39701426036935
149 1995 0.203181818181818 0.532420794688678 4.99402138376199
149 1996 0.248636363636364 0.359855204911288 4.31034685781426
149 1997 0.294090909090909 0.245315175190595 3.83457116757341
149 1998 0.339545454545455 0.363253426171946 4.29605697370255
149 1999 0.385 0.422217468092168 4.52144487359829
149 2000 0.430454545454545 0.366626128766899 4.28181314806229
149 2001 0.475909090909091 0.354744397541631 4.23649206741608
149 2002 0.521363636363636 0.170125979687204 3.48952656620354
150 1994 0.146363636363636 0.17231265133603 3.60477426339702
150 1995 0.191818181818182 0.259782384673996 3.96038380617176
150 1996 0.237272727272727 0.264978747558483 3.93976103128696
150 1997 0.282727272727273 0.361123497561585 4.3136790447489
150 1998 0.328181818181818 0.473230966753538 4.74814697557759
150 1999 0.373636363636364 0.435507315353387 4.58335961137864
150 2000 0.419090909090909 0.0839943483690381 3.1941893860635
150 2001 0.464545454545455 0.233827959305909 3.73599655557054
150 2002 0.51 0.453564739691556 4.59414403729256
151 1994 0.51 0.276110419635158 3.91379834550685
151 1995 0.555454545454545 0.221024620654441 3.68580293382913
151 1996 0.600909090909091 0.362962608838203 4.19492500026962
151 1997 0.646363636363636 0.288354538014503 3.92300641325665
151 1998 0.691818181818182 0.573369035959253 4.99453843308953
151 1999 0.737272727272727 0.25398813679405 3.75102242028986
151 2000 0.782727272727273 0.297255685088426 3.91846990718311
151 2001 0.828181818181818 0.348317865982644 4.08971991900326
151 2002 0.873636363636364 0.331245290170967 4.01748450272508
153 1994 0.635 0.224282413753157 3.65616555749324
153 1995 0.680454545454545 0.286985799853764 3.9049354226794
153 1996 0.725909090909091 0.227678540954193 3.67442703233396
153 1997 0.771363636363636 0.491386805181258 4.65974127839315
153 1998 0.816818181818182 0.514858197639044 4.74528580034096
153 1999 0.862272727272727 0.255876860627457 3.71274780432799
153 2000 0.907727272727273 0.427476731537371 4.34054958565586
153 2001 0.953181818181818 0.496439762214808 4.61392457312879
153 2002 0.998636363636364 0.423841877094087 4.33439949157865
154 1994 0.146363636363636 0.185805834931153 3.67252193859117
154 1995 0.191818181818182 0.091075316086438 3.27976699945126
154 1996 0.237272727272727 0.329362295784887 4.20511804857192
154 1997 0.282727272727273 0.216058107456604 3.74967447639978
154 1998 0.328181818181818 0.448255049868356 4.63223266246323
154 1999 0.373636363636364 0.354131387402642 4.26164856429107
154 2000 0.419090909090909 0.198140874983684 3.65758530189815
154 2001 0.464545454545455 0.378755780397144 4.32060272510973
154 2002 0.51 0.264992759221967 3.86762617464304
156 1994 0.464545454545455 0.219262893923402 3.69054502656911
156 1995 0.51 0.16035211007368 3.45988335985775
156 1996 0.555454545454545 0.331172309791932 4.11908675842553
156 1997 0.600909090909091 0.344934932944196 4.13236887111304
156 1998 0.646363636363636 0.268176208583777 3.83968707284694
156 1999 0.691818181818182 0.314249549111904 4.00301476240924
156 2000 0.737272727272727 0.349888914490874 4.11167379785241
156 2001 0.782727272727273 0.165619061777056 3.39192672473391
156 2002 0.828181818181818 0.427236397298372 4.39568826619007
158 1994 0.532727272727273 0.334573157330453 4.11392149567349
158 1995 0.578181818181818 0.235014537227362 3.71802331560197
158 1996 0.623636363636364 0.411867647619446 4.38946856893715
158 1997 0.669090909090909 0.120168553443365 3.25311484596568
158 1998 0.714545454545455 0.188303969895372 3.51016951109225
158 1999 0.76 0.517849698936253 4.77010112661434
158 2000 0.805454545454545 0.29851426233627 3.90853040817288
158 2001 0.850909090909091 0.376200101204549 4.18570925206792
158 2002 0.896363636363636 0.369286215642494 4.13560440695263
161 1994 0.339545454545455 0.591674662647344 5.17082584067058
161 1995 0.385 0.365830506963872 4.28898896684463
161 1996 0.430454545454545 0.419851248754191 4.4820801022433
161 1997 0.475909090909091 0.199589913943247 3.60474431396911
161 1998 0.521363636363636 0.456376707425813 4.60112290159464
161 1999 0.566818181818182 0.139305536188904 3.3707909670896
161 2000 0.612272727272727 0.315200473955546 4.0404080070315
161 2001 0.657727272727273 0.304476537782805 3.97102059441014
161 2002 0.703181818181818 0.346490555766995 4.13870769478321
162 1994 0.521363636363636 0.0778801762426528 3.13994080501391
162 1995 0.566818181818182 0.449340865557204 4.56208394815383
162 1996 0.612272727272727 0.244078728933393 3.76322217032195
162 1997 0.657727272727273 0.519713167550559 4.79021613851793
162 1998 0.703181818181818 0.305289021073821 3.9734676385022
162 1999 0.748636363636364 0.230724053477041 3.65175820557012
162 2000 0.794090909090909 0.283345683747703 3.83780400383585
162 2001 0.839545454545455 0.417563874298396 4.34130629012556
162 2002 0.885 0.347873053306946 4.07414454778235
163 1994 0.203181818181818 0.191757909707371 3.66431453120085
163 1995 0.248636363636364 0.334628684898659 4.22004916626245
163 1996 0.294090909090909 0.365123829090037 4.31414202148577
163 1997 0.339545454545455 0.552748328064053 5.03115926384527
163 1998 0.385 0.38832987658182 4.37926900723456
163 1999 0.430454545454545 0.233753984188381 3.76885656102713
163 2000 0.475909090909091 0.226034006572313 3.71865919141683
163 2001 0.521363636363636 0.280445629192168 3.9257279342802
163 2002 0.566818181818182 0.372221102799418 4.2571225779803
164 1994 0.0213636363636364 0.537795680122554 5.06401096853707
164 1995 0.0668181818181818 0.293358689417702 4.10307947076159
164 1996 0.112272727272727 0.208722150596016 3.77110604955239
164 1997 0.157727272727273 0.378547513374243 4.41970414886897
164 1998 0.203181818181818 0.264826696588618 3.95630053365855
164 1999 0.248636363636364 0.408202757128549 4.50128366581596
164 2000 0.294090909090909 0.220002436600765 3.76772698803097
164 2001 0.339545454545455 0.413286752598026 4.48449830461848
164 2002 0.385 0.396541087896799 4.41349619583045
165 1994 0.373636363636364 0.302380586709802 4.04936040824615
165 1995 0.419090909090909 0.0897351284280024 3.22955956738747
165 1996 0.464545454545455 0.443860761417711 4.5775454454441
165 1997 0.51 0.495090706415676 4.75480326148713
165 1998 0.555454545454545 0.42515582375346 4.46189864717435
165 1999 0.600909090909091 0.351686745153227 4.17372364668149
165 2000 0.646363636363636 0.375614366399385 4.23294914174189
165 2001 0.691818181818182 0.229595987822094 3.66625447475804
165 2002 0.737272727272727 0.331133815779534 4.03923748042183
166 1994 0.237272727272727 0.395106465145217 4.45603985918473
166 1995 0.282727272727273 0.456316879531949 4.6782963862065
166 1996 0.328181818181818 0.397105682557342 4.42671015645602
166 1997 0.373636363636364 0.280276002651512 3.97689443226898
166 1998 0.419090909090909 0.0648114939100369 3.10721735689667
166 1999 0.464545454545455 0.208008158848669 3.65964321063625
166 2000 0.51 0.327767783266029 4.09763843700812
166 2001 0.555454545454545 0.390339181310877 4.32619317120651
166 2002 0.600909090909091 0.358380243683824 4.18333779050749
169 1994 0.135 0.246743253311371 3.90491124235042
169 1995 0.180454545454545 0.273882443733493 3.98477420027723
169 1996 0.225909090909091 0.207621261233106 3.73406512280182
169 1997 0.271363636363636 0.228131726914635 3.80066927160309
169 1998 0.316818181818182 0.391440027557586 4.42086311614112
169 1999 0.362272727272727 0.337159618025143 4.19611187292723
169 2000 0.407727272727273 0.612395406996456 5.24160244544863
169 2001 0.453181818181818 0.323859095209394 4.10694226002027
169 2002 0.498636363636364 0.225749672372272 3.71669510546765
170 1994 0.123636363636364 0.297031853263194 4.08312420910915
170 1995 0.169090909090909 0.29271164460252 4.07364073548689
170 1996 0.214545454545455 0.255110261112865 3.92095553989425
170 1997 0.26 0.508554279181578 4.88243434916585
170 1998 0.305454545454545 0.0669579393280042 3.17675641894402
170 1999 0.350909090909091 0.142486963881949 3.4400754098674
170 2000 0.396363636363636 0.401736297958593 4.44301579748092
170 2001 0.441818181818182 0.387231097106086 4.37367664870126
170 2002 0.487272727272727 0.507621689708128 4.79461344246096
173 1994 0.635 0.404736243136023 4.3653566761032
173 1995 0.680454545454545 0.102421244644902 3.16986191184847
173 1996 0.725909090909091 0.231192130975266 3.66677765651232
173 1997 0.771363636363636 0.529902038038504 4.81247010151983
173 1998 0.816818181818182 0.269704587894801 3.78294584492133
173 1999 0.862272727272727 0.817419631864233 5.88195462203946
173 2000 0.907727272727273 0.201204202239568 3.47389232027199
173 2001 0.953181818181818 0.32862201275609 3.98008358766192
173 2002 0.998636363636364 0.375920831708845 4.14265370983226
175 1994 0.203181818181818 0.343240395409929 4.25785978930729
175 1995 0.248636363636364 0.17335375068852 3.59422406756604
175 1996 0.294090909090909 0.276890163094593 3.9776116892618
175 1997 0.339545454545455 0.149512946975325 3.4658828816528
175 1998 0.385 0.349888359199795 4.23680652955151
175 1999 0.430454545454545 0.351239364397514 4.2162196258129
175 2000 0.475909090909091 0.268175985710833 3.86515635550544
175 2001 0.521363636363636 0.593600898924689 5.11988562731614
175 2002 0.566818181818182 0.30627032379391 4.00417306274906
176 1994 0.453181818181818 0.304711447918664 4.02914154491818
176 1995 0.498636363636364 0.10628225673261 3.24270713712452
176 1996 0.544090909090909 0.48844555601268 4.71549671627247
176 1997 0.589545454545455 0.308102483100793 4.00432049312601
176 1998 0.635 0.191010351775976 3.53302921682696
176 1999 0.680454545454545 0.408502430622802 4.38461386503843
176 2000 0.725909090909091 0.0706394973439153 3.05235731860381
176 2001 0.771363636363636 0.105671249315363 3.1683567986867
176 2002 0.816818181818182 0.187739377069466 3.4687390206577
178 1994 0.169090909090909 0.18792807250399 3.6743987714104
178 1995 0.214545454545455 0.266751734031181 3.9745059134956
178 1996 0.26 0.271682009957075 3.96821554412038
178 1997 0.305454545454545 0.311801576064398 4.11724125341523
178 1998 0.350909090909091 0.273185803660473 3.94715000250076
178 1999 0.396363636363636 0.424093001782974 4.50629939901036
178 2000 0.441818181818182 0.209835882869362 3.68077572376338
178 2001 0.487272727272727 0.69775710182107 5.54672120901062
178 2002 0.532727272727273 0.374607467580864 4.28015772080171
180 1994 0.339545454545455 0.126156872947237 3.36754483268854
180 1995 0.385 0.247677853438281 3.83413747660855
180 1996 0.430454545454545 0.345584282855129 4.19242905509059
180 1997 0.475909090909091 0.349031464778382 4.19077749898558
180 1998 0.521363636363636 0.146798120825849 3.3961785352524
180 1999 0.566818181818182 0.130087570571187 3.31915913442302
180 2000 0.612272727272727 0.508733316263208 4.77132222600641
180 2001 0.657727272727273 0.113055916896429 3.22970529434067
180 2002 0.703181818181818 0.351415287647157 4.14115631090854
182 1994 0.112272727272727 0.170963287000997 3.63257040970314
182 1995 0.157727272727273 0.227077984223011 3.83739218618004
182 1996 0.203181818181818 0.433536123628253 4.59282107699851
182 1997 0.248636363636364 0.454311066557618 4.6534130042898
182 1998 0.294090909090909 0.241310842991965 3.84181868862174
182 1999 0.339545454545455 0.349943546947869 4.22668407026374
182 2000 0.385 0.302776428389745 4.04419842483432
182 2001 0.430454545454545 0.309970575782247 4.07489372233407
182 2002 0.475909090909091 0.103533774933934 3.23374470027295
184 1994 0.498636363636364 0.176878816892765 3.52584570498323
184 1995 0.544090909090909 0.161282328523652 3.45355608528837
184 1996 0.589545454545455 0.362259525605557 4.22106742755907
184 1997 0.635 0.29889153056348 3.95948015814154
184 1998 0.680454545454545 0.143935654545484 3.35434487123795
184 1999 0.725909090909091 0.384150743649225 4.25066474630027
184 2000 0.771363636363636 0.234001094488733 3.66337302383733
184 2001 0.816818181818182 0.509960396485417 4.70226233433631
184 2002 0.862272727272727 0.334696461250665 4.02013028185101
188 1994 0.135 0.537225907041169 5.02620963540581
188 1995 0.180454545454545 0.494556334280491 4.84619794631458
188 1996 0.225909090909091 0.537765848366088 5.01690898141364
188 1997 0.271363636363636 0.10648568111766 3.33213148615497
188 1998 0.316818181818182 0.249768286193484 3.8659414109121
188 1999 0.362272727272727 0.234943619979558 3.77587126703091
188 2000 0.407727272727273 0.357489211915385 4.26048686393088
188 2001 0.453181818181818 0.384529081319938 4.34926072679488
188 2002 0.498636363636364 0.195115741836416 3.59164760014863
191 1994 0.157727272727273 0.412209633709115 4.53803364699417
191 1995 0.203181818181818 0.201881877869373 3.71793980742921
191 1996 0.248636363636364 0.413312948967368 4.52472975534246
191 1997 0.294090909090909 0.416450862472099 4.51305951140046
191 1998 0.339545454545455 0.325737035937964 4.15296627460076
191 1999 0.385 0.228125089047743 3.75257876245378
191 2000 0.430454545454545 0.522661407891524 4.89316893467319
191 2001 0.475909090909091 0.251381591965073 3.80342318874487
191 2002 0.521363636363636 0.512757530084894 4.81756248284795
192 1994 0.191818181818182 0.226952349211139 3.81784612243706
192 1995 0.237272727272727 0.364956655850959 4.33295578309329
192 1996 0.282727272727273 0.557074112696381 5.05975173948733
192 1997 0.328181818181818 0.29745274210422 4.04428269610439
192 1998 0.373636363636364 0.317351752030154 4.09900203238457
192 1999 0.419090909090909 0.345009882477436 4.20794761856751
192 2000 0.464545454545455 0.445655596329618 4.56060064564328
192 2001 0.51 0.609148031544503 5.20060896865523
192 2002 0.555454545454545 0.569631648352941 5.0238219346339
193 1994 0.146363636363636 0.496075493847341 4.85298393258642
193 1995 0.191818181818182 0.268464321261979 3.9924209224903
193 1996 0.237272727272727 0.348286169772945 4.27264663178681
193 1997 0.282727272727273 0.250753139811886 3.86733984276031
193 1998 0.328181818181818 0.169485288038894 3.55379948432306
193 1999 0.373636363636364 0.365376110524669 4.2972791535216
193 2000 0.419090909090909 0.262765872966134 3.8749342082933
193 2001 0.464545454545455 0.238641115637774 3.77499249175067
193 2002 0.51 0.497400988812173 4.76333617126573
194 1994 0.191818181818182 0.31373355499211 4.1553883453734
194 1995 0.237272727272727 0.367485026619072 4.33538354986919
194 1996 0.282727272727273 0.31624075934849 4.13259637721885
194 1997 0.328181818181818 0.197748436086387 3.66368919623765
194 1998 0.373636363636364 0.226974005931773 3.74858234847048
194 1999 0.419090909090909 0.315798458159489 4.08475126062601
194 2000 0.464545454545455 0.490755011660836 4.73085748829478
194 2001 0.51 0.417991708011713 4.46049839146713
194 2002 0.555454545454545 0.266305593335756 3.84504032163461
198 1994 0.373636363636364 0.353005096621009 4.24173053384668
198 1995 0.419090909090909 0.386594675414706 4.37176554476249
198 1996 0.464545454545455 0.379559708104612 4.3311710466629
198 1997 0.51 0.153245433141682 3.42082299906933
198 1998 0.555454545454545 0.389967465026868 4.33277123572335
198 1999 0.600909090909091 0.257970064358883 3.82095673588261
198 2000 0.646363636363636 0.301288055201409 3.96480346456255
198 2001 0.691818181818182 0.370086593942518 4.20401139867897
198 2002 0.737272727272727 0.334841994425553 4.06159017230754
201 1994 0.271363636363636 0.318182902124793 4.15002396692404
201 1995 0.316818181818182 0.146923029177321 3.47215319313669
201 1996 0.362272727272727 0.426847957956657 4.53218862346674
201 1997 0.407727272727273 0.339908172039585 4.184881342727
201 1998 0.453181818181818 0.187577493670831 3.58430441753343
201 1999 0.498636363636364 0.46648349914555 4.64386938142295
201 2000 0.544090909090909 0.381846573284242 4.29710208873389
201 2001 0.589545454545455 0.297275783569888 3.96009887016554
201 2002 0.635 0.504226937885986 4.75096966894665
206 1994 0.0895454545454545 0.364874303223254 4.37849153021734
206 1995 0.135 0.271355659929688 3.99102201197929
206 1996 0.180454545454545 0.180442236919815 3.64611721914737
206 1997 0.225909090909091 0.270997650508246 3.97409160437137
206 1998 0.271363636363636 0.101559762407465 3.29067442072657
206 1999 0.316818181818182 0.13845057477465 3.43223258845101
206 2000 0.362272727272727 0.267443988933605 3.91760504850618
206 2001 0.407727272727273 0.491821755320283 4.78995743619128
206 2002 0.453181818181818 0.252647104038002 3.8337803100593
207 1994 0.112272727272727 0.401462862798783 4.52762315593282
207 1995 0.157727272727273 0.260519185861444 3.9615605496458
207 1996 0.203181818181818 0.426694505991532 4.59259195687865
207 1997 0.248636363636364 0.0950507735834506 3.29281235790054
207 1998 0.294090909090909 0.221727372929933 3.76854565514342
207 1999 0.339545454545455 0.108987387104442 3.32073279617665
207 2000 0.385 0.169485215752524 3.54844282087002
207 2001 0.430454545454545 0.228160051948208 3.74168914412382
207 2002 0.475909090909091 0.460084704583559 4.62499997821186
208 1994 0.169090909090909 0.226197340461279 3.82482988101613
208 1995 0.214545454545455 0.534017342461304 4.99516074774121
208 1996 0.26 0.111361261853922 3.3375157669673
208 1997 0.305454545454545 0.415519814631503 4.50507178091251
208 1998 0.350909090909091 0.433948115535172 4.5666265862265
208 1999 0.396363636363636 0.449463106489234 4.62489403860052
208 2000 0.441818181818182 0.26926497099568 3.90299702771511
208 2001 0.487272727272727 0.358655991243666 4.23947702734889
208 2002 0.532727272727273 0.207784229555973 3.63497899455399
211 1994 0.635 0.282912179125439 3.90490250730965
211 1995 0.680454545454545 0.239096305895792 3.71678941535357
211 1996 0.725909090909091 0.258504524218351 3.76690210394619
211 1997 0.771363636363636 0.102656760415474 3.15650793150185
211 1998 0.816818181818182 0.267373072242068 3.78190563686994
211 1999 0.862272727272727 0.239216641316647 3.6582606932566
211 2000 0.907727272727273 0.17846202386699 3.40680869089538
211 2001 0.953181818181818 0.486384663588533 4.56119854729574
211 2002 0.998636363636364 0.268220217629079 3.72039675863866
212 1994 0.396363636363636 0.374502619661283 4.32157446622573
212 1995 0.441818181818182 0.372878738120652 4.28503010340501
212 1996 0.487272727272727 0.511610144388354 4.81458499888304
212 1997 0.532727272727273 0.537946004047463 4.89414310763605
212 1998 0.578181818181818 0.505970714351762 4.76903584230825
212 1999 0.623636363636364 0.432085440419598 4.47331551271162
212 2000 0.669090909090909 0.267509269873117 3.84371185324844
212 2001 0.714545454545455 0.278124655926926 3.84881742947501
212 2002 0.76 0.316641382050146 3.9890551110257
214 1994 0.464545454545455 0.474906626306076 4.67235114424743
214 1995 0.51 0.342646109450568 4.16599373885365
214 1996 0.555454545454545 0.288805027986648 3.95028399372993
214 1997 0.600909090909091 0.273910534015304 3.86318862875423
214 1998 0.646363636363636 0.272822772679034 3.84775405818714
214 1999 0.691818181818182 0.294178974423292 3.91518515991962
214 2000 0.737272727272727 0.0825999036530007 3.09786387940465
214 2001 0.782727272727273 0.346085845019385 4.10059484691327
214 2002 0.828181818181818 0.258714684302897 3.76225642239711
217 1994 0.157727272727273 0.275792426959608 4.00270787679636
217 1995 0.203181818181818 0.502070762567332 4.86037566846507
217 1996 0.248636363636364 0.401396632720441 4.47116976031933
217 1997 0.294090909090909 0.522629779544001 4.93445361523827
217 1998 0.339545454545455 0.208632958149227 3.71266285585927
217 1999 0.385 0.385951540198635 4.37617824899473
217 2000 0.430454545454545 0.199315736381219 3.63875785636741
217 2001 0.475909090909091 0.312825859444534 4.06524982526081
217 2002 0.521363636363636 0.176924741595953 3.52938495440373
219 1994 0.419090909090909 0.500503806502083 4.80423679795312
219 1995 0.464545454545455 0.335474133922111 4.14723911999147
219 1996 0.51 0.324912004830906 4.09422033189028
219 1997 0.555454545454545 0.602507766471106 5.15890367870898
219 1998 0.600909090909091 0.269409383775627 3.85533887522384
219 1999 0.646363636363636 0.39909168631717 4.34301646031884
219 2000 0.691818181818182 0.452569251534883 4.53626984828446
219 2001 0.737272727272727 0.304962076229857 3.92784712395698
219 2002 0.782727272727273 0.520752046904429 4.78295235875868
220 1994 0.339545454545455 0.369924011832915 4.32059412134002
220 1995 0.385 0.1423743884118 3.4262818619703
220 1996 0.430454545454545 0.489112283088611 4.75045759460901
220 1997 0.475909090909091 0.296250031498733 3.99068665668549
220 1998 0.521363636363636 0.259702165745011 3.82853132398061
220 1999 0.566818181818182 0.388305506288933 4.30673911845364
220 2000 0.612272727272727 0.220847112924456 3.65072881459145
220 2001 0.657727272727273 0.374235713717546 4.24332022546045
220 2002 0.703181818181818 0.614604881687737 5.13383078646212
221 1994 0.362272727272727 0.319692773301314 4.11104320978068
221 1995 0.407727272727273 0.359633945200443 4.23800551455398
221 1996 0.453181818181818 0.321456625901487 4.09938027327595
221 1997 0.498636363636364 0.153901433352404 3.4235159844307
221 1998 0.544090909090909 0.384450620032718 4.31080430610891
221 1999 0.589545454545455 0.398125446736272 4.35844093529589
221 2000 0.635 0.29044417574694 3.94225829320078
221 2001 0.680454545454545 0.36292060893225 4.18939480861601
221 2002 0.725909090909091 0.44035799299432 4.46415685077315
222 1994 0.0213636363636364 0.123839790681854 3.47785420853167
222 1995 0.0668181818181818 0.433447443807751 4.65736993046767
222 1996 0.112272727272727 0.296750261538812 4.09741054907061
222 1997 0.157727272727273 0.185733859723496 3.67054298155642
222 1998 0.203181818181818 0.260270177265956 3.95030182957176
222 1999 0.248636363636364 0.288855286459846 4.05670989992949
222 2000 0.294090909090909 0.243383923646535 3.85138956423188
222 2001 0.339545454545455 0.262427237600315 3.88976646609178
222 2002 0.385 0.231257435534342 3.77062660171971
223 1994 0.407727272727273 0.233060625157398 3.77093739078381
223 1995 0.453181818181818 0.265235160551923 3.88147376014866
223 1996 0.498636363636364 0.453103491489644 4.59868937168833
223 1997 0.544090909090909 0.27202615761951 3.87529664292533
223 1998 0.589545454545455 0.37127763193175 4.24397864759248
223 1999 0.635 0.139323862782445 3.32908782717588
223 2000 0.680454545454545 0.417240331499957 4.39724171346006
223 2001 0.725909090909091 0.256023582028409 3.76773241023497
223 2002 0.771363636363636 0.30791023041492 3.94749975401194
225 1994 0.475909090909091 0.194198695114534 3.60474987396573
225 1995 0.521363636363636 0.389131438197867 4.34190388677419
225 1996 0.566818181818182 0.207118161688986 3.63103279944656
225 1997 0.612272727272727 0.530878440689857 4.88144137428861
225 1998 0.657727272727273 0.210099593045495 3.61724946865
225 1999 0.703181818181818 0.380640074315565 4.24968255649538
225 2000 0.748636363636364 0.281093818589392 3.85044958990807
225 2001 0.794090909090909 0.31082333984646 3.95615788977879
225 2002 0.839545454545455 0.31460715179246 3.96103841952348
227 1994 0.282727272727273 0.30499847244089 4.09452847116587
227 1995 0.328181818181818 0.13789287770116 3.42208669104282
227 1996 0.373636363636364 0.217173705162828 3.71789303647068
227 1997 0.419090909090909 0.226258837899912 3.73793584106222
227 1998 0.464545454545455 0.215558293503805 3.69975351356609
227 1999 0.51 0.345421885136817 4.18003422756428
227 2000 0.555454545454545 0.459773556590252 4.60206944715903
227 2001 0.600909090909091 0.254951188164986 3.79755861499453
227 2002 0.646363636363636 0.311664565992049 3.99504225854687
229 1994 0.237272727272727 0.412004811196361 4.51494362054674
229 1995 0.282727272727273 0.234976449596562 3.82025254824518
229 1996 0.328181818181818 0.458894955423549 4.67765173739133
229 1997 0.373636363636364 0.36580625080422 4.28663067655561
229 1998 0.419090909090909 0.0878473930958472 3.21561507777114
229 1999 0.464545454545455 0.183470344325195 3.56573163937027
229 2000 0.51 0.310716453176928 4.04386671297618
229 2001 0.555454545454545 0.438478190468708 4.52373940198638
229 2002 0.600909090909091 0.33795688230397 4.12564474924696
231 1994 0.282727272727273 0.427331204306587 4.55528593373819
231 1995 0.328181818181818 0.236086236825262 3.81113332040467
231 1996 0.373636363636364 0.265260786060043 3.90820283994809
231 1997 0.419090909090909 0.250393194797697 3.82249614755478
231 1998 0.464545454545455 0.395497953061865 4.40150308082238
231 1999 0.51 0.183093390577049 3.54856822212982
231 2000 0.555454545454545 0.117322308725813 3.26320772538579
231 2001 0.600909090909091 0.311579573327152 4.00827851471116
231 2002 0.646363636363636 0.0700375821270782 3.07459775793697
234 1994 0.555454545454545 0.401313435459781 4.36413653996674
234 1995 0.600909090909091 0.241294654305031 3.73505444310282
234 1996 0.646363636363636 0.0694477741782105 3.04949724110069
234 1997 0.691818181818182 0.240500619274718 3.70956255494033
234 1998 0.737272727272727 0.357944166790459 4.14705212904027
234 1999 0.782727272727273 0.258686231836325 3.74847441545831
234 2000 0.828181818181818 0.314813460855689 3.96251101436619
234 2001 0.873636363636364 0.226676396915215 3.6129072586126
234 2002 0.919090909090909 0.243358853471504 3.66140299798957
237 1994 0.373636363636364 0.264676580448573 3.89767613271948
237 1995 0.419090909090909 0.267043114606895 3.90391715075825
237 1996 0.464545454545455 0.261047019206535 3.85692907372977
237 1997 0.51 0.455454098971171 4.5982784564342
237 1998 0.555454545454545 0.361500305736308 4.23069515174993
237 1999 0.600909090909091 0.156162188047701 3.42293479083727
237 2000 0.646363636363636 0.272941123342484 3.85575854107183
237 2001 0.691818181818182 0.36012713044788 4.18134590554659
237 2002 0.737272727272727 0.309947073432173 3.95446603115939
239 1994 0.135 0.297112750006835 4.08992837817632
239 1995 0.180454545454545 0.241257800277508 3.8702758910493
239 1996 0.225909090909091 0.199785225854762 3.69431506753538
239 1997 0.271363636363636 0.321063625915585 4.14978160591618
239 1998 0.316818181818182 0.190213828868184 3.62778169121668
239 1999 0.362272727272727 0.376653746104654 4.34583664834899
239 2000 0.407727272727273 0.278043196968633 3.95266856662687
239 2001 0.453181818181818 0.267089894534879 3.90329224784081
239 2002 0.498636363636364 0.0553290798103217 3.06313399252221
242 1994 0.623636363636364 0.188300529190522 3.54231689177194
242 1995 0.669090909090909 0.182293320244665 3.49596754045955
242 1996 0.714545454545455 0.278554868831148 3.85505240001714
242 1997 0.76 0.159764758530598 3.36732553496247
242 1998 0.805454545454545 0.463347149430927 4.53319015849925
242 1999 0.850909090909091 0.32200155413001 3.98834816083158
242 2000 0.896363636363636 0.239678216010997 3.64081914066683
242 2001 0.941818181818182 0.346493552129844 4.05042967380069
242 2002 0.987272727272727 0.149995346355341 3.28399041412761
245 1994 0.487272727272727 0.434588922880007 4.52096801322129
245 1995 0.532727272727273 0.592832454010619 5.11367913365979
245 1996 0.578181818181818 0.307499954988649 4.00977114703791
245 1997 0.623636363636364 0.162958885838849 3.42995570622633
245 1998 0.669090909090909 0.394635703308405 4.3247180141077
245 1999 0.714545454545455 0.32362462577276 4.03236770551313
245 2000 0.76 0.436843112883898 4.44910674655059
245 2001 0.805454545454545 0.446753535469498 4.47598786487714
245 2002 0.850909090909091 0.0908236644014992 3.08790891776734
246 1994 0.430454545454545 0.339398388328557 4.18042322451677
246 1995 0.475909090909091 0.754511895453568 5.75675157100252
246 1996 0.521363636363636 0.303994690335347 3.99063760385835
246 1997 0.566818181818182 0.172083839350548 3.48719626971939
246 1998 0.612272727272727 0.128343287886071 3.29305523441521
246 1999 0.657727272727273 0.141511076386911 3.33694548594265
246 2000 0.703181818181818 0.491578828124632 4.68299519924731
246 2001 0.748636363636364 0.167509586473579 3.40666139474478
246 2002 0.794090909090909 0.0785313400242606 3.07028311400097
247 1994 0.532727272727273 0.163893710166002 3.45706465373606
247 1995 0.578181818181818 0.499912746963293 4.75674364009832
247 1996 0.623636363636364 0.581413913220796 5.04693095827226
247 1997 0.669090909090909 0.280022504842316 3.87734921469695
247 1998 0.714545454545455 0.12028728793182 3.24366007749526
247 1999 0.76 0.534498229010022 4.8267218998168
247 2000 0.805454545454545 0.492997553262727 4.64643441416099
247 2001 0.850909090909091 0.169734869807551 3.38318890967849
247 2002 0.896363636363636 0.193647902906671 3.45673762996559
249 1994 0.248636363636364 0.28712082653431 4.03423972896675
249 1995 0.294090909090909 0.587212395527777 5.18208145503043
249 1996 0.339545454545455 0.414074035537697 4.477568275243
249 1997 0.385 0.182949306806564 3.56914464257035
249 1998 0.430454545454545 0.334076975762142 4.14483408845949
249 1999 0.475909090909091 0.389110596727116 4.35675025687463
249 2000 0.521363636363636 0.370525581781006 4.27340375132232
249 2001 0.566818181818182 0.306375700888639 4.01884055026488
249 2002 0.612272727272727 0.305455694320694 3.98979831867293
250 1994 0.475909090909091 0.517534770623887 4.85865429339859
250 1995 0.521363636363636 0.47069164458711 4.63805558716356
250 1996 0.566818181818182 0.141381838025133 3.37181445169895
250 1997 0.612272727272727 0.246075786177394 3.75365917151976
250 1998 0.657727272727273 0.261984144876619 3.81796587965467
250 1999 0.703181818181818 0.154846469947396 3.3665217718948
250 2000 0.748636363636364 0.407983931903165 4.35560380427155
250 2001 0.794090909090909 0.320754182913637 3.99596194182412
250 2002 0.839545454545455 0.354731504059909 4.08996963761657
252 1994 0.464545454545455 0.354542406027145 4.21494172489663
252 1995 0.51 0.284254127271456 3.94266037578035
252 1996 0.555454545454545 0.354574457108537 4.19495299541876
252 1997 0.600909090909091 0.286134342996466 3.91500675728787
252 1998 0.646363636363636 0.289674910069485 3.90399478022428
252 1999 0.691818181818182 0.247301603202986 3.73367317215704
252 2000 0.737272727272727 0.222135785741654 3.62987812607032
252 2001 0.782727272727273 0.435533118766307 4.42854043822366
252 2002 0.828181818181818 0.235815338193911 3.65518781214478
255 1994 0.430454545454545 0.110000755766415 3.29064806855349
255 1995 0.475909090909091 0.224041778707485 3.71450641271638
255 1996 0.521363636363636 0.0929991006565953 3.19189158444023
255 1997 0.566818181818182 0.141424708453981 3.35578041407496
255 1998 0.612272727272727 0.493119329300906 4.70904337477813
255 1999 0.657727272727273 0.168268030226518 3.43249912030727
255 2000 0.703181818181818 0.488687809818551 4.67040767552643
255 2001 0.748636363636364 0.0901042315821622 3.1053735596452
255 2002 0.794090909090909 0.179774384998496 3.44027805274017
256 1994 0.339545454545455 0.364479212836882 4.2961881470116
256 1995 0.385 0.0798332874678656 3.18325163028666
256 1996 0.430454545454545 0.267140696740994 3.90490657143318
256 1997 0.475909090909091 0.0973600535582243 3.24154015234791
256 1998 0.521363636363636 0.361106609181837 4.22782377443869
256 1999 0.566818181818182 0.0999865366859315 3.21129449016089
256 2000 0.612272727272727 0.378123666237366 4.26503006111673
256 2001 0.657727272727273 0.119339908190067 3.23625076602006
256 2002 0.703181818181818 0.252810175028388 3.75804004229811
257 1994 0.441818181818182 0.225470247581005 3.73261432369481
257 1995 0.487272727272727 0.466696241749972 4.65771667826531
257 1996 0.532727272727273 0.0503836514807934 3.01923024043739
257 1997 0.578181818181818 0.520039403514683 4.82288869248422
257 1998 0.623636363636364 0.645672613361038 5.31123468234155
257 1999 0.669090909090909 0.353828738071128 4.15335523778378
257 2000 0.714545454545455 0.377267116619007 4.24184174623458
257 2001 0.76 0.08422066004328 3.09241994260551
257 2002 0.805454545454545 0.18457981017394 3.47379878351667
258 1994 0.01 0.293948877941777 4.13883656933896
258 1995 0.0554545454545455 0.431164824742614 4.63793591016415
258 1996 0.100909090909091 0.362059319352416 4.38812734360537
258 1997 0.146363636363636 0.337555539895468 4.25526654336998
258 1998 0.191818181818182 0.436606920446194 4.6222898903993
258 1999 0.237272727272727 0.359470608251683 4.30269166880102
258 2000 0.282727272727273 0.0580558973774243 3.13695321112731
258 2001 0.328181818181818 0.278587377161376 3.97516080394632
258 2002 0.373636363636364 0.213148623709835 3.68707270870767
260 1994 0.0895454545454545 0.361394081340293 4.36786228067678
260 1995 0.135 0.420540563534224 4.58695926775145
260 1996 0.180454545454545 0.353375005582938 4.31425401875359
260 1997 0.225909090909091 0.326293356375645 4.18269097684713
260 1998 0.271363636363636 0.243604664677221 3.85403135897664
260 1999 0.316818181818182 0.45379825451653 4.65211936566385
260 2000 0.362272727272727 0.430895080388524 4.53813166309925
260 2001 0.407727272727273 0.255637656266093 3.87326382035408
260 2002 0.453181818181818 0.362850658656739 4.25358502864524
262 1994 0.248636363636364 0.384591781088784 4.40510662779647
262 1995 0.294090909090909 0.18135360169727 3.59370858411877
262 1996 0.339545454545455 0.421958443314257 4.5189864316036
262 1997 0.385 0.317386617701217 4.10743928822707
262 1998 0.430454545454545 0.771716108173307 5.84460331664445
262 1999 0.475909090909091 0.484081409636545 4.72212246279827
262 2000 0.521363636363636 0.282996467752377 3.93398866484515
262 2001 0.566818181818182 0.537677589764588 4.89544460374861
262 2002 0.612272727272727 0.465534235558198 4.60641994771817
263 1994 0.0668181818181818 0.293551823982797 4.11464652829272
263 1995 0.112272727272727 0.533711113443975 5.03861248090873
263 1996 0.157727272727273 0.374387762372911 4.37954180659227
263 1997 0.203181818181818 0.437995826195169 4.64030054715479
263 1998 0.248636363636364 0.238200333983137 3.83572589203479
263 1999 0.294090909090909 0.268144052633153 3.95179153525681
263 2000 0.339545454545455 0.307589905616136 4.08226020123615
263 2001 0.385 0.183510331470466 3.5892963131034
263 2002 0.430454545454545 0.374940180714125 4.3056913066948
264 1994 0.555454545454545 0.118764982283827 3.31057795629
264 1995 0.600909090909091 0.263343555902743 3.82470546122634
264 1996 0.646363636363636 0.282794013550288 3.89721898433601
264 1997 0.691818181818182 0.388123064241947 4.2816195580101
264 1998 0.737272727272727 0.151261421612859 3.36445370968826
264 1999 0.782727272727273 0.609283019495019 5.09422083652986
264 2000 0.828181818181818 0.186614633622583 3.45630132853782
264 2001 0.873636363636364 0.353379082740493 4.0925793991509
264 2002 0.919090909090909 0.259131490693046 3.71062579138749
265 1994 0.589545454545455 0.789313938139173 5.85432427503235
265 1995 0.635 0.28606877930544 3.91605954904824
265 1996 0.680454545454545 0.140767260855292 3.33795756981259
265 1997 0.725909090909091 0.232802493438508 3.66963990611598
265 1998 0.771363636363636 0.25212556990304 3.73094749092038
265 1999 0.816818181818182 0.403157938471027 4.3061489853103
265 2000 0.862272727272727 0.23245771165413 3.64966143841917
265 2001 0.907727272727273 0.320691509829492 3.96175182913388
265 2002 0.953181818181818 0.378294181020861 4.15902395786396
