ID YEAR COMPANYAGE RnDEXPEND REVENUE
1 1994 0.441818181818182 0.470022213845634 4.68124942872153
1 1995 0.487272727272727 0.123655871658284 3.31947215531169
1 1996 0.532727272727273 0.17608490483863 3.50837826278183
1 1997 0.578181818181818 0.206715088545935 3.62034181058871
1 1998 0.623636363636364 0.109349145012769 3.23281288814245
1 1999 0.669090909090909 0.254166689946656 3.78119912042199
1 2000 0.714545454545455 0.192267858683389 3.52373584104161
1 2001 0.76 0.323093256669884 4.03629937741333
1 2002 0.805454545454545 0.373370248065952 4.18901650955577
2 1994 0.0327272727272727 0.480345822480505 4.84057777838254
2 1995 0.0781818181818182 0.444510130014373 4.69267897951761
2 1996 0.123636363636364 0.210456547578131 3.7737740085678
2 1997 0.169090909090909 0.208582751356843 3.76487673505259
2 1998 0.214545454545455 0.122071195825295 3.39927186582548
2 1999 0.26 0.362774918820845 4.31893785971033
2 2000 0.305454545454545 0.288789519533911 4.00735043125712
2 2001 0.350909090909091 0.364092238478523 4.31603764925333
2 2002 0.396363636363636 0.469354477242602 4.69279550054804
4 1994 0.521363636363636 0.167139561567184 3.47443491686523
4 1995 0.566818181818182 0.280843180452084 3.90168539926338
4 1996 0.612272727272727 0.0698452922988028 3.07821556518233
4 1997 0.657727272727273 0.404106504708537 4.36573616968051
4 1998 0.703181818181818 0.327178452832099 4.04652370052307
4 1999 0.748636363636364 0.14322347848924 3.30697503457961
4 2000 0.794090909090909 0.269891403693388 3.79873799414548
4 2001 0.839545454545455 0.196304317241263 3.49587785519331
4 2002 0.885 0.359686119258911 4.10172235779352
8 1994 0.01 0.507787933261717 4.93889614988167
8 1995 0.0554545454545455 0.437731506384838 4.66535206887052
8 1996 0.100909090909091 0.285904468629318 4.07260428026779
8 1997 0.146363636363636 0.315721414752373 4.17761804371605
8 1998 0.191818181818182 0.350822056129002 4.31612501067566
8 1999 0.237272727272727 0.499026770563358 4.85582971810063
8 2000 0.282727272727273 0.32806537990457 4.18995599671732
8 2001 0.328181818181818 0.0940128899358672 3.26974210600129
8 2002 0.373636363636364 0.250520695976274 3.85305060459894
10 1994 0.0440909090909091 0.397183885938543 4.517078342938
10 1995 0.0895454545454545 0.250830285489562 3.94677313006773
10 1996 0.135 0.30224858870797 4.11567918494202
10 1997 0.180454545454545 0.361962838367142 4.32992250188252
10 1998 0.225909090909091 0.402821849530872 4.48242685195651
10 1999 0.271363636363636 0.51995383301626 4.91491765930748
10 2000 0.316818181818182 0.314299592694853 4.12099023430066
10 2001 0.362272727272727 0.303549134090781 4.05291813263993
10 2002 0.407727272727273 0.326727398821642 4.13593234355294
12 1994 0.0327272727272727 0.471953583653205 4.82615721623424
12 1995 0.0781818181818182 0.23664897312423 3.89329364151072
12 1996 0.123636363636364 0.283218587691945 4.05112400575908
12 1997 0.169090909090909 0.344942775130049 4.27420391396467
12 1998 0.214545454545455 0.261742626885114 3.95819190844587
12 1999 0.26 0.731837057162162 5.73859838783125
12 2000 0.305454545454545 0.331371939766024 4.18283216755924
12 2001 0.350909090909091 0.193473230728371 3.6416973420612
12 2002 0.396363636363636 0.250154155258657 3.82501749027647
15 1994 0.350909090909091 0.209697521405822 3.6781119264721
15 1995 0.396363636363636 0.225196820779748 3.75214870344164
15 1996 0.441818181818182 0.148174549318773 3.44338414636587
15 1997 0.487272727272727 0.248608310552591 3.81758130421939
15 1998 0.532727272727273 0.425113818989599 4.46777499557899
15 1999 0.578181818181818 0.309782809610221 4.02755987566956
15 2000 0.623636363636364 0.461026242189177 4.58285476922477
15 2001 0.669090909090909 0.190500121575459 3.53086256733061
15 2002 0.714545454545455 0.342426611209626 4.08248895363859
17 1994 0.646363636363636 0.501314603447249 4.74288015823569
17 1995 0.691818181818182 0.355314899407879 4.14951791780122
17 1996 0.737272727272727 0.402399828024633 4.31964872497189
17 1997 0.782727272727273 0.243857443578288 3.71441296410103
17 1998 0.828181818181818 0.291320836433729 3.86109038690917
17 1999 0.873636363636364 0.164204962855179 3.3661782605095
17 2000 0.919090909090909 0.250839656782769 3.69014538603903
17 2001 0.964545454545455 0.195832484600133 3.46824619524767
17 2002 1.01 0.472011299822575 4.5108368512275
20 1994 0.441818181818182 0.20015189488721 3.62293512849154
20 1995 0.487272727272727 0.341536382422795 4.18077753093844
20 1996 0.532727272727273 0.19041114221929 3.562486900244
20 1997 0.578181818181818 0.443681050111795 4.52850377689309
20 1998 0.623636363636364 0.0645022320905725 3.05033001728966
20 1999 0.669090909090909 0.171385003133074 3.45739449931853
20 2000 0.714545454545455 0.460100316721926 4.54288298248375
20 2001 0.76 0.435100335231404 4.44193854653464
20 2002 0.805454545454545 0.332896163399356 4.03471910843368
21 1994 0.578181818181818 0.104048753566076 3.22088010549663
21 1995 0.623636363636364 0.538549189681024 4.89840923439137
21 1996 0.669090909090909 0.374700829918023 4.25750930149765
21 1997 0.714545454545455 0.318771962430028 4.01470255961948
21 1998 0.76 0.223886810336278 3.62878106417425
21 1999 0.805454545454545 0.289979015394507 3.87940537422028
21 2000 0.850909090909091 0.358417202633006 4.13372261463137
21 2001 0.896363636363636 0.405583094903007 4.29429060197391
21 2002 0.941818181818182 0.2945759278509 3.86044044292362
25 1994 0.237272727272727 0.397642649136053 4.46138961592764
25 1995 0.282727272727273 0.161742392898675 3.54019145986136
25 1996 0.328181818181818 0.305761805322025 4.08026577271927
25 1997 0.373636363636364 0.107391424244742 3.30506373242562
25 1998 0.419090909090909 0.448230360737648 4.61107708210954
25 1999 0.464545454545455 0.336346812294635 4.14476682558228
25 2000 0.51 0.390561153109648 4.3231396671462
25 2001 0.555454545454545 0.914846538561321 6.33458058483798
25 2002 0.600909090909091 0.301307612182331 3.97967638808904
27 1994 0.555454545454545 0.218771637884332 3.65862905461293
27 1995 0.600909090909091 0.214664526045129 3.65243802979241
27 1996 0.646363636363636 0.553535390456448 4.95479592128672
27 1997 0.691818181818182 0.545819966529653 4.9150951172286
27 1998 0.737272727272727 0.278667135407842 3.86242950669719
27 1999 0.782727272727273 0.364703814595578 4.15503873356453
27 2000 0.828181818181818 0.135905253176986 3.27478912903608
27 2001 0.873636363636364 0.195266062506267 3.48523551382191
27 2002 0.919090909090909 0.271535812359232 3.7627463359517
29 1994 0.180454545454545 0.174110152826491 3.63112665268786
29 1995 0.225909090909091 0.301052527898184 4.10654440872438
29 1996 0.271363636363636 0.298973829616941 4.08767745167316
29 1997 0.316818181818182 0.223162035590517 3.76855902970512
29 1998 0.362272727272727 0.278835626607797 3.96889214714708
29 1999 0.407727272727273 0.24457448177172 3.81614726518662
29 2000 0.453181818181818 0.297190713165418 4.01505071643715
29 2001 0.498636363636364 0.317029575085347 4.06487050749214
29 2002 0.544090909090909 0.638146424427923 5.27068075473254
30 1994 0.135 0.353779074925344 4.32293234820087
30 1995 0.180454545454545 0.296109108746187 4.09294860249668
30 1996 0.225909090909091 0.245811518184752 3.87122289752318
30 1997 0.271363636363636 0.2839761766357 4.01155217890237
30 1998 0.316818181818182 0.458079110922988 4.67367608293299
30 1999 0.362272727272727 0.351531194992568 4.24302297095382
30 2000 0.407727272727273 0.369558587502403 4.30608553964096
30 2001 0.453181818181818 0.498060239136351 4.78958149322215
30 2002 0.498636363636364 0.339155264710449 4.15847312507185
32 1994 0.589545454545455 0.235831132145243 3.72711989267177
32 1995 0.635 0.427762499522199 4.45775959134426
32 1996 0.680454545454545 0.343215854094375 4.13357907180704
32 1997 0.725909090909091 0.274476380775261 3.84569361089071
32 1998 0.771363636363636 0.489557305198963 4.6467603506733
32 1999 0.816818181818182 0.457332316767637 4.49916543071975
32 2000 0.862272727272727 0.24385567288048 3.68622107814662
32 2001 0.907727272727273 0.41496367537558 4.32303408185555
32 2002 0.953181818181818 0.206473826699833 3.50307923188558
34 1994 0.316818181818182 0.0984927397324715 3.29301767518777
34 1995 0.362272727272727 0.176617250016097 3.58134703137352
34 1996 0.407727272727273 0.247797862847642 3.83434329385356
34 1997 0.453181818181818 0.436412124624665 4.55530169791097
34 1998 0.498636363636364 0.319701002484865 4.07604538601129
34 1999 0.544090909090909 0.407409435443945 4.41620657033913
34 2000 0.589545454545455 0.285612628604877 3.9097751454766
34 2001 0.635 0.120707073682495 3.2519903802811
34 2002 0.680454545454545 0.273281316901368 3.83542690846141
35 1994 0.635 0.378898890662089 4.27854340725345
35 1995 0.680454545454545 0.297914789195026 3.95408267522368
35 1996 0.725909090909091 0.202490368629584 3.55795375302036
35 1997 0.771363636363636 0.124867952626416 3.23710913778099
35 1998 0.816818181818182 0.258753448345024 3.726671977967
35 1999 0.862272727272727 0.222756341698163 3.59893973390014
35 2000 0.907727272727273 0.484119781151085 4.59009997525514
35 2001 0.953181818181818 0.137298079239031 3.23735706357014
35 2002 0.998636363636364 0.314674173185564 3.90747113178843
36 1994 0.100909090909091 0.454548148236065 4.71045686303084
36 1995 0.146363636363636 0.505703322449325 4.91242343633479
36 1996 0.191818181818182 0.386174197481234 4.4302462350475
36 1997 0.237272727272727 0.187404834979628 3.65536059465828
36 1998 0.282727272727273 0.537620930908226 4.97680920612377
36 1999 0.328181818181818 0.489780917584947 4.80249079681293
36 2000 0.373636363636364 0.149823874770513 3.4661304378508
36 2001 0.419090909090909 0.574035865741017 5.08129906495206
36 2002 0.464545454545455 0.189256642749437 3.59121266222565
38 1994 0.566818181818182 0.266672547610129 3.86450901995641
38 1995 0.612272727272727 0.440892142487629 4.51108784409308
38 1996 0.657727272727273 0.323640012367627 4.03388105316771
38 1997 0.703181818181818 0.190488510279724 3.51692571776359
38 1998 0.748636363636364 0.264430961450536 3.78138608425414
38 1999 0.794090909090909 0.0501186192801534 2.9615225404302
38 2000 0.839545454545455 0.173094822820188 3.39358848568568
38 2001 0.885 0.262696307598442 3.74296957887392
38 2002 0.930454545454545 0.496504502559056 4.6408488097685
39 1994 0.430454545454545 0.142565928872506 3.43683628920748
39 1995 0.475909090909091 0.495344403036483 4.76049176380182
39 1996 0.521363636363636 0.368878650202142 4.24827037906226
39 1997 0.566818181818182 0.0916210080649976 3.16692839263562
39 1998 0.612272727272727 0.116982848820797 3.26800208861263
39 1999 0.657727272727273 0.320918927194469 4.04091372347746
39 2000 0.703181818181818 0.24193873685791 3.73437993405372
39 2001 0.748636363636364 0.460425878634197 4.54011596930749
39 2002 0.794090909090909 0.355189849113093 4.11862065396447
40 1994 0.521363636363636 0.35424379135657 4.19421257678814
40 1995 0.566818181818182 0.435508675063558 4.51286078284345
40 1996 0.612272727272727 0.104948841845575 3.19816740587425
40 1997 0.657727272727273 0.153019191574518 3.36793952865432
40 1998 0.703181818181818 0.650886233786205 5.28794698913574
40 1999 0.748636363636364 0.588219507762885 5.03969694379756
40 2000 0.794090909090909 0.489344856801826 4.64158649680565
40 2001 0.839545454545455 0.535689655490352 4.80814697997524
40 2002 0.885 0.152763227576979 3.31313033408509
41 1994 0.521363636363636 0.334132798920396 4.12673104498831
41 1995 0.566818181818182 0.125114713812563 3.28372902994896
41 1996 0.612272727272727 0.515570003153361 4.79680316556382
41 1997 0.657727272727273 0.161027215097429 3.41778550249546
41 1998 0.703181818181818 0.335051422279776 4.08417546222726
41 1999 0.748636363636364 0.348361762474535 4.10757483143431
41 2000 0.794090909090909 0.346179472172119 4.09224809649249
41 2001 0.839545454545455 0.442773507471367 4.44379168639676
41 2002 0.885 0.366380611193119 4.13006323115866
42 1994 0.271363636363636 0.236601921899187 3.81566177164196
42 1995 0.316818181818182 0.346131166030476 4.23602639960584
42 1996 0.362272727272727 0.30353736916964 4.05518738436677
42 1997 0.407727272727273 0.213854736018951 3.70323358388408
42 1998 0.453181818181818 0.200388458249143 3.62059723613415
42 1999 0.498636363636364 0.162630375554596 3.46814221260855
42 2000 0.544090909090909 0.306933588424827 4.0256686621525
42 2001 0.589545454545455 0.315457513020029 4.03132075021423
42 2002 0.635 0.53004456758245 4.87313231200641
44 1994 0.271363636363636 0.275729647764214 3.98581873241246
44 1995 0.316818181818182 0.306881850643912 4.10813433821472
44 1996 0.362272727272727 0.408555809065679 4.44052506598198
44 1997 0.407727272727273 0.0533185141298735 3.09165301635699
44 1998 0.453181818181818 0.241893756858559 3.79478662937786
44 1999 0.498636363636364 0.246330891096136 3.79786962904618
44 2000 0.544090909090909 0.262055878084815 3.83367266835298
44 2001 0.589545454545455 0.150768891568624 3.39781791237457
44 2002 0.635 0.38292891371645 4.28153260691373
48 1994 0.328181818181818 0.073823765310757 3.16933606875778
48 1995 0.373636363636364 0.347685252460057 4.24469537307474
48 1996 0.419090909090909 0.320562731002648 4.10194894312429
48 1997 0.464545454545455 0.232437117385579 3.77038299336193
48 1998 0.51 0.17040259737267 3.50911199858146
48 1999 0.555454545454545 0.423248564115702 4.46964244025728
48 2000 0.600909090909091 0.282117122751575 3.9083462225427
48 2001 0.646363636363636 0.646413849964391 5.28395414135925
48 2002 0.691818181818182 0.199170549614697 3.55190638997439
49 1994 0.441818181818182 0.407583267486765 4.44664891274747
49 1995 0.487272727272727 0.288387905085264 3.98409378139077
49 1996 0.532727272727273 0.415660336641797 4.43346226706266
49 1997 0.578181818181818 0.258089729735097 3.80768097587098
49 1998 0.623636363636364 0.422643443963384 4.44538501688192
49 1999 0.669090909090909 0.247219034390777 3.73607324337695
49 2000 0.714545454545455 0.320629146229929 4.01858161491172
49 2001 0.76 0.490246155992645 4.64125844806014
49 2002 0.805454545454545 0.353539389481864 4.12372050106141
50 1994 0.385 0.18508920251009 3.59919358998957
50 1995 0.430454545454545 0.201748297710241 3.63362698042909
50 1996 0.475909090909091 0.175424753453946 3.53837291887054
50 1997 0.521363636363636 0.223559885381394 3.70496827715403
50 1998 0.566818181818182 0.317002671578814 4.04331386566733
50 1999 0.612272727272727 0.416416092610287 4.42266219724694
50 2000 0.657727272727273 0.262348781058127 3.82347018139909
50 2001 0.703181818181818 0.312638426248513 3.98284469944213
50 2002 0.748636363636364 0.342436351026547 4.10157578817417
52 1994 0.282727272727273 0.378658497338658 4.36782457896644
52 1995 0.328181818181818 0.296652462135713 4.04396253869371
52 1996 0.373636363636364 0.311308503802829 4.08591714002813
52 1997 0.419090909090909 0.631423798285953 5.31604024331089
52 1998 0.464545454545455 0.547798559962204 4.96682035342865
52 1999 0.51 0.251263227985384 3.80935542089892
52 2000 0.555454545454545 0.234073348424999 3.74415341527233
52 2001 0.600909090909091 0.146892947794335 3.36816609118299
52 2002 0.646363636363636 0.441135498554833 4.50189300045486
53 1994 0.396363636363636 0.401686781356377 4.44283263345385
53 1995 0.441818181818182 0.421951486406622 4.49414408472052
53 1996 0.487272727272727 0.481937732051818 4.70041767553491
53 1997 0.532727272727273 0.447342054395551 4.56370609592837
53 1998 0.578181818181818 0.344155355255456 4.13999837797123
53 1999 0.623636363636364 0.346070098600151 4.14269744378255
53 2000 0.669090909090909 0.340822477586903 4.09986057589406
53 2001 0.714545454545455 0.146389247731716 3.34069366368522
53 2002 0.76 0.332670792609639 4.05407373784438
54 1994 0.362272727272727 0.16684286739927 3.51311185114158
54 1995 0.407727272727273 0.277031548997464 3.95416990132403
54 1996 0.453181818181818 0.251746493501419 3.83850614334622
54 1997 0.498636363636364 0.134339495191792 3.35555008368983
54 1998 0.544090909090909 0.332120373148316 4.11241346820429
54 1999 0.589545454545455 0.367397665075594 4.21664405073343
54 2000 0.635 0.722467866923458 5.57793424642909
54 2001 0.680454545454545 0.429992896105964 4.4485789516719
54 2002 0.725909090909091 0.238342789016298 3.68632715579246
56 1994 0.203181818181818 0.432266860123951 4.59411697597039
56 1995 0.248636363636364 0.167917966151184 3.57494535365429
56 1996 0.294090909090909 0.386558732513657 4.400033631107
56 1997 0.339545454545455 0.540332697853721 4.97935950512233
56 1998 0.385 0.267173054962132 3.89764887206029
56 1999 0.430454545454545 0.188145275911972 3.58426346544737
56 2000 0.475909090909091 0.240653228462612 3.78904123075881
56 2001 0.521363636363636 0.244922687774848 3.77636059795782
56 2002 0.566818181818182 0.31194165864574 4.02573479240611
58 1994 0.0668181818181818 0.336311868503207 4.29305223385741
58 1995 0.112272727272727 0.545497950454183 5.07054935503952
58 1996 0.157727272727273 0.491535635466413 4.86031942307178
58 1997 0.203181818181818 0.320679908869909 4.16665726765198
58 1998 0.248636363636364 0.263889178117473 3.93954896799341
58 1999 0.294090909090909 0.22816281712411 3.78953086116277
58 2000 0.339545454545455 0.288656922143375 4.02111878311704
58 2001 0.385 0.337623489308861 4.19332779548598
58 2002 0.430454545454545 0.423330226967949 4.48915259790152
59 1994 0.248636363636364 0.270151649859324 3.95915267707151
59 1995 0.294090909090909 0.11133367796326 3.3363254061882
59 1996 0.339545454545455 0.369620926445484 4.3080273454912
59 1997 0.385 0.29720220637703 4.01456084496893
59 1998 0.430454545454545 0.23359280633193 3.77309047188983
59 1999 0.475909090909091 0.39865923515223 4.38990780983626
59 2000 0.521363636363636 0.320083025552956 4.09045191503754
59 2001 0.566818181818182 0.365762774369758 4.23345560929568
59 2002 0.612272727272727 0.111829444787578 3.24448076223821
64 1994 0.350909090909091 0.384812019534863 4.37708315409669
64 1995 0.396363636363636 0.322779039335394 4.09770493243298
64 1996 0.441818181818182 0.0407650364737893 3.01916715002082
64 1997 0.487272727272727 0.360040753893751 4.24458467550551
64 1998 0.532727272727273 0.332821267159742 4.11391805653774
64 1999 0.578181818181818 0.18158877686772 3.49964338789604
64 2000 0.623636363636364 0.153736240050064 3.42027329178212
64 2001 0.669090909090909 0.50380410906969 4.72837155960275
64 2002 0.714545454545455 0.280247594079692 3.86052714094044
65 1994 0.328181818181818 0.2826674205847 4.00283959078059
65 1995 0.373636363636364 0.474445340680526 4.71096745905743
65 1996 0.419090909090909 0.361540145794377 4.25825333165224
65 1997 0.464545454545455 0.204557191104479 3.66073279455674
65 1998 0.51 0.433662286313989 4.52093784837735
65 1999 0.555454545454545 0.320152140570509 4.07058039157627
65 2000 0.600909090909091 0.440991807071996 4.50884948779191
65 2001 0.646363636363636 0.201327155299729 3.56669893219016
65 2002 0.691818181818182 0.346089476283624 4.10866898897171
66 1994 0.01 0.285642927839302 4.09622004419869
66 1995 0.0554545454545455 0.303663388324417 4.16349354786689
66 1996 0.100909090909091 0.516934600414093 4.97232439765116
66 1997 0.146363636363636 0.26396388841351 3.95001153238172
66 1998 0.191818181818182 0.0885646809748883 3.28828076421573
66 1999 0.237272727272727 0.440843618496666 4.63415551657625
66 2000 0.282727272727273 0.36866989273323 4.32389571740371
66 2001 0.328181818181818 0.295760866790646 4.03087658617398
66 2002 0.373636363636364 0.351603695169196 4.23349422066116
67 1994 0.237272727272727 0.156629737472587 3.54170815577409
67 1995 0.282727272727273 0.178273063044846 3.60638280714997
67 1996 0.328181818181818 0.268490858547323 3.92808939715225
67 1997 0.373636363636364 0.216851440149344 3.70043652274372
67 1998 0.419090909090909 0.46161392089481 4.65158592115334
67 1999 0.464545454545455 0.241859983106347 3.76711466643764
67 2000 0.51 0.266643767998336 3.89058132978615
67 2001 0.555454545454545 0.184762381450358 3.53636217989805
67 2002 0.600909090909091 0.293860193265599 3.93911877995297
68 1994 0.555454545454545 0.204793014160624 3.63984616419912
68 1995 0.600909090909091 0.486592962372395 4.71238778235531
68 1996 0.646363636363636 0.492600105756949 4.69519312420763
68 1997 0.691818181818182 0.400446133235665 4.31836117904353
68 1998 0.737272727272727 0.406713658459406 4.33956299198915
68 1999 0.782727272727273 0.341232942394343 4.07743103714676
68 2000 0.828181818181818 0.514758715098213 4.72725009866745
68 2001 0.873636363636364 0.428828589346237 4.38761823152796
68 2002 0.919090909090909 0.367906578296982 4.13113389207212
69 1994 0.328181818181818 0.641368907341691 5.3481380901722
69 1995 0.373636363636364 0.174503309446627 3.55652296624013
69 1996 0.419090909090909 0.601458166042297 5.19811333912784
69 1997 0.464545454545455 0.329752982841735 4.1344216548416
69 1998 0.51 0.288485109452149 3.95491516861564
69 1999 0.555454545454545 0.305767154536648 4.00435354212109
69 2000 0.600909090909091 0.404140441339815 4.38596194070017
69 2001 0.646363636363636 0.481009043597954 4.66351846775102
69 2002 0.691818181818182 0.581813457453834 5.05050921126191
73 1994 0.100909090909091 0.555208044971157 5.10968265155066
73 1995 0.146363636363636 0.505718918462544 4.90923808945505
73 1996 0.191818181818182 0.453633975150048 4.69842193340268
73 1997 0.237272727272727 0.358926761581537 4.31842644954659
73 1998 0.282727272727273 0.433858240665534 4.57387652732662
73 1999 0.328181818181818 0.136887928290768 3.40998598143449
73 2000 0.373636363636364 0.449015469364332 4.61547491111581
73 2001 0.419090909090909 0.307589810270475 4.06447300545964
73 2002 0.464545454545455 0.524503237604909 4.90062891521975
76 1994 0.589545454545455 0.38913951872162 4.33284887524424
76 1995 0.635 0.426668714992653 4.44164738304049
76 1996 0.680454545454545 0.213003669837996 3.61186504129426
76 1997 0.725909090909091 0.429624424475044 4.43717898642121
76 1998 0.771363636363636 0.167830134534295 3.40357288912607
76 1999 0.816818181818182 0.307076012325013 3.91719425707199
76 2000 0.862272727272727 0.270809183977131 3.76522305855883
76 2001 0.907727272727273 0.326994450609727 3.97920513539568
76 2002 0.953181818181818 0.347595156315474 4.04374011710973
77 1994 0.328181818181818 0.250719795525188 3.86708813324259
77 1995 0.373636363636364 0.39322201546194 4.39856949889832
77 1996 0.419090909090909 0.235483749721167 3.77201804828662
77 1997 0.464545454545455 0.199437319047941 3.61310854227205
77 1998 0.51 0.457632683428163 4.62139130329378
77 1999 0.555454545454545 0.123042684483291 3.32261615220158
77 2000 0.600909090909091 0.173949459356733 3.47933866980726
77 2001 0.646363636363636 0.226396339700605 3.66836456208132
77 2002 0.691818181818182 0.370888564247168 4.21422660725471
80 1994 0.487272727272727 0.453081963045937 4.58683824432462
80 1995 0.532727272727273 0.214234187214209 3.68935933749261
80 1996 0.578181818181818 0.190299182575942 3.56595947505545
80 1997 0.623636363636364 0.217538436335134 3.64746048567941
80 1998 0.669090909090909 0.369219335307182 4.2205238390289
80 1999 0.714545454545455 0.23409985503392 3.67606377403121
80 2000 0.76 0.376719055496806 4.21657684935174
80 2001 0.805454545454545 0.573038959750892 4.96373989153382
80 2002 0.850909090909091 0.115971088652363 3.17953585614309
84 1994 0.498636363636364 0.405480410103878 4.40339478367988
84 1995 0.544090909090909 0.301326356480619 3.99538247115133
84 1996 0.589545454545455 0.434653948864231 4.51624584654415
84 1997 0.635 0.330786866650605 4.08184972965686
84 1998 0.680454545454545 0.153113975383198 3.37321143575097
84 1999 0.725909090909091 0.194953546515697 3.53017198131291
84 2000 0.771363636363636 0.289953583551924 3.88860995153298
84 2001 0.816818181818182 0.308507741502103 3.93191906205526
84 2002 0.862272727272727 0.227408435979779 3.61051235525454
85 1994 0.203181818181818 0.109038726652212 3.36037120366838
85 1995 0.248636363636364 0.631426670524024 5.34354721493745
85 1996 0.294090909090909 0.341712858486854 4.24496325550188
85 1997 0.339545454545455 0.0826645021663679 3.22079443538055
85 1998 0.385 0.445010429867428 4.6066533766608
85 1999 0.430454545454545 0.382487092385186 4.34799282034901
85 2000 0.475909090909091 0.157556239997468 3.44791090385183
85 2001 0.521363636363636 0.207508092285819 3.63870492280823
85 2002 0.566818181818182 0.529365407805449 4.87635490304041
86 1994 0.646363636363636 0.299507299164784 3.9624011273264
86 1995 0.691818181818182 0.465584132833527 4.5879635084453
86 1996 0.737272727272727 0.372794022553284 4.21895877294803
86 1997 0.782727272727273 0.430425710864105 4.42545128539671
86 1998 0.828181818181818 0.331012629871938 4.01675966640695
86 1999 0.873636363636364 0.564452946033915 4.91620433676776
86 2000 0.919090909090909 0.351554107650661 4.09042871466591
86 2001 0.964545454545455 0.26585856985377 3.72981588018343
86 2002 1.01 0.412495753835636 4.2845550447129
88 1994 0.600909090909091 0.409717232258531 4.39611620290636
88 1995 0.646363636363636 0.148954800205371 3.38410491774286
88 1996 0.691818181818182 0.300890403931229 3.95524727965166
88 1997 0.737272727272727 0.288315546019288 3.87907731644693
88 1998 0.782727272727273 0.583985791237877 5.01163895389242
88 1999 0.828181818181818 0.165253729978943 3.37113369867156
88 2000 0.873636363636364 0.224157257565696 3.59049746621409
88 2001 0.919090909090909 0.47208226938448 4.55220433220386
88 2002 0.964545454545455 0.307302401494167 3.87935795412585
98 1994 0.555454545454545 0.15058064313659 3.39134629309141
98 1995 0.600909090909091 0.467518209284265 4.62667188483228
98 1996 0.646363636363636 0.680843703273593 5.41595142744662
98 1997 0.691818181818182 0.396222099250114 4.32735245560329
98 1998 0.737272727272727 0.521515089007534 4.78935993322674
98 1999 0.782727272727273 0.181458119742746 3.45561996407918
98 2000 0.828181818181818 0.417196521145501 4.35255632151242
98 2001 0.873636363636364 0.290867441624903 3.86177545548033
98 2002 0.919090909090909 0.347149571829297 4.0585383366659
99 1994 0.555454545454545 0.679383719706213 5.45214264628079
99 1995 0.600909090909091 0.353121619721387 4.17334939172887
99 1996 0.646363636363636 0.450652195029817 4.54021062415951
99 1997 0.691818181818182 0.316000196703135 4.01094676283116
99 1998 0.737272727272727 0.203531348467108 3.54729352715012
99 1999 0.782727272727273 0.322595325066597 3.99737570276164
99 2000 0.828181818181818 0.564219681201646 4.92275497642215
99 2001 0.873636363636364 0.489635924939546 4.61176141188363
99 2002 0.919090909090909 0.169986157466231 3.36886748321378
102 1994 0.0213636363636364 0.294058561493887 4.12626746516439
102 1995 0.0668181818181818 0.584203206916409 5.21615777752433
102 1996 0.112272727272727 0.527584866051935 4.98957250042535
102 1997 0.157727272727273 0.217524618386316 3.78697233272415
102 1998 0.203181818181818 0.507135073646229 4.89704567089205
102 1999 0.248636363636364 0.240801118077217 3.86180268711537
102 2000 0.294090909090909 0.165800062746097 3.55373657425611
102 2001 0.339545454545455 0.570624077306372 5.11741175061965
102 2002 0.385 0.433237484576761 4.53690128169278
103 1994 0.248636363636364 0.264495310567592 3.94227794650674
103 1995 0.294090909090909 0.525031727787925 4.93148107276824
103 1996 0.339545454545455 0.414318388313776 4.48683373010584
103 1997 0.385 0.611870939650825 5.23056182250663
103 1998 0.430454545454545 0.342035920780599 4.17112604435236
103 1999 0.475909090909091 0.23143867334048 3.75714893122306
103 2000 0.521363636363636 0.443894449416143 4.55597363321484
103 2001 0.566818181818182 0.383648272485433 4.29404058433535
103 2002 0.612272727272727 0.345059274211002 4.11926467046255
104 1994 0.430454545454545 0.209252286664251 3.68028487029059
104 1995 0.475909090909091 0.358597207781994 4.23418798812196
104 1996 0.521363636363636 0.286119754349708 3.93056875357282
104 1997 0.566818181818182 0.410353632769436 4.40646786965061
104 1998 0.612272727272727 0.341286748459546 4.12956026082682
104 1999 0.657727272727273 0.420485228723683 4.43335330568918
104 2000 0.703181818181818 0.266918214606182 3.80167056693271
104 2001 0.748636363636364 0.137336565494592 3.29645366299608
104 2002 0.794090909090909 0.334021793220951 4.05160625459688
105 1994 0.407727272727273 0.298103940885622 4.01558792173046
105 1995 0.453181818181818 0.254658924888465 3.84647828743779
105 1996 0.498636363636364 0.184300795464524 3.58077919220179
105 1997 0.544090909090909 0.26013255767249 3.83289628103776
105 1998 0.589545454545455 0.216127994028799 3.66054649140154
105 1999 0.635 0.168071037491151 3.44446925201593
105 2000 0.680454545454545 0.369858600876615 4.22139332337806
105 2001 0.725909090909091 0.329032925864122 4.04993422236027
105 2002 0.771363636363636 0.309003400442826 3.97431374270558
107 1994 0.544090909090909 0.196927973653521 3.58780020035269
107 1995 0.589545454545455 0.102435693328951 3.21379841297252
107 1996 0.635 0.315141216116607 4.01329432249574
107 1997 0.680454545454545 0.342763622553316 4.10353460020828
107 1998 0.725909090909091 0.277523180815832 3.84259890738371
107 1999 0.771363636363636 0.224050527163588 3.65278061763134
107 2000 0.816818181818182 0.486582478483311 4.6286062361428
107 2001 0.862272727272727 0.346005343025474 4.06958553143178
107 2002 0.907727272727273 0.588871389994127 4.99589670074485
108 1994 0.475909090909091 0.31825020037074 4.06930586538281
108 1995 0.521363636363636 0.261877265740441 3.85271734262541
108 1996 0.566818181818182 0.19501689172456 3.56687900963175
108 1997 0.612272727272727 0.497596240852854 4.73129246011203
108 1998 0.657727272727273 0.376070770706892 4.25182065727579
108 1999 0.703181818181818 1.01 6.6725274292275
108 2000 0.748636363636364 0.356932160460599 4.15277814118501
108 2001 0.794090909090909 0.393003704151304 4.26173811182216
108 2002 0.839545454545455 0.785034279178627 5.75459779621505
109 1994 0.0781818181818182 0.411680530442307 4.57141600155368
109 1995 0.123636363636364 0.351806544484158 4.32623917247368
109 1996 0.169090909090909 0.456134543678074 4.71091830135156
109 1997 0.214545454545455 0.161711802161079 3.5681850204985
109 1998 0.26 0.302860327567555 4.08979907240932
109 1999 0.305454545454545 0.187704045546987 3.61880888997415
109 2000 0.350909090909091 0.267674387570332 3.91417091715409
109 2001 0.396363636363636 0.30784580571436 4.06865003339833
109 2002 0.441818181818182 0.355032827302773 4.23419219874021
110 1994 0.135 0.23224928103442 3.84332701116996
110 1995 0.180454545454545 0.462783991754265 4.72998641662954
110 1996 0.225909090909091 0.329166109333344 4.22153682749519
110 1997 0.271363636363636 0.255519074671892 3.90154378815341
110 1998 0.316818181818182 0.153652401253915 3.47652399312818
110 1999 0.362272727272727 0.272901633265408 3.93038856400795
110 2000 0.407727272727273 0.384717724674646 4.37226887190053
110 2001 0.453181818181818 0.359689884712433 4.26149870108092
110 2002 0.498636363636364 0.187430707153844 3.56518913626671
111 1994 0.214545454545455 0.232074095659465 3.81331581849124
111 1995 0.26 0.314230923902548 4.1334073535557
111 1996 0.305454545454545 0.200575453710504 3.68722527237105
111 1997 0.350909090909091 0.337814316920639 4.189250751888
111 1998 0.396363636363636 0.351204752385016 4.23200067778553
111 1999 0.441818181818182 0.131759141328292 3.36943804910792
111 2000 0.487272727272727 0.364681321958394 4.27047471167779
111 2001 0.532727272727273 0.266734572020925 3.86880905131992
111 2002 0.578181818181818 0.293115752490958 3.97687907882802
112 1994 0.555454545454545 0.175381118423895 3.49735097587241
112 1995 0.600909090909091 0.262446646018381 3.85151132347733
112 1996 0.646363636363636 0.348013925053437 4.1393694534447
112 1997 0.691818181818182 0.487966351032224 4.67656931059576
112 1998 0.737272727272727 0.124415264927949 3.24495688133866
112 1999 0.782727272727273 0.205815675515034 3.5455490329589
112 2000 0.828181818181818 0.37536272537999 4.20209051521368
112 2001 0.873636363636364 0.240072952170113 3.66423275114757
112 2002 0.919090909090909 0.24673461685047 3.67765387378777
113 1994 0.191818181818182 0.215864718089187 3.80200827740256
113 1995 0.237272727272727 0.293339512431388 4.0481267740598
113 1996 0.282727272727273 0.296357990276087 4.05236663575751
113 1997 0.328181818181818 0.380833046617561 4.37145442900992
113 1998 0.373636363636364 0.390370459934759 4.37064813778529
113 1999 0.419090909090909 0.327013763528611 4.1294705920716
113 2000 0.464545454545455 0.355850614276125 4.2281512840455
113 2001 0.51 0.433649176833486 4.50136288313117
113 2002 0.555454545454545 0.337351887147418 4.1270787683512
116 1994 0.135 0.56156838970579 5.12703313676548
116 1995 0.180454545454545 0.170994579711155 3.62547007118464
116 1996 0.225909090909091 0.230996688322155 3.82353559230396
116 1997 0.271363636363636 0.356171613805659 4.29657481693691
116 1998 0.316818181818182 0.22142104587525 3.75392834870822
116 1999 0.362272727272727 0.595750539287654 5.19772622496251
116 2000 0.407727272727273 0.223565563370997 3.73560326810866
116 2001 0.453181818181818 0.535563705642841 4.90302998214898
116 2002 0.498636363636364 0.319304607317591 4.07162723194093
122 1994 0.0440909090909091 0.331123111950427 4.2615281831117
122 1995 0.0895454545454545 0.134717382459288 3.4840853299886
122 1996 0.135 0.401838632696468 4.51018793100608
122 1997 0.180454545454545 0.314160254936733 4.16388360221435
122 1998 0.225909090909091 0.20738223671645 3.7392252199846
122 1999 0.271363636363636 0.223260784818664 3.77489219739848
122 2000 0.316818181818182 0.419893489220006 4.52272785935544
122 2001 0.362272727272727 0.318974861241648 4.13477363442698
122 2002 0.407727272727273 0.249727214089349 3.82735134308999
123 1994 0.589545454545455 0.322664204522537 4.0490172997381
123 1995 0.635 0.248316359441232 3.78117980674533
123 1996 0.680454545454545 0.448800608668203 4.52434909463246
123 1997 0.725909090909091 0.267545807780841 3.79787067947388
123 1998 0.771363636363636 0.237824063550811 3.67473019272385
123 1999 0.816818181818182 0.241987617367923 3.66942721213531
123 2000 0.862272727272727 0.313712699614346 3.95140277153582
123 2001 0.907727272727273 0.654449572309805 5.24421404276685
123 2002 0.953181818181818 0.376066491254813 4.15820360611077
125 1994 0.271363636363636 0.149645925269697 3.49739172573002
125 1995 0.316818181818182 0.397383587776335 4.43298423214667
125 1996 0.362272727272727 0.421618062440768 4.49891869193655
125 1997 0.407727272727273 0.295982960086183 3.99895952881886
125 1998 0.453181818181818 0.585060469803738 5.11541881189184
125 1999 0.498636363636364 0.274880952876164 3.90340636028057
125 2000 0.544090909090909 0.266132662521461 3.853402353219
125 2001 0.589545454545455 0.158411296181741 3.43728691506929
125 2002 0.635 0.494553757948855 4.70830274596769
126 1994 0.566818181818182 0.251654051817336 3.79536557940472
126 1995 0.612272727272727 0.183039170437354 3.5280380381236
126 1996 0.657727272727273 0.375761367172554 4.25505660394916
126 1997 0.703181818181818 0.389557902515131 4.2961218640665
126 1998 0.748636363636364 0.275886820193175 3.83512667996832
126 1999 0.794090909090909 0.24941411829877 3.73149652813745
126 2000 0.839545454545455 0.369005953187597 4.15833604480527
126 2001 0.885 0.363291555152795 4.10629644463908
126 2002 0.930454545454545 0.338936914901781 4.02947194301478
127 1994 0.328181818181818 0.326640633948617 4.1684893480287
127 1995 0.373636363636364 0.209346612295656 3.69633424514542
127 1996 0.419090909090909 0.225039476224932 3.73061490647897
127 1997 0.464545454545455 0.190918965014337 3.59124011530296
127 1998 0.51 0.306820368478753 4.01379952410792
127 1999 0.555454545454545 0.231677272831881 3.72201566447526
127 2000 0.600909090909091 0.24181881026796 3.74011052169535
127 2001 0.646363636363636 0.382706986424837 4.29235064433209
127 2002 0.691818181818182 0.203517894208216 3.58998651337334
128 1994 0.385 0.303134578271565 4.06221010830956
128 1995 0.430454545454545 0.345838371692298 4.18799181852549
128 1996 0.475909090909091 0.310894148270613 4.04557392169005
128 1997 0.521363636363636 0.209764193058727 3.63982549659961
128 1998 0.566818181818182 0.761940260719149 5.75382896521691
128 1999 0.612272727272727 0.333928902036318 4.08173159118473
128 2000 0.657727272727273 0.249096487298942 3.75834446003292
128 2001 0.703181818181818 0.309144218778383 3.98781174756838
128 2002 0.748636363636364 0.405135990920199 4.35107445872416
129 1994 0.419090909090909 0.466549476842172 4.67986673659429
129 1995 0.464545454545455 0.327917987271926 4.12736611642114
129 1996 0.51 0.456010250255622 4.59408803323584
129 1997 0.555454545454545 0.372783155548178 4.26142843909722
129 1998 0.600909090909091 0.3194200971504 4.04893656276178
129 1999 0.646363636363636 0.179815589531564 3.4888692025546
129 2000 0.691818181818182 0.331383238193067 4.06833826437003
129 2001 0.737272727272727 0.262439899743433 3.78646511117462
129 2002 0.782727272727273 0.251345579193074 3.73655302396846
130 1994 0.532727272727273 0.0739172438390934 3.10623311965529
130 1995 0.578181818181818 0.359479894145877 4.20501967683528
130 1996 0.623636363636364 0.297209204096545 3.94858186849711
130 1997 0.669090909090909 0.548271832519911 4.91245530546671
130 1998 0.714545454545455 0.132330873679807 3.29455593505367
130 1999 0.76 0.334285089463568 4.05506233210048
130 2000 0.805454545454545 0.242357928297324 3.69526083789376
130 2001 0.850909090909091 0.104282874752783 3.13484373408922
130 2002 0.896363636363636 0.540059628815696 4.78811744385416
131 1994 0.623636363636364 0.442236570389109 4.51285449728993
131 1995 0.669090909090909 0.393717355530968 4.31642885648175
131 1996 0.714545454545455 0.412268664813722 4.37464242162058
131 1997 0.76 0.522944280063852 4.77428108943821
131 1998 0.805454545454545 0.108762850865154 3.16915115578411
131 1999 0.850909090909091 0.394175104800759 4.25480975038951
131 2000 0.896363636363636 0.191249498984579 3.46815252623449
131 2001 0.941818181818182 0.348394243483314 4.04220719137574
131 2002 0.987272727272727 0.302134238015827 3.8522101326621
132 1994 0.373636363636364 0.494162447263437 4.79058109596106
132 1995 0.419090909090909 0.183407813698331 3.57197148933412
132 1996 0.464545454545455 0.308104498075264 4.03578314783097
132 1997 0.51 0.325604583671355 4.09949183192801
132 1998 0.555454545454545 0.191383305256664 3.57768318830378
132 1999 0.600909090909091 0.289189098735234 3.93006033978126
132 2000 0.646363636363636 0.156856382769685 3.41863797042849
132 2001 0.691818181818182 0.552928359993295 4.91776066721799
132 2002 0.737272727272727 0.264700307922707 3.78350091790597
133 1994 0.123636363636364 0.30244325193372 4.13770130843157
133 1995 0.169090909090909 0.496970665275709 4.86054980461527
133 1996 0.214545454545455 0.241701460426258 3.88033105613297
133 1997 0.26 0.338768889864795 4.22846064928477
133 1998 0.305454545454545 0.475528952832854 4.74341477902933
133 1999 0.350909090909091 0.242065411964603 3.83410097518092
133 2000 0.396363636363636 0.378728434467078 4.33617916977676
133 2001 0.441818181818182 0.208014026508085 3.66787350852056
133 2002 0.487272727272727 0.249312773776913 3.81157805638372
140 1994 0.316818181818182 0.21096008377921 3.72306117875653
140 1995 0.362272727272727 0.323587839671035 4.14306047958655
140 1996 0.407727272727273 0.147140639513709 3.44441872990664
140 1997 0.453181818181818 0.185577706879936 3.60127014361498
140 1998 0.498636363636364 0.630457706430481 5.2794909489042
140 1999 0.544090909090909 0.326996646374462 4.08734886762659
140 2000 0.589545454545455 0.47937343963672 4.67068444942492
140 2001 0.635 0.193166051262821 3.55346206422521
140 2002 0.680454545454545 0.676359352961634 5.3997931982475
141 1994 0.225909090909091 0.313031153406072 4.13744197123336
141 1995 0.271363636363636 0.276233571288602 3.99241704017289
141 1996 0.316818181818182 0.21153864766625 3.71906922894065
141 1997 0.362272727272727 0.238288136785294 3.8169052898182
141 1998 0.407727272727273 0.405728593077584 4.44075984382591
141 1999 0.453181818181818 0.141236502610558 3.397407165518
141 2000 0.498636363636364 0.450713686061285 4.57805875028974
141 2001 0.544090909090909 0.479329843433 4.68674519518543
141 2002 0.589545454545455 0.263255263217085 3.81182040948226
142 1994 0.350909090909091 0.187212113668872 3.62162643976772
142 1995 0.396363636363636 0.341738177615127 4.17749014200462
142 1996 0.441818181818182 0.326216982366776 4.1174558414174
142 1997 0.487272727272727 0.335794129484961 4.13987720283848
142 1998 0.532727272727273 0.574934149394156 5.06177088232217
142 1999 0.578181818181818 0.321874884635025 4.05407454729272
142 2000 0.623636363636364 0.20542540708918 3.59818034043412
142 2001 0.669090909090909 0.385901495919904 4.2717824593011
142 2002 0.714545454545455 0.219643769399467 3.62595251460512
143 1994 0.635 0.375834887934611 4.25507219837513
143 1995 0.680454545454545 0.239659276851838 3.70531812790529
143 1996 0.725909090909091 0.338310180944142 4.08824734568365
143 1997 0.771363636363636 0.288008161281825 3.86363499257932
143 1998 0.816818181818182 0.450211177386108 4.48633189399236
143 1999 0.862272727272727 0.28202818984698 3.81947386478452
143 2000 0.907727272727273 0.219201899136381 3.56907379853327
143 2001 0.953181818181818 0.328966274367724 3.96365041262556
143 2002 0.998636363636364 0.388233120601096 4.18689767038326
144 1994 0.0895454545454545 0.229317639669324 3.86156424504371
144 1995 0.135 0.346007591662552 4.29489550448145
144 1996 0.180454545454545 0.242021685187422 3.87331094197289
144 1997 0.225909090909091 0.536961127205531 4.98926187775462
144 1998 0.271363636363636 0.321475426895551 4.13993999036944
144 1999 0.316818181818182 0.315198648438236 4.1230289195661
144 2000 0.362272727272727 0.242040473354558 3.82685657895904
144 2001 0.407727272727273 0.395034283327124 4.39507975011778
144 2002 0.453181818181818 0.270190017629862 3.90121723566616
145 1994 0.407727272727273 0.325041345482786 4.1143439881566
145 1995 0.453181818181818 0.346718975645694 4.19132026831382
145 1996 0.498636363636364 0.591450675937654 5.12745367162525
145 1997 0.544090909090909 0.506540250048151 4.78889878104701
145 1998 0.589545454545455 0.29651167069408 3.95495447103194
145 1999 0.635 0.34117041728512 4.1259308689355
145 2000 0.680454545454545 0.214957531954767 3.61971126611261
145 2001 0.725909090909091 0.357416648792429 4.14944675378871
145 2002 0.771363636363636 0.371883641782314 4.2018269752904
147 1994 0.157727272727273 0.270445389930257 4.00168559402272
147 1995 0.203181818181818 0.304590992303595 4.10234604635746
147 1996 0.248636363636364 0.273854866862159 3.97168794870064
147 1997 0.294090909090909 0.356144963809582 4.28645135819431
147 1998 0.339545454545455 0.218837263078648 3.7387733201721
147 1999 0.385 0.414079590535811 4.48039904595227
147 2000 0.430454545454545 0.376325508402844 4.31058407293225
147 2001 0.475909090909091 0.546907527940036 4.96970730212631
147 2002 0.521363636363636 0.581357126817615 5.09220391297881
149 1994 0.157727272727273 0.111105759188172 3.39701426036935
149 1995 0.203181818181818 0.532420794688678 4.99402138376199
149 1996 0.248636363636364 0.359855204911288 4.31034685781426
149 1997 0.294090909090909 0.245315175190595 3.83457116757341
149 1998 0.339545454545455 0.363253426171946 4.29605697370255
149 1999 0.385 0.422217468092168 4.52144487359829
149 2000 0.430454545454545 0.366626128766899 4.28181314806229
149 2001 0.475909090909091 0.354744397541631 4.23649206741608
149 2002 0.521363636363636 0.170125979687204 3.48952656620354
151 1994 0.51 0.276110419635158 3.91379834550685
151 1995 0.555454545454545 0.221024620654441 3.68580293382913
151 1996 0.600909090909091 0.362962608838203 4.19492500026962
151 1997 0.646363636363636 0.288354538014503 3.92300641325665
151 1998 0.691818181818182 0.573369035959253 4.99453843308953
151 1999 0.737272727272727 0.25398813679405 3.75102242028986
151 2000 0.782727272727273 0.297255685088426 3.91846990718311
151 2001 0.828181818181818 0.348317865982644 4.08971991900326
151 2002 0.873636363636364 0.331245290170967 4.01748450272508
152 1994 0.0213636363636364 0.272190863534551 4.03875273203112
152 1995 0.0668181818181818 0.332582056702659 4.27326416017225
152 1996 0.112272727272727 0.182245823564659 3.66119470526042
152 1997 0.157727272727273 0.321531572954543 4.18693302050884
152 1998 0.203181818181818 0.493813090835308 4.84025590468001
152 1999 0.248636363636364 0.226629252964834 3.80197358545741
152 2000 0.294090909090909 0.237545020117104 3.82722805724452
152 2001 0.339545454545455 0.334351627024097 4.1883921039242
152 2002 0.385 0.442217004973465 4.570526328253
153 1994 0.635 0.224282413753157 3.65616555749324
153 1995 0.680454545454545 0.286985799853764 3.9049354226794
153 1996 0.725909090909091 0.227678540954193 3.67442703233396
153 1997 0.771363636363636 0.491386805181258 4.65974127839315
153 1998 0.816818181818182 0.514858197639044 4.74528580034096
153 1999 0.862272727272727 0.255876860627457 3.71274780432799
153 2000 0.907727272727273 0.427476731537371 4.34054958565586
153 2001 0.953181818181818 0.496439762214808 4.61392457312879
153 2002 0.998636363636364 0.423841877094087 4.33439949157865
154 1994 0.146363636363636 0.185805834931153 3.67252193859117
154 1995 0.191818181818182 0.091075316086438 3.27976699945126
154 1996 0.237272727272727 0.329362295784887 4.20511804857192
154 1997 0.282727272727273 0.216058107456604 3.74967447639978
154 1998 0.328181818181818 0.448255049868356 4.63223266246323
154 1999 0.373636363636364 0.354131387402642 4.26164856429107
154 2000 0.419090909090909 0.198140874983684 3.65758530189815
154 2001 0.464545454545455 0.378755780397144 4.32060272510973
154 2002 0.51 0.264992759221967 3.86762617464304
155 1994 0.600909090909091 0.360927575823915 4.19843640342887
155 1995 0.646363636363636 0.375582581812791 4.26344991311334
155 1996 0.691818181818182 0.328222950285145 4.06064873798283
155 1997 0.737272727272727 0.343371101931749 4.07734528364295
155 1998 0.782727272727273 0.0396472291030366 2.90237684302636
155 1999 0.828181818181818 0.241114832735374 3.67693287634337
155 2000 0.873636363636364 0.218989542893339 3.57786741875284
155 2001 0.919090909090909 0.21152539118744 3.52880605450838
155 2002 0.964545454545455 0.301101193737373 3.86087362552117
158 1994 0.532727272727273 0.334573157330453 4.11392149567349
158 1995 0.578181818181818 0.235014537227362 3.71802331560197
158 1996 0.623636363636364 0.411867647619446 4.38946856893715
158 1997 0.669090909090909 0.120168553443365 3.25311484596568
158 1998 0.714545454545455 0.188303969895372 3.51016951109225
158 1999 0.76 0.517849698936253 4.77010112661434
158 2000 0.805454545454545 0.29851426233627 3.90853040817288
158 2001 0.850909090909091 0.376200101204549 4.18570925206792
158 2002 0.896363636363636 0.369286215642494 4.13560440695263
161 1994 0.339545454545455 0.591674662647344 5.17082584067058
161 1995 0.385 0.365830506963872 4.28898896684463
161 1996 0.430454545454545 0.419851248754191 4.4820801022433
161 1997 0.475909090909091 0.199589913943247 3.60474431396911
161 1998 0.521363636363636 0.456376707425813 4.60112290159464
161 1999 0.566818181818182 0.139305536188904 3.3707909670896
161 2000 0.612272727272727 0.315200473955546 4.0404080070315
161 2001 0.657727272727273 0.304476537782805 3.97102059441014
161 2002 0.703181818181818 0.346490555766995 4.13870769478321
163 1994 0.203181818181818 0.191757909707371 3.66431453120085
163 1995 0.248636363636364 0.334628684898659 4.22004916626245
163 1996 0.294090909090909 0.365123829090037 4.31414202148577
163 1997 0.339545454545455 0.552748328064053 5.03115926384527
163 1998 0.385 0.38832987658182 4.37926900723456
163 1999 0.430454545454545 0.233753984188381 3.76885656102713
163 2000 0.475909090909091 0.226034006572313 3.71865919141683
163 2001 0.521363636363636 0.280445629192168 3.9257279342802
163 2002 0.566818181818182 0.372221102799418 4.2571225779803
165 1994 0.373636363636364 0.302380586709802 4.04936040824615
165 1995 0.419090909090909 0.0897351284280024 3.22955956738747
165 1996 0.464545454545455 0.443860761417711 4.5775454454441
165 1997 0.51 0.495090706415676 4.75480326148713
165 1998 0.555454545454545 0.42515582375346 4.46189864717435
165 1999 0.600909090909091 0.351686745153227 4.17372364668149
165 2000 0.646363636363636 0.375614366399385 4.23294914174189
165 2001 0.691818181818182 0.229595987822094 3.66625447475804
165 2002 0.737272727272727 0.331133815779534 4.03923748042183
166 1994 0.237272727272727 0.395106465145217 4.45603985918473
166 1995 0.282727272727273 0.456316879531949 4.6782963862065
166 1996 0.328181818181818 0.397105682557342 4.42671015645602
166 1997 0.373636363636364 0.280276002651512 3.97689443226898
166 1998 0.419090909090909 0.0648114939100369 3.10721735689667
166 1999 0.464545454545455 0.208008158848669 3.65964321063625
166 2000 0.51 0.327767783266029 4.09763843700812
166 2001 0.555454545454545 0.390339181310877 4.32619317120651
166 2002 0.600909090909091 0.358380243683824 4.18333779050749
168 1994 0.0895454545454545 0.394541183611966 4.50513540225064
168 1995 0.135 0.40676902119329 4.54293959050119
168 1996 0.180454545454545 0.480568636984848 4.78160537645157
168 1997 0.225909090909091 0.151938790399848 3.50697277028001
168 1998 0.271363636363636 0.432031490029143 4.58720916043678
168 1999 0.316818181818182 0.199832781192133 3.67581476168658
168 2000 0.362272727272727 0.30046747308293 4.06301476549316
168 2001 0.407727272727273 0.24919133333046 3.82585989798164
168 2002 0.453181818181818 0.232767625725044 3.76384030314392
169 1994 0.135 0.246743253311371 3.90491124235042
169 1995 0.180454545454545 0.273882443733493 3.98477420027723
169 1996 0.225909090909091 0.207621261233106 3.73406512280182
169 1997 0.271363636363636 0.228131726914635 3.80066927160309
169 1998 0.316818181818182 0.391440027557586 4.42086311614112
169 1999 0.362272727272727 0.337159618025143 4.19611187292723
169 2000 0.407727272727273 0.612395406996456 5.24160244544863
169 2001 0.453181818181818 0.323859095209394 4.10694226002027
169 2002 0.498636363636364 0.225749672372272 3.71669510546765
170 1994 0.123636363636364 0.297031853263194 4.08312420910915
170 1995 0.169090909090909 0.29271164460252 4.07364073548689
170 1996 0.214545454545455 0.255110261112865 3.92095553989425
170 1997 0.26 0.508554279181578 4.88243434916585
170 1998 0.305454545454545 0.0669579393280042 3.17675641894402
170 1999 0.350909090909091 0.142486963881949 3.4400754098674
170 2000 0.396363636363636 0.401736297958593 4.44301579748092
170 2001 0.441818181818182 0.387231097106086 4.37367664870126
170 2002 0.487272727272727 0.507621689708128 4.79461344246096
171 1994 0.544090909090909 0.514800704941344 4.81784775564849
171 1995 0.589545454545455 0.351837782014659 4.18267234678414
171 1996 0.635 0.427197528809297 4.45276940487774
171 1997 0.680454545454545 0.273376075273491 3.85780638425269
171 1998 0.725909090909091 0.201321857439465 3.55902029508974
171 1999 0.771363636363636 0.232223542243713 3.66604644922471
171 2000 0.816818181818182 0.227188410382074 3.61746983282066
171 2001 0.862272727272727 0.209921419243954 3.53602811590932
171 2002 0.907727272727273 0.261380835745018 3.72614502757283
172 1994 0.180454545454545 0.425410094400644 4.58153414170528
172 1995 0.225909090909091 0.207122914841488 3.71201426292477
172 1996 0.271363636363636 0.368613379542115 4.33761956241614
172 1997 0.316818181818182 0.542604601372645 4.98737341052126
172 1998 0.362272727272727 0.232545707092833 3.78350663735591
172 1999 0.407727272727273 0.374185466028112 4.31752950463531
172 2000 0.453181818181818 0.454579077417516 4.62951118009365
172 2001 0.498636363636364 0.209520163032357 3.65828875922938
172 2002 0.544090909090909 0.44542744503454 4.53641956577228
173 1994 0.635 0.404736243136023 4.3653566761032
173 1995 0.680454545454545 0.102421244644902 3.16986191184847
173 1996 0.725909090909091 0.231192130975266 3.66677765651232
173 1997 0.771363636363636 0.529902038038504 4.81247010151983
173 1998 0.816818181818182 0.269704587894801 3.78294584492133
173 1999 0.862272727272727 0.817419631864233 5.88195462203946
173 2000 0.907727272727273 0.201204202239568 3.47389232027199
173 2001 0.953181818181818 0.32862201275609 3.98008358766192
173 2002 0.998636363636364 0.375920831708845 4.14265370983226
174 1994 0.112272727272727 0.276113828062578 4.0254171745704
174 1995 0.157727272727273 0.186314600184507 3.67903119164366
174 1996 0.203181818181818 0.216580762113299 3.78903268996885
174 1997 0.248636363636364 0.406187950452575 4.49105150573664
174 1998 0.294090909090909 0.441591140150423 4.62702100950378
174 1999 0.339545454545455 0.198208223327262 3.65472093655334
174 2000 0.385 0.360125582305589 4.26298435734241
174 2001 0.430454545454545 0.53614216852443 4.93966603659394
174 2002 0.475909090909091 0.293840066523826 3.98598069166383
177 1994 0.521363636363636 0.379551298347546 4.31188454891949
177 1995 0.566818181818182 0.382720678309453 4.30545110802366
177 1996 0.612272727272727 0.403198738137214 4.36310917399405
177 1997 0.657727272727273 0.143650225880366 3.34504326112894
177 1998 0.703181818181818 0.244645769941571 3.7246856641133
177 1999 0.748636363636364 0.158507819815579 3.38348230038479
177 2000 0.794090909090909 0.662634997054563 5.29838055548407
177 2001 0.839545454545455 0.353048243030144 4.09037288540353
177 2002 0.885 0.189445173666888 3.45104956388876
178 1994 0.169090909090909 0.18792807250399 3.6743987714104
178 1995 0.214545454545455 0.266751734031181 3.9745059134956
178 1996 0.26 0.271682009957075 3.96821554412038
178 1997 0.305454545454545 0.311801576064398 4.11724125341523
178 1998 0.350909090909091 0.273185803660473 3.94715000250076
178 1999 0.396363636363636 0.424093001782974 4.50629939901036
178 2000 0.441818181818182 0.209835882869362 3.68077572376338
178 2001 0.487272727272727 0.69775710182107 5.54672120901062
178 2002 0.532727272727273 0.374607467580864 4.28015772080171
179 1994 0.191818181818182 0.357171260488736 4.31814395216716
179 1995 0.237272727272727 0.335813787517624 4.23520961492923
179 1996 0.282727272727273 0.254321184530333 3.87856790342842
179 1997 0.328181818181818 0.312120256883858 4.09981940709966
179 1998 0.373636363636364 0.674002857065287 5.48483364917613
179 1999 0.419090909090909 0.418055619973478 4.5014789306159
179 2000 0.464545454545455 0.580707442689029 5.08651818851431
179 2001 0.51 0.333235287879394 4.11552572243408
179 2002 0.555454545454545 0.431233563365745 4.48213055880888
180 1994 0.339545454545455 0.126156872947237 3.36754483268854
180 1995 0.385 0.247677853438281 3.83413747660855
180 1996 0.430454545454545 0.345584282855129 4.19242905509059
180 1997 0.475909090909091 0.349031464778382 4.19077749898558
180 1998 0.521363636363636 0.146798120825849 3.3961785352524
180 1999 0.566818181818182 0.130087570571187 3.31915913442302
180 2000 0.612272727272727 0.508733316263208 4.77132222600641
180 2001 0.657727272727273 0.113055916896429 3.22970529434067
180 2002 0.703181818181818 0.351415287647157 4.14115631090854
181 1994 0.203181818181818 0.146090334359055 3.4979483514552
181 1995 0.248636363636364 0.402773990202323 4.47542901570753
181 1996 0.294090909090909 0.310522035598842 4.10320493683325
181 1997 0.339545454545455 0.297099968017012 4.04982532814631
181 1998 0.385 0.382460849219306 4.34812262376389
181 1999 0.430454545454545 0.236385020332962 3.78230608749041
181 2000 0.475909090909091 0.192353001888705 3.59591226333315
181 2001 0.521363636363636 0.251026500407989 3.8011538730532
181 2002 0.566818181818182 0.189344998093396 3.55727937481938
184 1994 0.498636363636364 0.176878816892765 3.52584570498323
184 1995 0.544090909090909 0.161282328523652 3.45355608528837
184 1996 0.589545454545455 0.362259525605557 4.22106742755907
184 1997 0.635 0.29889153056348 3.95948015814154
184 1998 0.680454545454545 0.143935654545484 3.35434487123795
184 1999 0.725909090909091 0.384150743649225 4.25066474630027
184 2000 0.771363636363636 0.234001094488733 3.66337302383733
184 2001 0.816818181818182 0.509960396485417 4.70226233433631
184 2002 0.862272727272727 0.334696461250665 4.02013028185101
185 1994 0.555454545454545 0.338122947869881 4.13512077591047
185 1995 0.600909090909091 0.408571741114859 4.3889642266941
185 1996 0.646363636363636 0.264044144825172 3.83079541705023
185 1997 0.691818181818182 0.477142660212726 4.64495697308358
185 1998 0.737272727272727 0.27700844289397 3.84762303195498
185 1999 0.782727272727273 0.268538659392074 3.8021782252813
185 2000 0.828181818181818 0.477225321853688 4.57349931988184
185 2001 0.873636363636364 0.304689690083464 3.89080297864186
185 2002 0.919090909090909 0.326721304263434 3.95979949983449
186 1994 0.112272727272727 0.529680952847341 5.02853629929082
186 1995 0.157727272727273 0.589840777279007 5.21654895714202
186 1996 0.203181818181818 0.328689868967141 4.21467702540807
186 1997 0.248636363636364 0.33656044178876 4.23138245844667
186 1998 0.294090909090909 0.269398464741895 3.95948773049411
186 1999 0.339545454545455 0.470594045079853 4.69293011186006
186 2000 0.385 0.191802465346964 3.6192703264556
186 2001 0.430454545454545 0.273410766995691 3.91036998576806
186 2002 0.475909090909091 0.324224945516718 4.10195037487489
187 1994 0.112272727272727 0.444442577602343 4.6967014905203
187 1995 0.157727272727273 0.359605060848919 4.3273636777494
187 1996 0.203181818181818 0.375537643702671 4.39133593831599
187 1997 0.248636363636364 0.405785919325501 4.47948846444953
187 1998 0.294090909090909 0.365339351233559 4.32027037418271
187 1999 0.339545454545455 0.333405285513736 4.18695577170753
187 2000 0.385 0.365358960252976 4.29430242597768
187 2001 0.430454545454545 0.415365383534815 4.46894379555507
187 2002 0.475909090909091 0.188761887446911 3.58069944284148
189 1994 0.328181818181818 0.463822430543313 4.69040667990597
189 1995 0.373636363636364 0.37789625981816 4.33869883586001
189 1996 0.419090909090909 0.40485792026586 4.44111711835966
189 1997 0.464545454545455 0.20022518120156 3.6253268968881
189 1998 0.51 0.365614366071957 4.25968598846584
189 1999 0.555454545454545 0.445147806179439 4.54745502990757
189 2000 0.600909090909091 0.380562482316396 4.28785175152825
189 2001 0.646363636363636 0.229497009148054 3.67354614225653
189 2002 0.691818181818182 0.452801416274695 4.54300705621859
191 1994 0.157727272727273 0.412209633709115 4.53803364699417
191 1995 0.203181818181818 0.201881877869373 3.71793980742921
191 1996 0.248636363636364 0.413312948967368 4.52472975534246
191 1997 0.294090909090909 0.416450862472099 4.51305951140046
191 1998 0.339545454545455 0.325737035937964 4.15296627460076
191 1999 0.385 0.228125089047743 3.75257876245378
191 2000 0.430454545454545 0.522661407891524 4.89316893467319
191 2001 0.475909090909091 0.251381591965073 3.80342318874487
191 2002 0.521363636363636 0.512757530084894 4.81756248284795
192 1994 0.191818181818182 0.226952349211139 3.81784612243706
192 1995 0.237272727272727 0.364956655850959 4.33295578309329
192 1996 0.282727272727273 0.557074112696381 5.05975173948733
192 1997 0.328181818181818 0.29745274210422 4.04428269610439
192 1998 0.373636363636364 0.317351752030154 4.09900203238457
192 1999 0.419090909090909 0.345009882477436 4.20794761856751
192 2000 0.464545454545455 0.445655596329618 4.56060064564328
192 2001 0.51 0.609148031544503 5.20060896865523
192 2002 0.555454545454545 0.569631648352941 5.0238219346339
197 1994 0.225909090909091 0.366273395701432 4.35821404570431
197 1995 0.271363636363636 0.349595746816507 4.27188855192368
197 1996 0.316818181818182 0.261744195487674 3.91596091518922
197 1997 0.362272727272727 0.4354149599894 4.5724587716265
197 1998 0.407727272727273 0.0836781385923471 3.18765108456683
197 1999 0.453181818181818 0.362810806592449 4.27811649690001
197 2000 0.498636363636364 0.132005549382137 3.35963769329353
197 2001 0.544090909090909 0.312780136138967 4.06234086365609
197 2002 0.589545454545455 0.25933134753849 3.82317646403403
198 1994 0.373636363636364 0.353005096621009 4.24173053384668
198 1995 0.419090909090909 0.386594675414706 4.37176554476249
198 1996 0.464545454545455 0.379559708104612 4.3311710466629
198 1997 0.51 0.153245433141682 3.42082299906933
198 1998 0.555454545454545 0.389967465026868 4.33277123572335
198 1999 0.600909090909091 0.257970064358883 3.82095673588261
198 2000 0.646363636363636 0.301288055201409 3.96480346456255
198 2001 0.691818181818182 0.370086593942518 4.20401139867897
198 2002 0.737272727272727 0.334841994425553 4.06159017230754
202 1994 0.294090909090909 0.140342166738309 3.44252735942611
202 1995 0.339545454545455 0.381814836471622 4.35372203052327
202 1996 0.385 0.354337445129982 4.23637050410593
202 1997 0.430454545454545 0.34368284831179 4.18355362960247
202 1998 0.475909090909091 0.136012071214484 3.3816475452306
202 1999 0.521363636363636 0.211331006655641 3.6517761364415
202 2000 0.566818181818182 0.298822459151656 3.98554737637956
202 2001 0.612272727272727 0.309281135925931 4.0147712632496
202 2002 0.657727272727273 0.324635927884969 4.04959331826454
204 1994 0.339545454545455 0.268800083897193 3.93240464869122
204 1995 0.385 0.23149636566093 3.7719955829425
204 1996 0.430454545454545 0.293530422067975 3.97828151600811
204 1997 0.475909090909091 0.17200617322373 3.50684940051977
204 1998 0.521363636363636 0.479299060386928 4.70371403480581
204 1999 0.566818181818182 0.320016594534648 4.06259263528255
204 2000 0.612272727272727 0.240435423941033 3.72510059193464
204 2001 0.657727272727273 0.264759669090975 3.81729531883915
204 2002 0.703181818181818 0.0812828159201704 3.10820552645942
206 1994 0.0895454545454545 0.364874303223254 4.37849153021734
206 1995 0.135 0.271355659929688 3.99102201197929
206 1996 0.180454545454545 0.180442236919815 3.64611721914737
206 1997 0.225909090909091 0.270997650508246 3.97409160437137
206 1998 0.271363636363636 0.101559762407465 3.29067442072657
206 1999 0.316818181818182 0.13845057477465 3.43223258845101
206 2000 0.362272727272727 0.267443988933605 3.91760504850618
206 2001 0.407727272727273 0.491821755320283 4.78995743619128
206 2002 0.453181818181818 0.252647104038002 3.8337803100593
209 1994 0.362272727272727 0.271891968095414 3.93026339001449
209 1995 0.407727272727273 0.286355456050369 3.98155667786523
209 1996 0.453181818181818 0.234575699487685 3.7641962076561
209 1997 0.498636363636364 0.154455650505055 3.4289716910845
209 1998 0.544090909090909 0.33983502856092 4.15696231239625
209 1999 0.589545454545455 0.245697367030515 3.75858318804138
209 2000 0.635 0.327004383901046 4.06063455843157
209 2001 0.680454545454545 0.377481124536995 4.25098043153377
209 2002 0.725909090909091 0.177786815293138 3.46069463283493
211 1994 0.635 0.282912179125439 3.90490250730965
211 1995 0.680454545454545 0.239096305895792 3.71678941535357
211 1996 0.725909090909091 0.258504524218351 3.76690210394619
211 1997 0.771363636363636 0.102656760415474 3.15650793150185
211 1998 0.816818181818182 0.267373072242068 3.78190563686994
211 1999 0.862272727272727 0.239216641316647 3.6582606932566
211 2000 0.907727272727273 0.17846202386699 3.40680869089538
211 2001 0.953181818181818 0.486384663588533 4.56119854729574
211 2002 0.998636363636364 0.268220217629079 3.72039675863866
213 1994 0.135 0.419118812089511 4.56605641759997
213 1995 0.180454545454545 0.167046050559564 3.57783825964193
213 1996 0.225909090909091 0.286049625786949 4.02299721544782
213 1997 0.271363636363636 0.493191104400101 4.82581590879755
213 1998 0.316818181818182 0.700120346915209 5.59955372591623
213 1999 0.362272727272727 0.342488645112211 4.20383349457596
213 2000 0.407727272727273 0.418107862737249 4.49695123990135
213 2001 0.453181818181818 0.217493143350964 3.6969726357048
213 2002 0.498636363636364 0.403808654193344 4.41609139410879
215 1994 0.237272727272727 0.39679550866123 4.46373088212338
215 1995 0.282727272727273 0.265212107594116 3.94095914919578
215 1996 0.328181818181818 0.443492212347786 4.61944583098994
215 1997 0.373636363636364 0.302358155424453 4.03590611824906
215 1998 0.419090909090909 0.050401978290972 3.06660999338642
215 1999 0.464545454545455 0.142187750835489 3.40723209092422
215 2000 0.51 0.218952659574625 3.68043057895556
215 2001 0.555454545454545 0.239350327577893 3.75180185200578
215 2002 0.600909090909091 0.292935991466556 3.92898398800864
216 1994 0.578181818181818 0.333166691906511 4.12175431316051
216 1995 0.623636363636364 0.368847187443255 4.24906334911322
216 1996 0.669090909090909 0.447814298282976 4.53452195371364
216 1997 0.714545454545455 0.561338141698695 4.95101262249804
216 1998 0.76 0.49357476075751 4.67078078397869
216 1999 0.805454545454545 0.274161376051619 3.80131788323748
216 2000 0.850909090909091 0.389344601704704 4.24952669371531
216 2001 0.896363636363636 0.358209454868584 4.11083400354894
216 2002 0.941818181818182 0.237965194470123 3.63957795712147
217 1994 0.157727272727273 0.275792426959608 4.00270787679636
217 1995 0.203181818181818 0.502070762567332 4.86037566846507
217 1996 0.248636363636364 0.401396632720441 4.47116976031933
217 1997 0.294090909090909 0.522629779544001 4.93445361523827
217 1998 0.339545454545455 0.208632958149227 3.71266285585927
217 1999 0.385 0.385951540198635 4.37617824899473
217 2000 0.430454545454545 0.199315736381219 3.63875785636741
217 2001 0.475909090909091 0.312825859444534 4.06524982526081
217 2002 0.521363636363636 0.176924741595953 3.52938495440373
218 1994 0.612272727272727 0.236579278072469 3.73206329362679
218 1995 0.657727272727273 0.158808617726979 3.39243509428179
218 1996 0.703181818181818 0.32430892364745 4.01091814377798
218 1997 0.748636363636364 0.444394584516473 4.47091099707369
218 1998 0.794090909090909 0.392304432872686 4.26076889099318
218 1999 0.839545454545455 0.306601181799855 3.92810155436561
218 2000 0.885 0.144128380461278 3.28387679483224
218 2001 0.930454545454545 0.2615821614874 3.71631462990573
218 2002 0.975909090909091 0.303971933226517 3.86666768064179
220 1994 0.339545454545455 0.369924011832915 4.32059412134002
220 1995 0.385 0.1423743884118 3.4262818619703
220 1996 0.430454545454545 0.489112283088611 4.75045759460901
220 1997 0.475909090909091 0.296250031498733 3.99068665668549
220 1998 0.521363636363636 0.259702165745011 3.82853132398061
220 1999 0.566818181818182 0.388305506288933 4.30673911845364
220 2000 0.612272727272727 0.220847112924456 3.65072881459145
220 2001 0.657727272727273 0.374235713717546 4.24332022546045
220 2002 0.703181818181818 0.614604881687737 5.13383078646212
221 1994 0.362272727272727 0.319692773301314 4.11104320978068
221 1995 0.407727272727273 0.359633945200443 4.23800551455398
221 1996 0.453181818181818 0.321456625901487 4.09938027327595
221 1997 0.498636363636364 0.153901433352404 3.4235159844307
221 1998 0.544090909090909 0.384450620032718 4.31080430610891
221 1999 0.589545454545455 0.398125446736272 4.35844093529589
221 2000 0.635 0.29044417574694 3.94225829320078
221 2001 0.680454545454545 0.36292060893225 4.18939480861601
221 2002 0.725909090909091 0.44035799299432 4.46415685077315
222 1994 0.0213636363636364 0.123839790681854 3.47785420853167
222 1995 0.0668181818181818 0.433447443807751 4.65736993046767
222 1996 0.112272727272727 0.296750261538812 4.09741054907061
222 1997 0.157727272727273 0.185733859723496 3.67054298155642
222 1998 0.203181818181818 0.260270177265956 3.95030182957176
222 1999 0.248636363636364 0.288855286459846 4.05670989992949
222 2000 0.294090909090909 0.243383923646535 3.85138956423188
222 2001 0.339545454545455 0.262427237600315 3.88976646609178
222 2002 0.385 0.231257435534342 3.77062660171971
223 1994 0.407727272727273 0.233060625157398 3.77093739078381
223 1995 0.453181818181818 0.265235160551923 3.88147376014866
223 1996 0.498636363636364 0.453103491489644 4.59868937168833
223 1997 0.544090909090909 0.27202615761951 3.87529664292533
223 1998 0.589545454545455 0.37127763193175 4.24397864759248
223 1999 0.635 0.139323862782445 3.32908782717588
223 2000 0.680454545454545 0.417240331499957 4.39724171346006
223 2001 0.725909090909091 0.256023582028409 3.76773241023497
223 2002 0.771363636363636 0.30791023041492 3.94749975401194
226 1994 0.112272727272727 0.222907409473284 3.80800663174549
226 1995 0.157727272727273 0.406816882410857 4.52260073660489
226 1996 0.203181818181818 0.33423987104569 4.23177311767398
226 1997 0.248636363636364 0.327999590799008 4.19037037030107
226 1998 0.294090909090909 0.458922248013249 4.6836158909018
226 1999 0.339545454545455 0.288907437033255 4.02345408267135
226 2000 0.385 0.318902308850414 4.10488141244253
226 2001 0.430454545454545 0.404536929361688 4.4247113269683
226 2002 0.475909090909091 0.224869897402615 3.71487313269429
227 1994 0.282727272727273 0.30499847244089 4.09452847116587
227 1995 0.328181818181818 0.13789287770116 3.42208669104282
227 1996 0.373636363636364 0.217173705162828 3.71789303647068
227 1997 0.419090909090909 0.226258837899912 3.73793584106222
227 1998 0.464545454545455 0.215558293503805 3.69975351356609
227 1999 0.51 0.345421885136817 4.18003422756428
227 2000 0.555454545454545 0.459773556590252 4.60206944715903
227 2001 0.600909090909091 0.254951188164986 3.79755861499453
227 2002 0.646363636363636 0.311664565992049 3.99504225854687
232 1994 0.01 0.479313510414718 4.85275005042353
232 1995 0.0554545454545455 0.137644719700042 3.52612976745934
232 1996 0.100909090909091 0.404064859871318 4.52682434487483
232 1997 0.146363636363636 0.418906343898599 4.55567478042205
232 1998 0.191818181818182 0.240080765645108 3.87156518860711
232 1999 0.237272727272727 0.233702274190738 3.82430246163197
232 2000 0.282727272727273 0.346058725496464 4.24270441766985
232 2001 0.328181818181818 0.36745093439687 4.3281511270551
232 2002 0.373636363636364 0.182496416516849 3.58187722461956
233 1994 0.146363636363636 0.256097000378676 3.93518906892975
233 1995 0.191818181818182 0.434326532958891 4.602792269415
233 1996 0.237272727272727 0.146861260489097 3.4774064849564
233 1997 0.282727272727273 0.245715360546792 3.86606711553158
233 1998 0.328181818181818 0.309202449570238 4.07560601764646
233 1999 0.373636363636364 0.435637218788915 4.57465526285684
233 2000 0.419090909090909 0.314885887355071 4.05828993882455
233 2001 0.464545454545455 0.230126423223648 3.72989843350217
233 2002 0.51 0.517977100238178 4.84215505383275
234 1994 0.555454545454545 0.401313435459781 4.36413653996674
234 1995 0.600909090909091 0.241294654305031 3.73505444310282
234 1996 0.646363636363636 0.0694477741782105 3.04949724110069
234 1997 0.691818181818182 0.240500619274718 3.70956255494033
234 1998 0.737272727272727 0.357944166790459 4.14705212904027
234 1999 0.782727272727273 0.258686231836325 3.74847441545831
234 2000 0.828181818181818 0.314813460855689 3.96251101436619
234 2001 0.873636363636364 0.226676396915215 3.6129072586126
234 2002 0.919090909090909 0.243358853471504 3.66140299798957
235 1994 0.305454545454545 0.275157875942997 3.98610701306768
235 1995 0.350909090909091 0.347179181105491 4.21991795292899
235 1996 0.396363636363636 0.283178686236999 3.96389950040555
235 1997 0.441818181818182 0.160265085199805 3.49000669545599
235 1998 0.487272727272727 0.327577626287967 4.12250658010783
235 1999 0.532727272727273 0.560277062710993 5.00634622067128
235 2000 0.578181818181818 0.252728377592655 3.77769784153205
235 2001 0.623636363636364 0.132746062067851 3.30145989369143
235 2002 0.669090909090909 0.203285020579284 3.58876278313838
236 1994 0.180454545454545 0.188814097290762 3.6785869542093
236 1995 0.225909090909091 0.300974669153013 4.10234004360685
236 1996 0.271363636363636 0.472400869033293 4.74645999793918
236 1997 0.316818181818182 0.263241857687823 3.90693776640834
236 1998 0.362272727272727 0.24349341210292 3.85290199133506
236 1999 0.407727272727273 0.294554217996548 3.99893589088505
236 2000 0.453181818181818 0.685977518986899 5.52393791925066
236 2001 0.498636363636364 0.463921471194979 4.63033073437124
236 2002 0.544090909090909 0.218042038923006 3.67635971584108
238 1994 0.169090909090909 0.1062446697068 3.34813407330163
238 1995 0.214545454545455 0.274011409228282 3.98332500563817
238 1996 0.26 0.317301200865882 4.15538512769036
238 1997 0.305454545454545 0.529015372997722 4.93231661375677
238 1998 0.350909090909091 0.533120493880575 4.95233125000483
238 1999 0.396363636363636 0.251271139633849 3.87586211890601
238 2000 0.441818181818182 0.394675841969311 4.38966098019925
238 2001 0.487272727272727 0.233348671868153 3.73551976791314
238 2002 0.532727272727273 0.424478852651314 4.48769587415066
239 1994 0.135 0.297112750006835 4.08992837817632
239 1995 0.180454545454545 0.241257800277508 3.8702758910493
239 1996 0.225909090909091 0.199785225854762 3.69431506753538
239 1997 0.271363636363636 0.321063625915585 4.14978160591618
239 1998 0.316818181818182 0.190213828868184 3.62778169121668
239 1999 0.362272727272727 0.376653746104654 4.34583664834899
239 2000 0.407727272727273 0.278043196968633 3.95266856662687
239 2001 0.453181818181818 0.267089894534879 3.90329224784081
239 2002 0.498636363636364 0.0553290798103217 3.06313399252221
240 1994 0.612272727272727 0.26412942941785 3.82865090264557
240 1995 0.657727272727273 0.341732704693155 4.12260864482777
240 1996 0.703181818181818 0.391985843728506 4.2865495337681
240 1997 0.748636363636364 0.19935791718388 3.54648095162104
240 1998 0.794090909090909 0.375647261439695 4.20174573317842
240 1999 0.839545454545455 0.234375018796236 3.65033385296463
240 2000 0.885 0.408551235775364 4.31171866623589
240 2001 0.930454545454545 0.525217357459527 4.73118026492514
240 2002 0.975909090909091 0.310847308304119 3.89372589552996
241 1994 0.282727272727273 0.216730711342085 3.74606636836928
241 1995 0.328181818181818 0.223774275936129 3.77132773623466
241 1996 0.373636363636364 0.167671675573053 3.53001839742154
241 1997 0.419090909090909 0.262726073380898 3.89351500309149
241 1998 0.464545454545455 0.287694842530908 3.96651306863822
241 1999 0.51 0.240241476920935 3.76275210993093
241 2000 0.555454545454545 0.322362643203252 4.06900952083638
241 2001 0.600909090909091 0.300655388800284 3.97048874013672
241 2002 0.646363636363636 0.322700216857349 4.03900448881406
242 1994 0.623636363636364 0.188300529190522 3.54231689177194
242 1995 0.669090909090909 0.182293320244665 3.49596754045955
242 1996 0.714545454545455 0.278554868831148 3.85505240001714
242 1997 0.76 0.159764758530598 3.36732553496247
242 1998 0.805454545454545 0.463347149430927 4.53319015849925
242 1999 0.850909090909091 0.32200155413001 3.98834816083158
242 2000 0.896363636363636 0.239678216010997 3.64081914066683
242 2001 0.941818181818182 0.346493552129844 4.05042967380069
242 2002 0.987272727272727 0.149995346355341 3.28399041412761
243 1994 0.0213636363636364 0.434599165999237 4.68068102722817
243 1995 0.0668181818181818 0.28448583897447 4.06223220153847
243 1996 0.112272727272727 0.290748523917576 4.080327655724
243 1997 0.157727272727273 0.428777210705996 4.57371310443181
243 1998 0.203181818181818 0.158305298896346 3.54706229820367
243 1999 0.248636363636364 0.3006556510804 4.0977468133173
243 2000 0.294090909090909 0.667221220815879 5.50324766617624
243 2001 0.339545454545455 0.373307498164205 4.3501282590903
243 2002 0.385 0.372470420567981 4.31342228639035
244 1994 0.112272727272727 0.445736909302193 4.67626871402923
244 1995 0.157727272727273 0.105273962695 3.35770855021656
244 1996 0.203181818181818 0.458080971686362 4.71001010490005
244 1997 0.248636363636364 0.409557734338064 4.49148633433545
244 1998 0.294090909090909 0.409080849241217 4.47844204937216
244 1999 0.339545454545455 0.228493817986683 3.77043480197327
244 2000 0.385 0.339301416562596 4.18712922680786
244 2001 0.430454545454545 0.14589386741999 3.43100184837007
244 2002 0.475909090909091 0.293923704641662 3.9866670297984
245 1994 0.487272727272727 0.434588922880007 4.52096801322129
245 1995 0.532727272727273 0.592832454010619 5.11367913365979
245 1996 0.578181818181818 0.307499954988649 4.00977114703791
245 1997 0.623636363636364 0.162958885838849 3.42995570622633
245 1998 0.669090909090909 0.394635703308405 4.3247180141077
245 1999 0.714545454545455 0.32362462577276 4.03236770551313
245 2000 0.76 0.436843112883898 4.44910674655059
245 2001 0.805454545454545 0.446753535469498 4.47598786487714
245 2002 0.850909090909091 0.0908236644014992 3.08790891776734
247 1994 0.532727272727273 0.163893710166002 3.45706465373606
247 1995 0.578181818181818 0.499912746963293 4.75674364009832
247 1996 0.623636363636364 0.581413913220796 5.04693095827226
247 1997 0.669090909090909 0.280022504842316 3.87734921469695
247 1998 0.714545454545455 0.12028728793182 3.24366007749526
247 1999 0.76 0.534498229010022 4.8267218998168
247 2000 0.805454545454545 0.492997553262727 4.64643441416099
247 2001 0.850909090909091 0.169734869807551 3.38318890967849
247 2002 0.896363636363636 0.193647902906671 3.45673762996559
248 1994 0.01 0.457305268945467 4.76414042635796
248 1995 0.0554545454545455 0.378822695036312 4.45054181638902
248 1996 0.100909090909091 0.169757178630612 3.61864018278023
248 1997 0.146363636363636 0.621687248373941 5.37717138694975
248 1998 0.191818181818182 0.321914142179066 4.19700461720952
248 1999 0.237272727272727 0.404408516927619 4.49790071985751
248 2000 0.282727272727273 0.26475460449949 3.94231361607178
248 2001 0.328181818181818 0.275372702411799 3.97279513238045
248 2002 0.373636363636364 0.245030752844 3.82630296206117
251 1994 0.248636363636364 0.183006553530772 3.63400727009891
251 1995 0.294090909090909 0.177603528323605 3.58754500353287
251 1996 0.339545454545455 0.20254275768718 3.67022967164715
251 1997 0.385 0.344757209344923 4.22751127494875
251 1998 0.430454545454545 0.366940935512812 4.28667542124634
251 1999 0.475909090909091 0.24153912571691 3.80298730572616
251 2000 0.521363636363636 0.301104736133368 3.99101276449439
251 2001 0.566818181818182 0.264730446875857 3.85463711583276
251 2002 0.612272727272727 0.342756886449552 4.14534631663225
252 1994 0.464545454545455 0.354542406027145 4.21494172489663
252 1995 0.51 0.284254127271456 3.94266037578035
252 1996 0.555454545454545 0.354574457108537 4.19495299541876
252 1997 0.600909090909091 0.286134342996466 3.91500675728787
252 1998 0.646363636363636 0.289674910069485 3.90399478022428
252 1999 0.691818181818182 0.247301603202986 3.73367317215704
252 2000 0.737272727272727 0.222135785741654 3.62987812607032
252 2001 0.782727272727273 0.435533118766307 4.42854043822366
252 2002 0.828181818181818 0.235815338193911 3.65518781214478
254 1994 0.26 0.386208448235321 4.41239473006936
254 1995 0.305454545454545 0.242503575621616 3.84439215912478
254 1996 0.350909090909091 0.417473910480047 4.48755970937194
254 1997 0.396363636363636 0.265492084538926 3.90714253704222
254 1998 0.441818181818182 0.399762178088641 4.41352695752558
254 1999 0.487272727272727 0.339219912259844 4.1536321815409
254 2000 0.532727272727273 0.486964606312505 4.71952975791594
254 2001 0.578181818181818 0.335173451820023 4.10456816194809
254 2002 0.623636363636364 0.131194275144355 3.30766673039242
257 1994 0.441818181818182 0.225470247581005 3.73261432369481
257 1995 0.487272727272727 0.466696241749972 4.65771667826531
257 1996 0.532727272727273 0.0503836514807934 3.01923024043739
257 1997 0.578181818181818 0.520039403514683 4.82288869248422
257 1998 0.623636363636364 0.645672613361038 5.31123468234155
257 1999 0.669090909090909 0.353828738071128 4.15335523778378
257 2000 0.714545454545455 0.377267116619007 4.24184174623458
257 2001 0.76 0.08422066004328 3.09241994260551
257 2002 0.805454545454545 0.18457981017394 3.47379878351667
259 1994 0.0327272727272727 0.513851790356056 4.96560745653248
259 1995 0.0781818181818182 0.153404566323533 3.57773646840549
259 1996 0.123636363636364 0.314091686278149 4.17939234741179
259 1997 0.169090909090909 0.305148137113755 4.1158495817574
259 1998 0.214545454545455 0.360856959464626 4.32032794373
259 1999 0.26 0.22326307422502 3.77071637514205
259 2000 0.305454545454545 0.174536327385428 3.57228380040746
259 2001 0.350909090909091 0.501759521631816 4.83676810018502
259 2002 0.396363636363636 0.211068010158734 3.68555310059486
261 1994 0.100909090909091 0.391985432731853 4.47759354196023
261 1995 0.146363636363636 0.474149636434568 4.7962110878635
261 1996 0.191818181818182 0.105671785190466 3.35482312326271
261 1997 0.237272727272727 0.429198622545097 4.5768051095903
261 1998 0.282727272727273 0.260779600711082 3.92204381238776
261 1999 0.328181818181818 0.401570677941721 4.44844986554379
261 2000 0.373636363636364 0.264464080036659 3.89436782835394
261 2001 0.419090909090909 0.434383434958644 4.54332186364208
261 2002 0.464545454545455 0.475225088331454 4.68996015360091
264 1994 0.555454545454545 0.118764982283827 3.31057795629
264 1995 0.600909090909091 0.263343555902743 3.82470546122634
264 1996 0.646363636363636 0.282794013550288 3.89721898433601
264 1997 0.691818181818182 0.388123064241947 4.2816195580101
264 1998 0.737272727272727 0.151261421612859 3.36445370968826
264 1999 0.782727272727273 0.609283019495019 5.09422083652986
264 2000 0.828181818181818 0.186614633622583 3.45630132853782
264 2001 0.873636363636364 0.353379082740493 4.0925793991509
264 2002 0.919090909090909 0.259131490693046 3.71062579138749
265 1994 0.589545454545455 0.789313938139173 5.85432427503235
265 1995 0.635 0.28606877930544 3.91605954904824
265 1996 0.680454545454545 0.140767260855292 3.33795756981259
265 1997 0.725909090909091 0.232802493438508 3.66963990611598
265 1998 0.771363636363636 0.25212556990304 3.73094749092038
265 1999 0.816818181818182 0.403157938471027 4.3061489853103
265 2000 0.862272727272727 0.23245771165413 3.64966143841917
265 2001 0.907727272727273 0.320691509829492 3.96175182913388
265 2002 0.953181818181818 0.378294181020861 4.15902395786396
