ID YEAR COMPANYAGE RnDEXPEND REVENUE
1 1994 0.441818181818182 0.470022213845634 4.68124942872153
1 1995 0.487272727272727 0.123655871658284 3.31947215531169
1 1996 0.532727272727273 0.17608490483863 3.50837826278183
1 1997 0.578181818181818 0.206715088545935 3.62034181058871
1 1998 0.623636363636364 0.109349145012769 3.23281288814245
1 1999 0.669090909090909 0.254166689946656 3.78119912042199
1 2000 0.714545454545455 0.192267858683389 3.52373584104161
1 2001 0.76 0.323093256669884 4.03629937741333
1 2002 0.805454545454545 0.373370248065952 4.18901650955577
4 1994 0.521363636363636 0.167139561567184 3.47443491686523
4 1995 0.566818181818182 0.280843180452084 3.90168539926338
4 1996 0.612272727272727 0.0698452922988028 3.07821556518233
4 1997 0.657727272727273 0.404106504708537 4.36573616968051
4 1998 0.703181818181818 0.327178452832099 4.04652370052307
4 1999 0.748636363636364 0.14322347848924 3.30697503457961
4 2000 0.794090909090909 0.269891403693388 3.79873799414548
4 2001 0.839545454545455 0.196304317241263 3.49587785519331
4 2002 0.885 0.359686119258911 4.10172235779352
5 1994 0.0327272727272727 0.244842809758075 3.94045622949638
5 1995 0.0781818181818182 0.177746726487074 3.66279901368314
5 1996 0.123636363636364 0.107819839957843 3.37204694870862
5 1997 0.169090909090909 0.320945496020772 4.18950685765265
5 1998 0.214545454545455 0.151055731429356 3.5249246522856
5 1999 0.26 0.35390519014912 4.27001837710789
5 2000 0.305454545454545 0.659461985069885 5.45724929794847
5 2001 0.350909090909091 0.289888864271068 4.03399007871076
5 2002 0.396363636363636 0.606684535978284 5.22219867556897
7 1994 0.373636363636364 0.347234696853146 4.21733906440518
7 1995 0.419090909090909 0.422129745158325 4.49052163635328
7 1996 0.464545454545455 0.333843576444499 4.13913325883983
7 1997 0.51 0.244988089156063 3.78918400786464
7 1998 0.555454545454545 0.152151260339078 3.42445311919923
7 1999 0.600909090909091 0.528667432329439 4.86386837923752
7 2000 0.646363636363636 0.508516876652311 4.76846124409315
7 2001 0.691818181818182 0.406752059895831 4.36382404044545
7 2002 0.737272727272727 0.180175914183082 3.46657019163557
8 1994 0.01 0.507787933261717 4.93889614988167
8 1995 0.0554545454545455 0.437731506384838 4.66535206887052
8 1996 0.100909090909091 0.285904468629318 4.07260428026779
8 1997 0.146363636363636 0.315721414752373 4.17761804371605
8 1998 0.191818181818182 0.350822056129002 4.31612501067566
8 1999 0.237272727272727 0.499026770563358 4.85582971810063
8 2000 0.282727272727273 0.32806537990457 4.18995599671732
8 2001 0.328181818181818 0.0940128899358672 3.26974210600129
8 2002 0.373636363636364 0.250520695976274 3.85305060459894
9 1994 0.521363636363636 0.288676609509475 3.94165081818366
9 1995 0.566818181818182 0.265698965232337 3.84670202327233
9 1996 0.612272727272727 0.278905443005074 3.88655304534611
9 1997 0.657727272727273 0.343225958822963 4.11969320754644
9 1998 0.703181818181818 0.176185852861303 3.45887860963632
9 1999 0.748636363636364 0.328164788566838 4.04244430131311
9 2000 0.794090909090909 0.285236489890222 3.84379113407931
9 2001 0.839545454545455 0.15582048475223 3.33924751335533
9 2002 0.885 0.371680708553 4.14482733105747
10 1994 0.0440909090909091 0.397183885938543 4.517078342938
10 1995 0.0895454545454545 0.250830285489562 3.94677313006773
10 1996 0.135 0.30224858870797 4.11567918494202
10 1997 0.180454545454545 0.361962838367142 4.32992250188252
10 1998 0.225909090909091 0.402821849530872 4.48242685195651
10 1999 0.271363636363636 0.51995383301626 4.91491765930748
10 2000 0.316818181818182 0.314299592694853 4.12099023430066
10 2001 0.362272727272727 0.303549134090781 4.05291813263993
10 2002 0.407727272727273 0.326727398821642 4.13593234355294
12 1994 0.0327272727272727 0.471953583653205 4.82615721623424
12 1995 0.0781818181818182 0.23664897312423 3.89329364151072
12 1996 0.123636363636364 0.283218587691945 4.05112400575908
12 1997 0.169090909090909 0.344942775130049 4.27420391396467
12 1998 0.214545454545455 0.261742626885114 3.95819190844587
12 1999 0.26 0.731837057162162 5.73859838783125
12 2000 0.305454545454545 0.331371939766024 4.18283216755924
12 2001 0.350909090909091 0.193473230728371 3.6416973420612
12 2002 0.396363636363636 0.250154155258657 3.82501749027647
14 1994 0.407727272727273 0.329435688680313 4.12474461014614
14 1995 0.453181818181818 0.325134086008129 4.11321144422073
14 1996 0.498636363636364 0.296831586062065 3.98101533710962
14 1997 0.544090909090909 0.01 2.87209290109405
14 1998 0.589545454545455 0.23575277563204 3.72732951972373
14 1999 0.635 0.30857206936675 4.00130086254486
14 2000 0.680454545454545 0.461377955443968 4.55588206533521
14 2001 0.725909090909091 0.247956275137712 3.73903360410909
14 2002 0.771363636363636 0.112267148311449 3.18557637432201
16 1994 0.135 0.169998436518218 3.62372950670945
16 1995 0.180454545454545 0.248714873984862 3.89356688987684
16 1996 0.225909090909091 0.284820727044076 4.04150205768343
16 1997 0.271363636363636 0.296651532821601 4.06848540553225
16 1998 0.316818181818182 0.429027527009594 4.55702102757936
16 1999 0.362272727272727 0.15025423426767 3.45769675391442
16 2000 0.407727272727273 0.357700874266965 4.26293657295726
16 2001 0.453181818181818 0.390002455227898 4.36391417581194
16 2002 0.498636363636364 0.214464273081037 3.66416989840502
17 1994 0.646363636363636 0.501314603447249 4.74288015823569
17 1995 0.691818181818182 0.355314899407879 4.14951791780122
17 1996 0.737272727272727 0.402399828024633 4.31964872497189
17 1997 0.782727272727273 0.243857443578288 3.71441296410103
17 1998 0.828181818181818 0.291320836433729 3.86109038690917
17 1999 0.873636363636364 0.164204962855179 3.3661782605095
17 2000 0.919090909090909 0.250839656782769 3.69014538603903
17 2001 0.964545454545455 0.195832484600133 3.46824619524767
17 2002 1.01 0.472011299822575 4.5108368512275
18 1994 0.294090909090909 0.115731839700227 3.36258097070272
18 1995 0.339545454545455 0.293581738486031 4.03976073777858
18 1996 0.385 0.175215189371195 3.57610373453311
18 1997 0.430454545454545 0.158357482632068 3.4602236190417
18 1998 0.475909090909091 0.563372930387306 5.04573845235334
18 1999 0.521363636363636 0.188186443623162 3.56174569340387
18 2000 0.566818181818182 0.282787264763475 3.89822424914848
18 2001 0.612272727272727 0.0635488310803384 3.08335646084383
18 2002 0.657727272727273 0.415406938270041 4.39117154089711
19 1994 0.373636363636364 0.439381110447671 4.59017508778481
19 1995 0.419090909090909 0.44160700306796 4.56372597236255
19 1996 0.464545454545455 0.274568799634771 3.91002169428763
19 1997 0.51 0.364904571551938 4.2542059152386
19 1998 0.555454545454545 0.691135722645688 5.49814891919025
19 1999 0.600909090909091 0.286981766100047 3.91868714761751
19 2000 0.646363636363636 0.311622463375964 4.01889339483729
19 2001 0.691818181818182 0.309335896449934 3.97554519821481
19 2002 0.737272727272727 0.294102896854876 3.91358878332925
20 1994 0.441818181818182 0.20015189488721 3.62293512849154
20 1995 0.487272727272727 0.341536382422795 4.18077753093844
20 1996 0.532727272727273 0.19041114221929 3.562486900244
20 1997 0.578181818181818 0.443681050111795 4.52850377689309
20 1998 0.623636363636364 0.0645022320905725 3.05033001728966
20 1999 0.669090909090909 0.171385003133074 3.45739449931853
20 2000 0.714545454545455 0.460100316721926 4.54288298248375
20 2001 0.76 0.435100335231404 4.44193854653464
20 2002 0.805454545454545 0.332896163399356 4.03471910843368
22 1994 0.01 0.116698535583584 3.44878833321941
22 1995 0.0554545454545455 0.410033724843613 4.5564415206253
22 1996 0.100909090909091 0.138752252793946 3.48308708983363
22 1997 0.146363636363636 0.383917289950561 4.43686346977429
22 1998 0.191818181818182 0.343570903574325 4.26324595527554
22 1999 0.237272727272727 0.402544203758887 4.47748977654228
22 2000 0.282727272727273 0.470206425974492 4.73502041768339
22 2001 0.328181818181818 0.218285785325895 3.74854583062908
22 2002 0.373636363636364 0.173848778453047 3.53226641484652
23 1994 0.487272727272727 0.325566886204022 4.10544586061772
23 1995 0.532727272727273 0.160602804006154 3.44875762742527
23 1996 0.578181818181818 0.390964374666469 4.33342652905498
23 1997 0.623636363636364 0.169878642621604 3.45958086909347
23 1998 0.669090909090909 0.586830383967459 5.05858037130901
23 1999 0.714545454545455 0.210758550376739 3.57734313875079
23 2000 0.76 0.64618306439991 5.24440649613662
23 2001 0.805454545454545 0.446116221680087 4.46249561068027
23 2002 0.850909090909091 0.432281408966691 4.40298725332733
25 1994 0.237272727272727 0.397642649136053 4.46138961592764
25 1995 0.282727272727273 0.161742392898675 3.54019145986136
25 1996 0.328181818181818 0.305761805322025 4.08026577271927
25 1997 0.373636363636364 0.107391424244742 3.30506373242562
25 1998 0.419090909090909 0.448230360737648 4.61107708210954
25 1999 0.464545454545455 0.336346812294635 4.14476682558228
25 2000 0.51 0.390561153109648 4.3231396671462
25 2001 0.555454545454545 0.914846538561321 6.33458058483798
25 2002 0.600909090909091 0.301307612182331 3.97967638808904
27 1994 0.555454545454545 0.218771637884332 3.65862905461293
27 1995 0.600909090909091 0.214664526045129 3.65243802979241
27 1996 0.646363636363636 0.553535390456448 4.95479592128672
27 1997 0.691818181818182 0.545819966529653 4.9150951172286
27 1998 0.737272727272727 0.278667135407842 3.86242950669719
27 1999 0.782727272727273 0.364703814595578 4.15503873356453
27 2000 0.828181818181818 0.135905253176986 3.27478912903608
27 2001 0.873636363636364 0.195266062506267 3.48523551382191
27 2002 0.919090909090909 0.271535812359232 3.7627463359517
28 1994 0.521363636363636 0.227875786520077 3.71034275778381
28 1995 0.566818181818182 0.124579101061215 3.30529525987847
28 1996 0.612272727272727 0.261032982062431 3.80926908317725
28 1997 0.657727272727273 0.303676362421848 3.96172358414468
28 1998 0.703181818181818 0.195889521523292 3.50914664628398
28 1999 0.748636363636364 0.198145422254477 3.50650233837681
28 2000 0.794090909090909 0.43467648629049 4.42828213377554
28 2001 0.839545454545455 0.199043603182012 3.52315607097081
28 2002 0.885 0.295151063408426 3.86782448780632
29 1994 0.180454545454545 0.174110152826491 3.63112665268786
29 1995 0.225909090909091 0.301052527898184 4.10654440872438
29 1996 0.271363636363636 0.298973829616941 4.08767745167316
29 1997 0.316818181818182 0.223162035590517 3.76855902970512
29 1998 0.362272727272727 0.278835626607797 3.96889214714708
29 1999 0.407727272727273 0.24457448177172 3.81614726518662
29 2000 0.453181818181818 0.297190713165418 4.01505071643715
29 2001 0.498636363636364 0.317029575085347 4.06487050749214
29 2002 0.544090909090909 0.638146424427923 5.27068075473254
34 1994 0.316818181818182 0.0984927397324715 3.29301767518777
34 1995 0.362272727272727 0.176617250016097 3.58134703137352
34 1996 0.407727272727273 0.247797862847642 3.83434329385356
34 1997 0.453181818181818 0.436412124624665 4.55530169791097
34 1998 0.498636363636364 0.319701002484865 4.07604538601129
34 1999 0.544090909090909 0.407409435443945 4.41620657033913
34 2000 0.589545454545455 0.285612628604877 3.9097751454766
34 2001 0.635 0.120707073682495 3.2519903802811
34 2002 0.680454545454545 0.273281316901368 3.83542690846141
36 1994 0.100909090909091 0.454548148236065 4.71045686303084
36 1995 0.146363636363636 0.505703322449325 4.91242343633479
36 1996 0.191818181818182 0.386174197481234 4.4302462350475
36 1997 0.237272727272727 0.187404834979628 3.65536059465828
36 1998 0.282727272727273 0.537620930908226 4.97680920612377
36 1999 0.328181818181818 0.489780917584947 4.80249079681293
36 2000 0.373636363636364 0.149823874770513 3.4661304378508
36 2001 0.419090909090909 0.574035865741017 5.08129906495206
36 2002 0.464545454545455 0.189256642749437 3.59121266222565
38 1994 0.566818181818182 0.266672547610129 3.86450901995641
38 1995 0.612272727272727 0.440892142487629 4.51108784409308
38 1996 0.657727272727273 0.323640012367627 4.03388105316771
38 1997 0.703181818181818 0.190488510279724 3.51692571776359
38 1998 0.748636363636364 0.264430961450536 3.78138608425414
38 1999 0.794090909090909 0.0501186192801534 2.9615225404302
38 2000 0.839545454545455 0.173094822820188 3.39358848568568
38 2001 0.885 0.262696307598442 3.74296957887392
38 2002 0.930454545454545 0.496504502559056 4.6408488097685
39 1994 0.430454545454545 0.142565928872506 3.43683628920748
39 1995 0.475909090909091 0.495344403036483 4.76049176380182
39 1996 0.521363636363636 0.368878650202142 4.24827037906226
39 1997 0.566818181818182 0.0916210080649976 3.16692839263562
39 1998 0.612272727272727 0.116982848820797 3.26800208861263
39 1999 0.657727272727273 0.320918927194469 4.04091372347746
39 2000 0.703181818181818 0.24193873685791 3.73437993405372
39 2001 0.748636363636364 0.460425878634197 4.54011596930749
39 2002 0.794090909090909 0.355189849113093 4.11862065396447
42 1994 0.271363636363636 0.236601921899187 3.81566177164196
42 1995 0.316818181818182 0.346131166030476 4.23602639960584
42 1996 0.362272727272727 0.30353736916964 4.05518738436677
42 1997 0.407727272727273 0.213854736018951 3.70323358388408
42 1998 0.453181818181818 0.200388458249143 3.62059723613415
42 1999 0.498636363636364 0.162630375554596 3.46814221260855
42 2000 0.544090909090909 0.306933588424827 4.0256686621525
42 2001 0.589545454545455 0.315457513020029 4.03132075021423
42 2002 0.635 0.53004456758245 4.87313231200641
44 1994 0.271363636363636 0.275729647764214 3.98581873241246
44 1995 0.316818181818182 0.306881850643912 4.10813433821472
44 1996 0.362272727272727 0.408555809065679 4.44052506598198
44 1997 0.407727272727273 0.0533185141298735 3.09165301635699
44 1998 0.453181818181818 0.241893756858559 3.79478662937786
44 1999 0.498636363636364 0.246330891096136 3.79786962904618
44 2000 0.544090909090909 0.262055878084815 3.83367266835298
44 2001 0.589545454545455 0.150768891568624 3.39781791237457
44 2002 0.635 0.38292891371645 4.28153260691373
46 1994 0.350909090909091 0.482783822641323 4.75381918369694
46 1995 0.396363636363636 0.223551429891773 3.7465634193296
46 1996 0.441818181818182 0.444337797225707 4.58829182401861
46 1997 0.487272727272727 0.390770305170231 4.37717419114538
46 1998 0.532727272727273 0.23345054613719 3.74356935678268
46 1999 0.578181818181818 0.194898422849411 3.56938993834193
46 2000 0.623636363636364 0.292045907175449 3.91852092298327
46 2001 0.669090909090909 0.222040295507655 3.63930818107259
46 2002 0.714545454545455 0.334569574931583 4.08104406405374
47 1994 0.646363636363636 0.305044779995816 3.98220667150883
47 1995 0.691818181818182 0.155010326060688 3.3856611080699
47 1996 0.737272727272727 0.429510839191906 4.43480517061046
47 1997 0.782727272727273 0.776054549605787 5.76037830104383
47 1998 0.828181818181818 0.169693096679784 3.38735479856861
47 1999 0.873636363636364 0.216781243252285 3.58248808287768
47 2000 0.919090909090909 0.406274872231284 4.29111210721718
47 2001 0.964545454545455 0.461382544991798 4.48117267211366
47 2002 1.01 0.307009955903854 3.86818684753384
49 1994 0.441818181818182 0.407583267486765 4.44664891274747
49 1995 0.487272727272727 0.288387905085264 3.98409378139077
49 1996 0.532727272727273 0.415660336641797 4.43346226706266
49 1997 0.578181818181818 0.258089729735097 3.80768097587098
49 1998 0.623636363636364 0.422643443963384 4.44538501688192
49 1999 0.669090909090909 0.247219034390777 3.73607324337695
49 2000 0.714545454545455 0.320629146229929 4.01858161491172
49 2001 0.76 0.490246155992645 4.64125844806014
49 2002 0.805454545454545 0.353539389481864 4.12372050106141
50 1994 0.385 0.18508920251009 3.59919358998957
50 1995 0.430454545454545 0.201748297710241 3.63362698042909
50 1996 0.475909090909091 0.175424753453946 3.53837291887054
50 1997 0.521363636363636 0.223559885381394 3.70496827715403
50 1998 0.566818181818182 0.317002671578814 4.04331386566733
50 1999 0.612272727272727 0.416416092610287 4.42266219724694
50 2000 0.657727272727273 0.262348781058127 3.82347018139909
50 2001 0.703181818181818 0.312638426248513 3.98284469944213
50 2002 0.748636363636364 0.342436351026547 4.10157578817417
54 1994 0.362272727272727 0.16684286739927 3.51311185114158
54 1995 0.407727272727273 0.277031548997464 3.95416990132403
54 1996 0.453181818181818 0.251746493501419 3.83850614334622
54 1997 0.498636363636364 0.134339495191792 3.35555008368983
54 1998 0.544090909090909 0.332120373148316 4.11241346820429
54 1999 0.589545454545455 0.367397665075594 4.21664405073343
54 2000 0.635 0.722467866923458 5.57793424642909
54 2001 0.680454545454545 0.429992896105964 4.4485789516719
54 2002 0.725909090909091 0.238342789016298 3.68632715579246
55 1994 0.237272727272727 0.398191775257396 4.45114036868902
55 1995 0.282727272727273 0.380689365688093 4.39413503858193
55 1996 0.328181818181818 0.383688126452581 4.36219245455962
55 1997 0.373636363636364 0.299218063233182 4.05599345134482
55 1998 0.419090909090909 0.225530367767134 3.74442869374648
55 1999 0.464545454545455 0.578507487991407 5.08257120539801
55 2000 0.51 0.50568604063629 4.78889075384312
55 2001 0.555454545454545 0.679858635600786 5.44756697299467
55 2002 0.600909090909091 0.272594816856424 3.87126058835202
56 1994 0.203181818181818 0.432266860123951 4.59411697597039
56 1995 0.248636363636364 0.167917966151184 3.57494535365429
56 1996 0.294090909090909 0.386558732513657 4.400033631107
56 1997 0.339545454545455 0.540332697853721 4.97935950512233
56 1998 0.385 0.267173054962132 3.89764887206029
56 1999 0.430454545454545 0.188145275911972 3.58426346544737
56 2000 0.475909090909091 0.240653228462612 3.78904123075881
56 2001 0.521363636363636 0.244922687774848 3.77636059795782
56 2002 0.566818181818182 0.31194165864574 4.02573479240611
57 1994 0.589545454545455 0.259167393490316 3.80540512428366
57 1995 0.635 0.314374296800518 4.00946269005796
57 1996 0.680454545454545 0.227869751543036 3.66542582787159
57 1997 0.725909090909091 0.228489086821498 3.66666766933516
57 1998 0.771363636363636 0.255918391142442 3.75725376695824
57 1999 0.816818181818182 0.428523987455698 4.41298228660206
57 2000 0.862272727272727 0.392722592633945 4.23757647631703
57 2001 0.907727272727273 0.376974858161402 4.1810830994851
57 2002 0.953181818181818 0.160167475918484 3.32258609761457
59 1994 0.248636363636364 0.270151649859324 3.95915267707151
59 1995 0.294090909090909 0.11133367796326 3.3363254061882
59 1996 0.339545454545455 0.369620926445484 4.3080273454912
59 1997 0.385 0.29720220637703 4.01456084496893
59 1998 0.430454545454545 0.23359280633193 3.77309047188983
59 1999 0.475909090909091 0.39865923515223 4.38990780983626
59 2000 0.521363636363636 0.320083025552956 4.09045191503754
59 2001 0.566818181818182 0.365762774369758 4.23345560929568
59 2002 0.612272727272727 0.111829444787578 3.24448076223821
60 1994 0.578181818181818 0.295610826300994 3.97763405602644
60 1995 0.623636363636364 0.309162518255129 4.01252152050768
60 1996 0.669090909090909 0.645186827491727 5.28662526347116
60 1997 0.714545454545455 0.318419656048758 4.02202394234374
60 1998 0.76 0.50381146407645 4.69851220755724
60 1999 0.805454545454545 0.184528438987666 3.46480756012107
60 2000 0.850909090909091 0.323377142917417 3.98789494109448
60 2001 0.896363636363636 0.316140937816276 3.94464228346883
60 2002 0.941818181818182 0.204833145210614 3.48166552627666
62 1994 0.623636363636364 0.278967981091356 3.87785678746674
62 1995 0.669090909090909 0.229948235586554 3.68249845144518
62 1996 0.714545454545455 0.338946228790004 4.08737496131236
62 1997 0.76 0.237207493213348 3.6837383058757
62 1998 0.805454545454545 0.357552585913337 4.1318858399944
62 1999 0.850909090909091 0.37756451543491 4.20731869618869
62 2000 0.896363636363636 0.306106686683161 3.90940651323442
62 2001 0.941818181818182 0.32778673402653 3.96392746747338
62 2002 0.987272727272727 0.491156599088145 4.60512212361425
67 1994 0.237272727272727 0.156629737472587 3.54170815577409
67 1995 0.282727272727273 0.178273063044846 3.60638280714997
67 1996 0.328181818181818 0.268490858547323 3.92808939715225
67 1997 0.373636363636364 0.216851440149344 3.70043652274372
67 1998 0.419090909090909 0.46161392089481 4.65158592115334
67 1999 0.464545454545455 0.241859983106347 3.76711466643764
67 2000 0.51 0.266643767998336 3.89058132978615
67 2001 0.555454545454545 0.184762381450358 3.53636217989805
67 2002 0.600909090909091 0.293860193265599 3.93911877995297
68 1994 0.555454545454545 0.204793014160624 3.63984616419912
68 1995 0.600909090909091 0.486592962372395 4.71238778235531
68 1996 0.646363636363636 0.492600105756949 4.69519312420763
68 1997 0.691818181818182 0.400446133235665 4.31836117904353
68 1998 0.737272727272727 0.406713658459406 4.33956299198915
68 1999 0.782727272727273 0.341232942394343 4.07743103714676
68 2000 0.828181818181818 0.514758715098213 4.72725009866745
68 2001 0.873636363636364 0.428828589346237 4.38761823152796
68 2002 0.919090909090909 0.367906578296982 4.13113389207212
69 1994 0.328181818181818 0.641368907341691 5.3481380901722
69 1995 0.373636363636364 0.174503309446627 3.55652296624013
69 1996 0.419090909090909 0.601458166042297 5.19811333912784
69 1997 0.464545454545455 0.329752982841735 4.1344216548416
69 1998 0.51 0.288485109452149 3.95491516861564
69 1999 0.555454545454545 0.305767154536648 4.00435354212109
69 2000 0.600909090909091 0.404140441339815 4.38596194070017
69 2001 0.646363636363636 0.481009043597954 4.66351846775102
69 2002 0.691818181818182 0.581813457453834 5.05050921126191
71 1994 0.191818181818182 0.334696129298975 4.21590630830655
71 1995 0.237272727272727 0.666929173727204 5.4935101484387
71 1996 0.282727272727273 0.210267580256467 3.7231873836057
71 1997 0.328181818181818 0.275400228716221 3.96365840075246
71 1998 0.373636363636364 0.31916905653847 4.13029317351432
71 1999 0.419090909090909 0.473174588273527 4.69412332139192
71 2000 0.464545454545455 0.329261852810308 4.11645735356375
71 2001 0.51 0.140078990387596 3.38795290222238
71 2002 0.555454545454545 0.50082901892146 4.74246345335251
74 1994 0.555454545454545 0.298250720214847 3.96500777074566
74 1995 0.600909090909091 0.273159532273117 3.87574412238252
74 1996 0.646363636363636 0.471258517514366 4.60953914017532
74 1997 0.691818181818182 0.162386637028227 3.40461879015366
74 1998 0.737272727272727 0.307390391034081 3.95526936156835
74 1999 0.782727272727273 0.152964271847593 3.32826211017382
74 2000 0.828181818181818 0.303343793273077 3.90796720381345
74 2001 0.873636363636364 0.350039644569406 4.09952804697161
74 2002 0.919090909090909 0.146322681372494 3.27531461703736
75 1994 0.350909090909091 0.305507715540992 4.0860683694259
75 1995 0.396363636363636 0.157061250075258 3.49949783891583
75 1996 0.441818181818182 0.370167295779236 4.29273217897694
75 1997 0.487272727272727 0.338543478320191 4.16150166391811
75 1998 0.532727272727273 0.172254567500911 3.47981230272921
75 1999 0.578181818181818 0.497466643467432 4.73820585222639
75 2000 0.623636363636364 0.248243609776299 3.77276608080133
75 2001 0.669090909090909 0.212497701802149 3.59766571253889
75 2002 0.714545454545455 0.150145302732619 3.35350612533808
76 1994 0.589545454545455 0.38913951872162 4.33284887524424
76 1995 0.635 0.426668714992653 4.44164738304049
76 1996 0.680454545454545 0.213003669837996 3.61186504129426
76 1997 0.725909090909091 0.429624424475044 4.43717898642121
76 1998 0.771363636363636 0.167830134534295 3.40357288912607
76 1999 0.816818181818182 0.307076012325013 3.91719425707199
76 2000 0.862272727272727 0.270809183977131 3.76522305855883
76 2001 0.907727272727273 0.326994450609727 3.97920513539568
76 2002 0.953181818181818 0.347595156315474 4.04374011710973
77 1994 0.328181818181818 0.250719795525188 3.86708813324259
77 1995 0.373636363636364 0.39322201546194 4.39856949889832
77 1996 0.419090909090909 0.235483749721167 3.77201804828662
77 1997 0.464545454545455 0.199437319047941 3.61310854227205
77 1998 0.51 0.457632683428163 4.62139130329378
77 1999 0.555454545454545 0.123042684483291 3.32261615220158
77 2000 0.600909090909091 0.173949459356733 3.47933866980726
77 2001 0.646363636363636 0.226396339700605 3.66836456208132
77 2002 0.691818181818182 0.370888564247168 4.21422660725471
81 1994 0.566818181818182 0.398249695794411 4.37646013869308
81 1995 0.612272727272727 0.452666414787865 4.55846307107021
81 1996 0.657727272727273 0.183574243462421 3.50116803027296
81 1997 0.703181818181818 0.185260527985154 3.49241542398247
81 1998 0.748636363636364 0.387921074515253 4.25640498454065
81 1999 0.794090909090909 0.378310345089688 4.22021588126099
81 2000 0.839545454545455 0.23047288302145 3.61960405067641
81 2001 0.885 0.192768640565367 3.46352855279805
81 2002 0.930454545454545 0.156437071748687 3.33721895333352
82 1994 0.271363636363636 0.485032451065527 4.7967887016714
82 1995 0.316818181818182 0.114688724557872 3.33560890310753
82 1996 0.362272727272727 0.291042395411151 3.99824132516511
82 1997 0.407727272727273 0.254279117060146 3.85909578028258
82 1998 0.453181818181818 0.492208386606791 4.75499291950414
82 1999 0.498636363636364 0.0944152194630808 3.24390772292073
82 2000 0.544090909090909 0.380162577461309 4.28294914404947
82 2001 0.589545454545455 0.257566585098124 3.81252718168225
82 2002 0.635 0.128066075181106 3.30429417308863
83 1994 0.146363636363636 0.371932718215366 4.39475478670681
83 1995 0.191818181818182 0.487199508274707 4.80381161865647
83 1996 0.237272727272727 0.383730125436621 4.41136515577116
83 1997 0.282727272727273 0.274271113946558 3.9805710512324
83 1998 0.328181818181818 0.506158933731058 4.84197059289827
83 1999 0.373636363636364 0.145455930151946 3.43757119259345
83 2000 0.419090909090909 0.31834377062468 4.10061467582745
83 2001 0.464545454545455 0.232005162455119 3.76498197410594
83 2002 0.51 0.422888611705373 4.47402021350513
84 1994 0.498636363636364 0.405480410103878 4.40339478367988
84 1995 0.544090909090909 0.301326356480619 3.99538247115133
84 1996 0.589545454545455 0.434653948864231 4.51624584654415
84 1997 0.635 0.330786866650605 4.08184972965686
84 1998 0.680454545454545 0.153113975383198 3.37321143575097
84 1999 0.725909090909091 0.194953546515697 3.53017198131291
84 2000 0.771363636363636 0.289953583551924 3.88860995153298
84 2001 0.816818181818182 0.308507741502103 3.93191906205526
84 2002 0.862272727272727 0.227408435979779 3.61051235525454
87 1994 0.544090909090909 0.217053380726031 3.66214336071571
87 1995 0.589545454545455 0.198166305484768 3.59996742758626
87 1996 0.635 0.266104382266082 3.83122456774106
87 1997 0.680454545454545 0.072928756531585 3.07321065217103
87 1998 0.725909090909091 0.236755741429207 3.70992462305799
87 1999 0.771363636363636 0.112471431101056 3.18993927569543
87 2000 0.816818181818182 0.19281117590937 3.49683113120942
87 2001 0.862272727272727 0.168931833347794 3.38072789023653
87 2002 0.907727272727273 0.32716256354898 3.99549126788047
89 1994 0.566818181818182 0.528379873925889 4.84703768552041
89 1995 0.612272727272727 0.159287952076187 3.41926434760886
89 1996 0.657727272727273 0.168576043849704 3.46437885542746
89 1997 0.703181818181818 0.432141732800807 4.43573758373823
89 1998 0.748636363636364 0.357204602876217 4.15555264785851
89 1999 0.794090909090909 0.350774354232901 4.12053709701857
89 2000 0.839545454545455 0.174279245668127 3.40805922654236
89 2001 0.885 0.342886773014465 4.03349894819384
89 2002 0.930454545454545 0.465263012173029 4.50196088877409
90 1994 0.203181818181818 0.355703602391196 4.31557512517296
90 1995 0.248636363636364 0.357525050878364 4.28244243486953
90 1996 0.294090909090909 0.579155454825282 5.14470739279425
90 1997 0.339545454545455 0.299351377538324 4.05048434181952
90 1998 0.385 0.128461969048301 3.38586567968449
90 1999 0.430454545454545 0.216074458789073 3.69501009081768
90 2000 0.475909090909091 0.387965032385226 4.35532120170233
90 2001 0.521363636363636 0.535782986150928 4.91888143284846
90 2002 0.566818181818182 0.54195863799236 4.9241755732566
91 1994 0.214545454545455 0.441834515217258 4.64190083402542
91 1995 0.26 0.110622446192109 3.34275778104829
91 1996 0.305454545454545 0.387245838826708 4.38866301541103
91 1997 0.350909090909091 0.68802325647086 5.55004660852694
91 1998 0.396363636363636 0.207719236295619 3.67917677115563
91 1999 0.441818181818182 0.405571713220644 4.42632110957192
91 2000 0.487272727272727 0.493489163853088 4.75386933263079
91 2001 0.532727272727273 0.267244516262086 3.87027821267551
91 2002 0.578181818181818 0.333844604100265 4.09903224309502
93 1994 0.01 0.19235479629804 3.73848589158266
93 1995 0.0554545454545455 0.177874906048737 3.67566347148404
93 1996 0.100909090909091 0.235447586848472 3.88134037593086
93 1997 0.146363636363636 0.0625653619972763 3.1997054252626
93 1998 0.191818181818182 0.409623122726589 4.51683277011035
93 1999 0.237272727272727 0.56937867175027 5.12104123886896
93 2000 0.282727272727273 0.135724975685676 3.4263178820189
93 2001 0.328181818181818 0.221412669112728 3.75096798060969
93 2002 0.373636363636364 0.158977369706315 3.50090954468873
98 1994 0.555454545454545 0.15058064313659 3.39134629309141
98 1995 0.600909090909091 0.467518209284265 4.62667188483228
98 1996 0.646363636363636 0.680843703273593 5.41595142744662
98 1997 0.691818181818182 0.396222099250114 4.32735245560329
98 1998 0.737272727272727 0.521515089007534 4.78935993322674
98 1999 0.782727272727273 0.181458119742746 3.45561996407918
98 2000 0.828181818181818 0.417196521145501 4.35255632151242
98 2001 0.873636363636364 0.290867441624903 3.86177545548033
98 2002 0.919090909090909 0.347149571829297 4.0585383366659
99 1994 0.555454545454545 0.679383719706213 5.45214264628079
99 1995 0.600909090909091 0.353121619721387 4.17334939172887
99 1996 0.646363636363636 0.450652195029817 4.54021062415951
99 1997 0.691818181818182 0.316000196703135 4.01094676283116
99 1998 0.737272727272727 0.203531348467108 3.54729352715012
99 1999 0.782727272727273 0.322595325066597 3.99737570276164
99 2000 0.828181818181818 0.564219681201646 4.92275497642215
99 2001 0.873636363636364 0.489635924939546 4.61176141188363
99 2002 0.919090909090909 0.169986157466231 3.36886748321378
101 1994 0.578181818181818 0.312263611366233 4.03347578318644
101 1995 0.623636363636364 0.236000166054736 3.71400185753207
101 1996 0.669090909090909 0.290100801748607 3.90428587088543
101 1997 0.714545454545455 0.279972964007304 3.85523084267833
101 1998 0.76 0.406832426638713 4.33515432991487
101 1999 0.805454545454545 0.315207710893954 3.93375074695034
101 2000 0.850909090909091 0.403336962577197 4.29318710929469
101 2001 0.896363636363636 0.378057133341297 4.172127088212
101 2002 0.941818181818182 0.336915544487075 4.01423130576868
102 1994 0.0213636363636364 0.294058561493887 4.12626746516439
102 1995 0.0668181818181818 0.584203206916409 5.21615777752433
102 1996 0.112272727272727 0.527584866051935 4.98957250042535
102 1997 0.157727272727273 0.217524618386316 3.78697233272415
102 1998 0.203181818181818 0.507135073646229 4.89704567089205
102 1999 0.248636363636364 0.240801118077217 3.86180268711537
102 2000 0.294090909090909 0.165800062746097 3.55373657425611
102 2001 0.339545454545455 0.570624077306372 5.11741175061965
102 2002 0.385 0.433237484576761 4.53690128169278
105 1994 0.407727272727273 0.298103940885622 4.01558792173046
105 1995 0.453181818181818 0.254658924888465 3.84647828743779
105 1996 0.498636363636364 0.184300795464524 3.58077919220179
105 1997 0.544090909090909 0.26013255767249 3.83289628103776
105 1998 0.589545454545455 0.216127994028799 3.66054649140154
105 1999 0.635 0.168071037491151 3.44446925201593
105 2000 0.680454545454545 0.369858600876615 4.22139332337806
105 2001 0.725909090909091 0.329032925864122 4.04993422236027
105 2002 0.771363636363636 0.309003400442826 3.97431374270558
106 1994 0.305454545454545 0.168378425558996 3.54979483019242
106 1995 0.350909090909091 0.262875313755589 3.90762907529395
106 1996 0.396363636363636 0.191881146094983 3.62031547561324
106 1997 0.441818181818182 0.127704123824646 3.35404481709
106 1998 0.487272727272727 0.290306137941896 3.96803650058758
106 1999 0.532727272727273 0.332702379172 4.14082192892726
106 2000 0.578181818181818 0.312240134388465 4.02454849942387
106 2001 0.623636363636364 0.341056710210576 4.12141361390767
106 2002 0.669090909090909 0.235897059249003 3.69577209165832
108 1994 0.475909090909091 0.31825020037074 4.06930586538281
108 1995 0.521363636363636 0.261877265740441 3.85271734262541
108 1996 0.566818181818182 0.19501689172456 3.56687900963175
108 1997 0.612272727272727 0.497596240852854 4.73129246011203
108 1998 0.657727272727273 0.376070770706892 4.25182065727579
108 1999 0.703181818181818 1.01 6.6725274292275
108 2000 0.748636363636364 0.356932160460599 4.15277814118501
108 2001 0.794090909090909 0.393003704151304 4.26173811182216
108 2002 0.839545454545455 0.785034279178627 5.75459779621505
112 1994 0.555454545454545 0.175381118423895 3.49735097587241
112 1995 0.600909090909091 0.262446646018381 3.85151132347733
112 1996 0.646363636363636 0.348013925053437 4.1393694534447
112 1997 0.691818181818182 0.487966351032224 4.67656931059576
112 1998 0.737272727272727 0.124415264927949 3.24495688133866
112 1999 0.782727272727273 0.205815675515034 3.5455490329589
112 2000 0.828181818181818 0.37536272537999 4.20209051521368
112 2001 0.873636363636364 0.240072952170113 3.66423275114757
112 2002 0.919090909090909 0.24673461685047 3.67765387378777
115 1994 0.487272727272727 0.489496130504411 4.74166910248137
115 1995 0.532727272727273 0.336738447740996 4.11918128674411
115 1996 0.578181818181818 0.292681283313543 3.95126086741625
115 1997 0.623636363636364 0.158262872841093 3.43034615274048
115 1998 0.669090909090909 0.557819672778505 4.94111664431399
115 1999 0.714545454545455 0.549316884786323 4.89475895905783
115 2000 0.76 0.262949729315229 3.77607337320458
115 2001 0.805454545454545 0.22348381918542 3.60072809863399
115 2002 0.850909090909091 0.344912215833411 4.07413949308559
117 1994 0.305454545454545 0.464415567923597 4.70995449227764
117 1995 0.350909090909091 0.0990729373279991 3.26314252136412
117 1996 0.396363636363636 0.330931441103385 4.16136467700258
117 1997 0.441818181818182 0.447970846761611 4.5835918465005
117 1998 0.487272727272727 0.177542021281288 3.53879997293451
117 1999 0.532727272727273 0.284327532334926 3.93783962741728
117 2000 0.578181818181818 0.415417644481561 4.41529276057985
117 2001 0.623636363636364 0.271191480699042 3.8380373159329
117 2002 0.669090909090909 0.216534257320999 3.63574563099623
118 1994 0.316818181818182 0.351236113255891 4.26376364451871
118 1995 0.362272727272727 0.329014551287529 4.15998197501066
118 1996 0.407727272727273 0.462018244857502 4.65598125593846
118 1997 0.453181818181818 0.321247449593371 4.10591180042094
118 1998 0.498636363636364 0.324822756322184 4.10259247897125
118 1999 0.544090909090909 0.417691650950973 4.44300253623573
118 2000 0.589545454545455 0.199590533134451 3.59371884546033
118 2001 0.635 0.144569617618997 3.35476565906051
118 2002 0.680454545454545 0.527372564605915 4.82067862461684
120 1994 0.0213636363636364 0.341731463987572 4.33328590700392
120 1995 0.0668181818181818 0.237869707630982 3.90484369063731
120 1996 0.112272727272727 0.295516247365962 4.11869672090035
120 1997 0.157727272727273 0.192637708319536 3.69170487349427
120 1998 0.203181818181818 0.563949255370954 5.1095742233758
120 1999 0.248636363636364 0.3920627948184 4.44847245068854
120 2000 0.294090909090909 0.287619715020243 4.030893104349
120 2001 0.339545454545455 0.287409281414133 4.00278310342432
120 2002 0.385 0.273103334839962 3.94508985100085
123 1994 0.589545454545455 0.322664204522537 4.0490172997381
123 1995 0.635 0.248316359441232 3.78117980674533
123 1996 0.680454545454545 0.448800608668203 4.52434909463246
123 1997 0.725909090909091 0.267545807780841 3.79787067947388
123 1998 0.771363636363636 0.237824063550811 3.67473019272385
123 1999 0.816818181818182 0.241987617367923 3.66942721213531
123 2000 0.862272727272727 0.313712699614346 3.95140277153582
123 2001 0.907727272727273 0.654449572309805 5.24421404276685
123 2002 0.953181818181818 0.376066491254813 4.15820360611077
124 1994 0.487272727272727 0.317711262406344 4.09032514280692
124 1995 0.532727272727273 0.304065785086528 4.00644530890329
124 1996 0.578181818181818 0.330175678530366 4.08066357482472
124 1997 0.623636363636364 0.188162753006849 3.51616864808534
124 1998 0.669090909090909 0.476637526780032 4.63260335789532
124 1999 0.714545454545455 0.148125931193621 3.35460477662957
124 2000 0.76 0.32140916324834 3.99964919324227
124 2001 0.805454545454545 0.228958207219878 3.64116573454098
124 2002 0.850909090909091 0.306605281308175 3.92027884953936
126 1994 0.566818181818182 0.251654051817336 3.79536557940472
126 1995 0.612272727272727 0.183039170437354 3.5280380381236
126 1996 0.657727272727273 0.375761367172554 4.25505660394916
126 1997 0.703181818181818 0.389557902515131 4.2961218640665
126 1998 0.748636363636364 0.275886820193175 3.83512667996832
126 1999 0.794090909090909 0.24941411829877 3.73149652813745
126 2000 0.839545454545455 0.369005953187597 4.15833604480527
126 2001 0.885 0.363291555152795 4.10629644463908
126 2002 0.930454545454545 0.338936914901781 4.02947194301478
128 1994 0.385 0.303134578271565 4.06221010830956
128 1995 0.430454545454545 0.345838371692298 4.18799181852549
128 1996 0.475909090909091 0.310894148270613 4.04557392169005
128 1997 0.521363636363636 0.209764193058727 3.63982549659961
128 1998 0.566818181818182 0.761940260719149 5.75382896521691
128 1999 0.612272727272727 0.333928902036318 4.08173159118473
128 2000 0.657727272727273 0.249096487298942 3.75834446003292
128 2001 0.703181818181818 0.309144218778383 3.98781174756838
128 2002 0.748636363636364 0.405135990920199 4.35107445872416
129 1994 0.419090909090909 0.466549476842172 4.67986673659429
129 1995 0.464545454545455 0.327917987271926 4.12736611642114
129 1996 0.51 0.456010250255622 4.59408803323584
129 1997 0.555454545454545 0.372783155548178 4.26142843909722
129 1998 0.600909090909091 0.3194200971504 4.04893656276178
129 1999 0.646363636363636 0.179815589531564 3.4888692025546
129 2000 0.691818181818182 0.331383238193067 4.06833826437003
129 2001 0.737272727272727 0.262439899743433 3.78646511117462
129 2002 0.782727272727273 0.251345579193074 3.73655302396846
135 1994 0.01 0.198515959845186 3.7541731707787
135 1995 0.0554545454545455 0.29779431849505 4.15425411531444
135 1996 0.100909090909091 0.34848110534017 4.31103273446606
135 1997 0.146363636363636 0.164763684955031 3.59365533633647
135 1998 0.191818181818182 0.568642651310021 5.14204579551948
135 1999 0.237272727272727 0.583748881927616 5.19262386977362
135 2000 0.282727272727273 0.0917059461527561 3.26558404589661
135 2001 0.328181818181818 0.171959357386679 3.56673911379491
135 2002 0.373636363636364 0.149805369645052 3.46759029519791
136 1994 0.146363636363636 0.0982659252752881 3.33528115547083
136 1995 0.191818181818182 0.251801001103986 3.89562119254819
136 1996 0.237272727272727 0.153195272935921 3.54317600012248
136 1997 0.282727272727273 0.134437701497574 3.42940265075048
136 1998 0.328181818181818 0.0990826882185198 3.27603586749753
136 1999 0.373636363636364 0.266584444495271 3.88350871843192
136 2000 0.419090909090909 0.321489184795763 4.10826076711986
136 2001 0.464545454545455 0.247801883765338 3.803407431884
136 2002 0.51 0.358191589751879 4.20464809182383
137 1994 0.305454545454545 0.164659435327665 3.54039700672807
137 1995 0.350909090909091 0.203447440730217 3.68132674235018
137 1996 0.396363636363636 0.209797115088233 3.69558282769228
137 1997 0.441818181818182 0.60118820836762 5.19803237490248
137 1998 0.487272727272727 0.138340922012747 3.37181309221043
137 1999 0.532727272727273 0.261086843198047 3.84749622126469
137 2000 0.578181818181818 0.173433634000985 3.50479164469735
137 2001 0.623636363636364 0.313456361347416 4.02993207976326
137 2002 0.669090909090909 0.262352362582042 3.81181591995854
138 1994 0.271363636363636 0.181630108055105 3.61419094656846
138 1995 0.316818181818182 0.287217607917593 4.01827151133967
138 1996 0.362272727272727 0.250143506476121 3.84526275362821
138 1997 0.407727272727273 0.289679665174006 4.01112506633836
138 1998 0.453181818181818 0.162948571479003 3.49977941613603
138 1999 0.498636363636364 0.180316267331725 3.5357387799706
138 2000 0.544090909090909 0.259525603284906 3.84234808858493
138 2001 0.589545454545455 0.122595415222862 3.30187497716309
138 2002 0.635 0.183632413780853 3.51702066303296
140 1994 0.316818181818182 0.21096008377921 3.72306117875653
140 1995 0.362272727272727 0.323587839671035 4.14306047958655
140 1996 0.407727272727273 0.147140639513709 3.44441872990664
140 1997 0.453181818181818 0.185577706879936 3.60127014361498
140 1998 0.498636363636364 0.630457706430481 5.2794909489042
140 1999 0.544090909090909 0.326996646374462 4.08734886762659
140 2000 0.589545454545455 0.47937343963672 4.67068444942492
140 2001 0.635 0.193166051262821 3.55346206422521
140 2002 0.680454545454545 0.676359352961634 5.3997931982475
141 1994 0.225909090909091 0.313031153406072 4.13744197123336
141 1995 0.271363636363636 0.276233571288602 3.99241704017289
141 1996 0.316818181818182 0.21153864766625 3.71906922894065
141 1997 0.362272727272727 0.238288136785294 3.8169052898182
141 1998 0.407727272727273 0.405728593077584 4.44075984382591
141 1999 0.453181818181818 0.141236502610558 3.397407165518
141 2000 0.498636363636364 0.450713686061285 4.57805875028974
141 2001 0.544090909090909 0.479329843433 4.68674519518543
141 2002 0.589545454545455 0.263255263217085 3.81182040948226
143 1994 0.635 0.375834887934611 4.25507219837513
143 1995 0.680454545454545 0.239659276851838 3.70531812790529
143 1996 0.725909090909091 0.338310180944142 4.08824734568365
143 1997 0.771363636363636 0.288008161281825 3.86363499257932
143 1998 0.816818181818182 0.450211177386108 4.48633189399236
143 1999 0.862272727272727 0.28202818984698 3.81947386478452
143 2000 0.907727272727273 0.219201899136381 3.56907379853327
143 2001 0.953181818181818 0.328966274367724 3.96365041262556
143 2002 0.998636363636364 0.388233120601096 4.18689767038326
144 1994 0.0895454545454545 0.229317639669324 3.86156424504371
144 1995 0.135 0.346007591662552 4.29489550448145
144 1996 0.180454545454545 0.242021685187422 3.87331094197289
144 1997 0.225909090909091 0.536961127205531 4.98926187775462
144 1998 0.271363636363636 0.321475426895551 4.13993999036944
144 1999 0.316818181818182 0.315198648438236 4.1230289195661
144 2000 0.362272727272727 0.242040473354558 3.82685657895904
144 2001 0.407727272727273 0.395034283327124 4.39507975011778
144 2002 0.453181818181818 0.270190017629862 3.90121723566616
146 1994 0.566818181818182 0.368638695740121 4.24938462845888
146 1995 0.612272727272727 0.286080336999506 3.92974116759578
146 1996 0.657727272727273 0.444350431540123 4.52578166548735
146 1997 0.703181818181818 0.273224066436585 3.83891404151653
146 1998 0.748636363636364 0.267275038153962 3.79452475710288
146 1999 0.794090909090909 0.554569119423255 4.89382989415698
146 2000 0.839545454545455 0.215443165205355 3.57755002728134
146 2001 0.885 0.392143092589057 4.23502711091122
146 2002 0.930454545454545 0.369168888762902 4.13410837043149
148 1994 0.180454545454545 0.111882855351808 3.37574924247235
148 1995 0.225909090909091 0.179779791872536 3.6393293739448
148 1996 0.271363636363636 0.0997349408041417 3.29041574099312
148 1997 0.316818181818182 0.224137308418755 3.75676088196749
148 1998 0.362272727272727 0.56003842136086 5.05365215160527
148 1999 0.407727272727273 0.508858199350724 4.83834575668207
148 2000 0.453181818181818 0.237193084405358 3.76702406660726
148 2001 0.498636363636364 0.396808134061866 4.3890349340283
148 2002 0.544090909090909 0.468666287964844 4.63872719807317
149 1994 0.157727272727273 0.111105759188172 3.39701426036935
149 1995 0.203181818181818 0.532420794688678 4.99402138376199
149 1996 0.248636363636364 0.359855204911288 4.31034685781426
149 1997 0.294090909090909 0.245315175190595 3.83457116757341
149 1998 0.339545454545455 0.363253426171946 4.29605697370255
149 1999 0.385 0.422217468092168 4.52144487359829
149 2000 0.430454545454545 0.366626128766899 4.28181314806229
149 2001 0.475909090909091 0.354744397541631 4.23649206741608
149 2002 0.521363636363636 0.170125979687204 3.48952656620354
150 1994 0.146363636363636 0.17231265133603 3.60477426339702
150 1995 0.191818181818182 0.259782384673996 3.96038380617176
150 1996 0.237272727272727 0.264978747558483 3.93976103128696
150 1997 0.282727272727273 0.361123497561585 4.3136790447489
150 1998 0.328181818181818 0.473230966753538 4.74814697557759
150 1999 0.373636363636364 0.435507315353387 4.58335961137864
150 2000 0.419090909090909 0.0839943483690381 3.1941893860635
150 2001 0.464545454545455 0.233827959305909 3.73599655557054
150 2002 0.51 0.453564739691556 4.59414403729256
151 1994 0.51 0.276110419635158 3.91379834550685
151 1995 0.555454545454545 0.221024620654441 3.68580293382913
151 1996 0.600909090909091 0.362962608838203 4.19492500026962
151 1997 0.646363636363636 0.288354538014503 3.92300641325665
151 1998 0.691818181818182 0.573369035959253 4.99453843308953
151 1999 0.737272727272727 0.25398813679405 3.75102242028986
151 2000 0.782727272727273 0.297255685088426 3.91846990718311
151 2001 0.828181818181818 0.348317865982644 4.08971991900326
151 2002 0.873636363636364 0.331245290170967 4.01748450272508
152 1994 0.0213636363636364 0.272190863534551 4.03875273203112
152 1995 0.0668181818181818 0.332582056702659 4.27326416017225
152 1996 0.112272727272727 0.182245823564659 3.66119470526042
152 1997 0.157727272727273 0.321531572954543 4.18693302050884
152 1998 0.203181818181818 0.493813090835308 4.84025590468001
152 1999 0.248636363636364 0.226629252964834 3.80197358545741
152 2000 0.294090909090909 0.237545020117104 3.82722805724452
152 2001 0.339545454545455 0.334351627024097 4.1883921039242
152 2002 0.385 0.442217004973465 4.570526328253
153 1994 0.635 0.224282413753157 3.65616555749324
153 1995 0.680454545454545 0.286985799853764 3.9049354226794
153 1996 0.725909090909091 0.227678540954193 3.67442703233396
153 1997 0.771363636363636 0.491386805181258 4.65974127839315
153 1998 0.816818181818182 0.514858197639044 4.74528580034096
153 1999 0.862272727272727 0.255876860627457 3.71274780432799
153 2000 0.907727272727273 0.427476731537371 4.34054958565586
153 2001 0.953181818181818 0.496439762214808 4.61392457312879
153 2002 0.998636363636364 0.423841877094087 4.33439949157865
154 1994 0.146363636363636 0.185805834931153 3.67252193859117
154 1995 0.191818181818182 0.091075316086438 3.27976699945126
154 1996 0.237272727272727 0.329362295784887 4.20511804857192
154 1997 0.282727272727273 0.216058107456604 3.74967447639978
154 1998 0.328181818181818 0.448255049868356 4.63223266246323
154 1999 0.373636363636364 0.354131387402642 4.26164856429107
154 2000 0.419090909090909 0.198140874983684 3.65758530189815
154 2001 0.464545454545455 0.378755780397144 4.32060272510973
154 2002 0.51 0.264992759221967 3.86762617464304
155 1994 0.600909090909091 0.360927575823915 4.19843640342887
155 1995 0.646363636363636 0.375582581812791 4.26344991311334
155 1996 0.691818181818182 0.328222950285145 4.06064873798283
155 1997 0.737272727272727 0.343371101931749 4.07734528364295
155 1998 0.782727272727273 0.0396472291030366 2.90237684302636
155 1999 0.828181818181818 0.241114832735374 3.67693287634337
155 2000 0.873636363636364 0.218989542893339 3.57786741875284
155 2001 0.919090909090909 0.21152539118744 3.52880605450838
155 2002 0.964545454545455 0.301101193737373 3.86087362552117
161 1994 0.339545454545455 0.591674662647344 5.17082584067058
161 1995 0.385 0.365830506963872 4.28898896684463
161 1996 0.430454545454545 0.419851248754191 4.4820801022433
161 1997 0.475909090909091 0.199589913943247 3.60474431396911
161 1998 0.521363636363636 0.456376707425813 4.60112290159464
161 1999 0.566818181818182 0.139305536188904 3.3707909670896
161 2000 0.612272727272727 0.315200473955546 4.0404080070315
161 2001 0.657727272727273 0.304476537782805 3.97102059441014
161 2002 0.703181818181818 0.346490555766995 4.13870769478321
162 1994 0.521363636363636 0.0778801762426528 3.13994080501391
162 1995 0.566818181818182 0.449340865557204 4.56208394815383
162 1996 0.612272727272727 0.244078728933393 3.76322217032195
162 1997 0.657727272727273 0.519713167550559 4.79021613851793
162 1998 0.703181818181818 0.305289021073821 3.9734676385022
162 1999 0.748636363636364 0.230724053477041 3.65175820557012
162 2000 0.794090909090909 0.283345683747703 3.83780400383585
162 2001 0.839545454545455 0.417563874298396 4.34130629012556
162 2002 0.885 0.347873053306946 4.07414454778235
163 1994 0.203181818181818 0.191757909707371 3.66431453120085
163 1995 0.248636363636364 0.334628684898659 4.22004916626245
163 1996 0.294090909090909 0.365123829090037 4.31414202148577
163 1997 0.339545454545455 0.552748328064053 5.03115926384527
163 1998 0.385 0.38832987658182 4.37926900723456
163 1999 0.430454545454545 0.233753984188381 3.76885656102713
163 2000 0.475909090909091 0.226034006572313 3.71865919141683
163 2001 0.521363636363636 0.280445629192168 3.9257279342802
163 2002 0.566818181818182 0.372221102799418 4.2571225779803
164 1994 0.0213636363636364 0.537795680122554 5.06401096853707
164 1995 0.0668181818181818 0.293358689417702 4.10307947076159
164 1996 0.112272727272727 0.208722150596016 3.77110604955239
164 1997 0.157727272727273 0.378547513374243 4.41970414886897
164 1998 0.203181818181818 0.264826696588618 3.95630053365855
164 1999 0.248636363636364 0.408202757128549 4.50128366581596
164 2000 0.294090909090909 0.220002436600765 3.76772698803097
164 2001 0.339545454545455 0.413286752598026 4.48449830461848
164 2002 0.385 0.396541087896799 4.41349619583045
166 1994 0.237272727272727 0.395106465145217 4.45603985918473
166 1995 0.282727272727273 0.456316879531949 4.6782963862065
166 1996 0.328181818181818 0.397105682557342 4.42671015645602
166 1997 0.373636363636364 0.280276002651512 3.97689443226898
166 1998 0.419090909090909 0.0648114939100369 3.10721735689667
166 1999 0.464545454545455 0.208008158848669 3.65964321063625
166 2000 0.51 0.327767783266029 4.09763843700812
166 2001 0.555454545454545 0.390339181310877 4.32619317120651
166 2002 0.600909090909091 0.358380243683824 4.18333779050749
167 1994 0.600909090909091 0.349117126725506 4.16863243653011
167 1995 0.646363636363636 0.275468189239115 3.87823849525329
167 1996 0.691818181818182 0.442331640451377 4.47237609055791
167 1997 0.737272727272727 0.049982624524998 2.96427817270564
167 1998 0.782727272727273 0.231186655961859 3.64616295831972
167 1999 0.828181818181818 0.377915645260901 4.19635593846033
167 2000 0.873636363636364 0.327206213067209 3.98430593046829
167 2001 0.919090909090909 0.280855111327026 3.80372494395788
167 2002 0.964545454545455 0.254238566697909 3.68273128668121
168 1994 0.0895454545454545 0.394541183611966 4.50513540225064
168 1995 0.135 0.40676902119329 4.54293959050119
168 1996 0.180454545454545 0.480568636984848 4.78160537645157
168 1997 0.225909090909091 0.151938790399848 3.50697277028001
168 1998 0.271363636363636 0.432031490029143 4.58720916043678
168 1999 0.316818181818182 0.199832781192133 3.67581476168658
168 2000 0.362272727272727 0.30046747308293 4.06301476549316
168 2001 0.407727272727273 0.24919133333046 3.82585989798164
168 2002 0.453181818181818 0.232767625725044 3.76384030314392
170 1994 0.123636363636364 0.297031853263194 4.08312420910915
170 1995 0.169090909090909 0.29271164460252 4.07364073548689
170 1996 0.214545454545455 0.255110261112865 3.92095553989425
170 1997 0.26 0.508554279181578 4.88243434916585
170 1998 0.305454545454545 0.0669579393280042 3.17675641894402
170 1999 0.350909090909091 0.142486963881949 3.4400754098674
170 2000 0.396363636363636 0.401736297958593 4.44301579748092
170 2001 0.441818181818182 0.387231097106086 4.37367664870126
170 2002 0.487272727272727 0.507621689708128 4.79461344246096
173 1994 0.635 0.404736243136023 4.3653566761032
173 1995 0.680454545454545 0.102421244644902 3.16986191184847
173 1996 0.725909090909091 0.231192130975266 3.66677765651232
173 1997 0.771363636363636 0.529902038038504 4.81247010151983
173 1998 0.816818181818182 0.269704587894801 3.78294584492133
173 1999 0.862272727272727 0.817419631864233 5.88195462203946
173 2000 0.907727272727273 0.201204202239568 3.47389232027199
173 2001 0.953181818181818 0.32862201275609 3.98008358766192
173 2002 0.998636363636364 0.375920831708845 4.14265370983226
178 1994 0.169090909090909 0.18792807250399 3.6743987714104
178 1995 0.214545454545455 0.266751734031181 3.9745059134956
178 1996 0.26 0.271682009957075 3.96821554412038
178 1997 0.305454545454545 0.311801576064398 4.11724125341523
178 1998 0.350909090909091 0.273185803660473 3.94715000250076
178 1999 0.396363636363636 0.424093001782974 4.50629939901036
178 2000 0.441818181818182 0.209835882869362 3.68077572376338
178 2001 0.487272727272727 0.69775710182107 5.54672120901062
178 2002 0.532727272727273 0.374607467580864 4.28015772080171
179 1994 0.191818181818182 0.357171260488736 4.31814395216716
179 1995 0.237272727272727 0.335813787517624 4.23520961492923
179 1996 0.282727272727273 0.254321184530333 3.87856790342842
179 1997 0.328181818181818 0.312120256883858 4.09981940709966
179 1998 0.373636363636364 0.674002857065287 5.48483364917613
179 1999 0.419090909090909 0.418055619973478 4.5014789306159
179 2000 0.464545454545455 0.580707442689029 5.08651818851431
179 2001 0.51 0.333235287879394 4.11552572243408
179 2002 0.555454545454545 0.431233563365745 4.48213055880888
180 1994 0.339545454545455 0.126156872947237 3.36754483268854
180 1995 0.385 0.247677853438281 3.83413747660855
180 1996 0.430454545454545 0.345584282855129 4.19242905509059
180 1997 0.475909090909091 0.349031464778382 4.19077749898558
180 1998 0.521363636363636 0.146798120825849 3.3961785352524
180 1999 0.566818181818182 0.130087570571187 3.31915913442302
180 2000 0.612272727272727 0.508733316263208 4.77132222600641
180 2001 0.657727272727273 0.113055916896429 3.22970529434067
180 2002 0.703181818181818 0.351415287647157 4.14115631090854
182 1994 0.112272727272727 0.170963287000997 3.63257040970314
182 1995 0.157727272727273 0.227077984223011 3.83739218618004
182 1996 0.203181818181818 0.433536123628253 4.59282107699851
182 1997 0.248636363636364 0.454311066557618 4.6534130042898
182 1998 0.294090909090909 0.241310842991965 3.84181868862174
182 1999 0.339545454545455 0.349943546947869 4.22668407026374
182 2000 0.385 0.302776428389745 4.04419842483432
182 2001 0.430454545454545 0.309970575782247 4.07489372233407
182 2002 0.475909090909091 0.103533774933934 3.23374470027295
183 1994 0.0554545454545455 0.1639125574827 3.62261916423648
183 1995 0.100909090909091 0.392118307885098 4.49370108086219
183 1996 0.146363636363636 0.311286282754066 4.15295908021994
183 1997 0.191818181818182 0.378018455325548 4.39195329889481
183 1998 0.237272727272727 0.324453785959018 4.16847975841091
183 1999 0.282727272727273 0.490732720630536 4.81735393373693
183 2000 0.328181818181818 0.588940779704588 5.17309898444675
183 2001 0.373636363636364 0.413761174433833 4.47956570346036
183 2002 0.419090909090909 0.10836215440108 3.31120045422044
184 1994 0.498636363636364 0.176878816892765 3.52584570498323
184 1995 0.544090909090909 0.161282328523652 3.45355608528837
184 1996 0.589545454545455 0.362259525605557 4.22106742755907
184 1997 0.635 0.29889153056348 3.95948015814154
184 1998 0.680454545454545 0.143935654545484 3.35434487123795
184 1999 0.725909090909091 0.384150743649225 4.25066474630027
184 2000 0.771363636363636 0.234001094488733 3.66337302383733
184 2001 0.816818181818182 0.509960396485417 4.70226233433631
184 2002 0.862272727272727 0.334696461250665 4.02013028185101
185 1994 0.555454545454545 0.338122947869881 4.13512077591047
185 1995 0.600909090909091 0.408571741114859 4.3889642266941
185 1996 0.646363636363636 0.264044144825172 3.83079541705023
185 1997 0.691818181818182 0.477142660212726 4.64495697308358
185 1998 0.737272727272727 0.27700844289397 3.84762303195498
185 1999 0.782727272727273 0.268538659392074 3.8021782252813
185 2000 0.828181818181818 0.477225321853688 4.57349931988184
185 2001 0.873636363636364 0.304689690083464 3.89080297864186
185 2002 0.919090909090909 0.326721304263434 3.95979949983449
187 1994 0.112272727272727 0.444442577602343 4.6967014905203
187 1995 0.157727272727273 0.359605060848919 4.3273636777494
187 1996 0.203181818181818 0.375537643702671 4.39133593831599
187 1997 0.248636363636364 0.405785919325501 4.47948846444953
187 1998 0.294090909090909 0.365339351233559 4.32027037418271
187 1999 0.339545454545455 0.333405285513736 4.18695577170753
187 2000 0.385 0.365358960252976 4.29430242597768
187 2001 0.430454545454545 0.415365383534815 4.46894379555507
187 2002 0.475909090909091 0.188761887446911 3.58069944284148
188 1994 0.135 0.537225907041169 5.02620963540581
188 1995 0.180454545454545 0.494556334280491 4.84619794631458
188 1996 0.225909090909091 0.537765848366088 5.01690898141364
188 1997 0.271363636363636 0.10648568111766 3.33213148615497
188 1998 0.316818181818182 0.249768286193484 3.8659414109121
188 1999 0.362272727272727 0.234943619979558 3.77587126703091
188 2000 0.407727272727273 0.357489211915385 4.26048686393088
188 2001 0.453181818181818 0.384529081319938 4.34926072679488
188 2002 0.498636363636364 0.195115741836416 3.59164760014863
189 1994 0.328181818181818 0.463822430543313 4.69040667990597
189 1995 0.373636363636364 0.37789625981816 4.33869883586001
189 1996 0.419090909090909 0.40485792026586 4.44111711835966
189 1997 0.464545454545455 0.20022518120156 3.6253268968881
189 1998 0.51 0.365614366071957 4.25968598846584
189 1999 0.555454545454545 0.445147806179439 4.54745502990757
189 2000 0.600909090909091 0.380562482316396 4.28785175152825
189 2001 0.646363636363636 0.229497009148054 3.67354614225653
189 2002 0.691818181818182 0.452801416274695 4.54300705621859
190 1994 0.521363636363636 0.111628246215967 3.25828909787055
190 1995 0.566818181818182 0.187294746865303 3.54968967512485
190 1996 0.612272727272727 0.24077960647524 3.72757261632654
190 1997 0.657727272727273 0.255733719658576 3.77910058133161
190 1998 0.703181818181818 0.387094060865504 4.2726918701292
190 1999 0.748636363636364 0.317184677904171 3.97948704993629
190 2000 0.794090909090909 0.0719929965847764 3.03210087925454
190 2001 0.839545454545455 0.487384194319389 4.62692412229047
190 2002 0.885 0.259791962578429 3.74044415170367
191 1994 0.157727272727273 0.412209633709115 4.53803364699417
191 1995 0.203181818181818 0.201881877869373 3.71793980742921
191 1996 0.248636363636364 0.413312948967368 4.52472975534246
191 1997 0.294090909090909 0.416450862472099 4.51305951140046
191 1998 0.339545454545455 0.325737035937964 4.15296627460076
191 1999 0.385 0.228125089047743 3.75257876245378
191 2000 0.430454545454545 0.522661407891524 4.89316893467319
191 2001 0.475909090909091 0.251381591965073 3.80342318874487
191 2002 0.521363636363636 0.512757530084894 4.81756248284795
192 1994 0.191818181818182 0.226952349211139 3.81784612243706
192 1995 0.237272727272727 0.364956655850959 4.33295578309329
192 1996 0.282727272727273 0.557074112696381 5.05975173948733
192 1997 0.328181818181818 0.29745274210422 4.04428269610439
192 1998 0.373636363636364 0.317351752030154 4.09900203238457
192 1999 0.419090909090909 0.345009882477436 4.20794761856751
192 2000 0.464545454545455 0.445655596329618 4.56060064564328
192 2001 0.51 0.609148031544503 5.20060896865523
192 2002 0.555454545454545 0.569631648352941 5.0238219346339
195 1994 0.112272727272727 0.495473986655167 4.87526318268878
195 1995 0.157727272727273 0.17200757390992 3.6149565734538
195 1996 0.203181818181818 0.384217916455797 4.41878138780923
195 1997 0.248636363636364 0.339036392378948 4.21987109410992
195 1998 0.294090909090909 0.439717180742286 4.60111700261906
195 1999 0.339545454545455 0.42998132057841 4.56784869666198
195 2000 0.385 0.527515528530731 4.92475577338288
195 2001 0.430454545454545 0.297017653963398 3.9915467863399
195 2002 0.475909090909091 0.10164287462634 3.24795826495703
196 1994 0.453181818181818 0.302952011765367 4.02064507419774
196 1995 0.498636363636364 0.30630524193311 4.03227534311871
196 1996 0.544090909090909 0.22670841855781 3.70884303516438
196 1997 0.589545454545455 0.48040655144324 4.65961846562443
196 1998 0.635 0.357266511909047 4.17669864668543
196 1999 0.680454545454545 0.260562419076224 3.79779377096303
196 2000 0.725909090909091 0.261203948431016 3.76228504968547
196 2001 0.771363636363636 0.425000099011756 4.41207791061997
196 2002 0.816818181818182 0.45692134178037 4.53190429351525
197 1994 0.225909090909091 0.366273395701432 4.35821404570431
197 1995 0.271363636363636 0.349595746816507 4.27188855192368
197 1996 0.316818181818182 0.261744195487674 3.91596091518922
197 1997 0.362272727272727 0.4354149599894 4.5724587716265
197 1998 0.407727272727273 0.0836781385923471 3.18765108456683
197 1999 0.453181818181818 0.362810806592449 4.27811649690001
197 2000 0.498636363636364 0.132005549382137 3.35963769329353
197 2001 0.544090909090909 0.312780136138967 4.06234086365609
197 2002 0.589545454545455 0.25933134753849 3.82317646403403
199 1994 0.532727272727273 0.790850867680178 5.89220353820348
199 1995 0.578181818181818 0.333119185275537 4.09030508877915
199 1996 0.623636363636364 0.395929965892939 4.32535805371953
199 1997 0.669090909090909 0.206967817847016 3.60364675919516
199 1998 0.714545454545455 0.11826963552158 3.23628760635677
199 1999 0.76 0.228807212879972 3.65159365121434
199 2000 0.805454545454545 0.218126505295248 3.59660983915337
199 2001 0.850909090909091 0.231027811792393 3.64535717913208
199 2002 0.896363636363636 0.335043027264351 4.00094867347145
200 1994 0.146363636363636 0.431779498481395 4.6079583844812
200 1995 0.191818181818182 0.428427197910543 4.58979425812214
200 1996 0.237272727272727 0.361799989413717 4.3423118631081
200 1997 0.282727272727273 0.388602513199767 4.41736410043569
200 1998 0.328181818181818 0.277887870500006 3.96620055530735
200 1999 0.373636363636364 0.256423978923164 3.86713405808238
200 2000 0.419090909090909 0.0605964628078896 3.11285973432923
200 2001 0.464545454545455 0.219751070933383 3.6949155026254
200 2002 0.51 0.561703036393357 5.00797177822436
201 1994 0.271363636363636 0.318182902124793 4.15002396692404
201 1995 0.316818181818182 0.146923029177321 3.47215319313669
201 1996 0.362272727272727 0.426847957956657 4.53218862346674
201 1997 0.407727272727273 0.339908172039585 4.184881342727
201 1998 0.453181818181818 0.187577493670831 3.58430441753343
201 1999 0.498636363636364 0.46648349914555 4.64386938142295
201 2000 0.544090909090909 0.381846573284242 4.29710208873389
201 2001 0.589545454545455 0.297275783569888 3.96009887016554
201 2002 0.635 0.504226937885986 4.75096966894665
202 1994 0.294090909090909 0.140342166738309 3.44252735942611
202 1995 0.339545454545455 0.381814836471622 4.35372203052327
202 1996 0.385 0.354337445129982 4.23637050410593
202 1997 0.430454545454545 0.34368284831179 4.18355362960247
202 1998 0.475909090909091 0.136012071214484 3.3816475452306
202 1999 0.521363636363636 0.211331006655641 3.6517761364415
202 2000 0.566818181818182 0.298822459151656 3.98554737637956
202 2001 0.612272727272727 0.309281135925931 4.0147712632496
202 2002 0.657727272727273 0.324635927884969 4.04959331826454
207 1994 0.112272727272727 0.401462862798783 4.52762315593282
207 1995 0.157727272727273 0.260519185861444 3.9615605496458
207 1996 0.203181818181818 0.426694505991532 4.59259195687865
207 1997 0.248636363636364 0.0950507735834506 3.29281235790054
207 1998 0.294090909090909 0.221727372929933 3.76854565514342
207 1999 0.339545454545455 0.108987387104442 3.32073279617665
207 2000 0.385 0.169485215752524 3.54844282087002
207 2001 0.430454545454545 0.228160051948208 3.74168914412382
207 2002 0.475909090909091 0.460084704583559 4.62499997821186
209 1994 0.362272727272727 0.271891968095414 3.93026339001449
209 1995 0.407727272727273 0.286355456050369 3.98155667786523
209 1996 0.453181818181818 0.234575699487685 3.7641962076561
209 1997 0.498636363636364 0.154455650505055 3.4289716910845
209 1998 0.544090909090909 0.33983502856092 4.15696231239625
209 1999 0.589545454545455 0.245697367030515 3.75858318804138
209 2000 0.635 0.327004383901046 4.06063455843157
209 2001 0.680454545454545 0.377481124536995 4.25098043153377
209 2002 0.725909090909091 0.177786815293138 3.46069463283493
210 1994 0.430454545454545 0.289298309314918 3.99232974575702
210 1995 0.475909090909091 0.272288041363436 3.92056778557764
210 1996 0.521363636363636 0.344617521695116 4.17067297773411
210 1997 0.566818181818182 0.130831163480721 3.33145239229661
210 1998 0.612272727272727 0.138254891834192 3.35906224316006
210 1999 0.657727272727273 0.53671032331321 4.87023083014729
210 2000 0.703181818181818 0.264414154945715 3.80129646611814
210 2001 0.748636363636364 0.379024313076102 4.22699246555918
210 2002 0.794090909090909 0.275472563670801 3.8357667328464
211 1994 0.635 0.282912179125439 3.90490250730965
211 1995 0.680454545454545 0.239096305895792 3.71678941535357
211 1996 0.725909090909091 0.258504524218351 3.76690210394619
211 1997 0.771363636363636 0.102656760415474 3.15650793150185
211 1998 0.816818181818182 0.267373072242068 3.78190563686994
211 1999 0.862272727272727 0.239216641316647 3.6582606932566
211 2000 0.907727272727273 0.17846202386699 3.40680869089538
211 2001 0.953181818181818 0.486384663588533 4.56119854729574
211 2002 0.998636363636364 0.268220217629079 3.72039675863866
213 1994 0.135 0.419118812089511 4.56605641759997
213 1995 0.180454545454545 0.167046050559564 3.57783825964193
213 1996 0.225909090909091 0.286049625786949 4.02299721544782
213 1997 0.271363636363636 0.493191104400101 4.82581590879755
213 1998 0.316818181818182 0.700120346915209 5.59955372591623
213 1999 0.362272727272727 0.342488645112211 4.20383349457596
213 2000 0.407727272727273 0.418107862737249 4.49695123990135
213 2001 0.453181818181818 0.217493143350964 3.6969726357048
213 2002 0.498636363636364 0.403808654193344 4.41609139410879
217 1994 0.157727272727273 0.275792426959608 4.00270787679636
217 1995 0.203181818181818 0.502070762567332 4.86037566846507
217 1996 0.248636363636364 0.401396632720441 4.47116976031933
217 1997 0.294090909090909 0.522629779544001 4.93445361523827
217 1998 0.339545454545455 0.208632958149227 3.71266285585927
217 1999 0.385 0.385951540198635 4.37617824899473
217 2000 0.430454545454545 0.199315736381219 3.63875785636741
217 2001 0.475909090909091 0.312825859444534 4.06524982526081
217 2002 0.521363636363636 0.176924741595953 3.52938495440373
219 1994 0.419090909090909 0.500503806502083 4.80423679795312
219 1995 0.464545454545455 0.335474133922111 4.14723911999147
219 1996 0.51 0.324912004830906 4.09422033189028
219 1997 0.555454545454545 0.602507766471106 5.15890367870898
219 1998 0.600909090909091 0.269409383775627 3.85533887522384
219 1999 0.646363636363636 0.39909168631717 4.34301646031884
219 2000 0.691818181818182 0.452569251534883 4.53626984828446
219 2001 0.737272727272727 0.304962076229857 3.92784712395698
219 2002 0.782727272727273 0.520752046904429 4.78295235875868
220 1994 0.339545454545455 0.369924011832915 4.32059412134002
220 1995 0.385 0.1423743884118 3.4262818619703
220 1996 0.430454545454545 0.489112283088611 4.75045759460901
220 1997 0.475909090909091 0.296250031498733 3.99068665668549
220 1998 0.521363636363636 0.259702165745011 3.82853132398061
220 1999 0.566818181818182 0.388305506288933 4.30673911845364
220 2000 0.612272727272727 0.220847112924456 3.65072881459145
220 2001 0.657727272727273 0.374235713717546 4.24332022546045
220 2002 0.703181818181818 0.614604881687737 5.13383078646212
221 1994 0.362272727272727 0.319692773301314 4.11104320978068
221 1995 0.407727272727273 0.359633945200443 4.23800551455398
221 1996 0.453181818181818 0.321456625901487 4.09938027327595
221 1997 0.498636363636364 0.153901433352404 3.4235159844307
221 1998 0.544090909090909 0.384450620032718 4.31080430610891
221 1999 0.589545454545455 0.398125446736272 4.35844093529589
221 2000 0.635 0.29044417574694 3.94225829320078
221 2001 0.680454545454545 0.36292060893225 4.18939480861601
221 2002 0.725909090909091 0.44035799299432 4.46415685077315
223 1994 0.407727272727273 0.233060625157398 3.77093739078381
223 1995 0.453181818181818 0.265235160551923 3.88147376014866
223 1996 0.498636363636364 0.453103491489644 4.59868937168833
223 1997 0.544090909090909 0.27202615761951 3.87529664292533
223 1998 0.589545454545455 0.37127763193175 4.24397864759248
223 1999 0.635 0.139323862782445 3.32908782717588
223 2000 0.680454545454545 0.417240331499957 4.39724171346006
223 2001 0.725909090909091 0.256023582028409 3.76773241023497
223 2002 0.771363636363636 0.30791023041492 3.94749975401194
227 1994 0.282727272727273 0.30499847244089 4.09452847116587
227 1995 0.328181818181818 0.13789287770116 3.42208669104282
227 1996 0.373636363636364 0.217173705162828 3.71789303647068
227 1997 0.419090909090909 0.226258837899912 3.73793584106222
227 1998 0.464545454545455 0.215558293503805 3.69975351356609
227 1999 0.51 0.345421885136817 4.18003422756428
227 2000 0.555454545454545 0.459773556590252 4.60206944715903
227 2001 0.600909090909091 0.254951188164986 3.79755861499453
227 2002 0.646363636363636 0.311664565992049 3.99504225854687
229 1994 0.237272727272727 0.412004811196361 4.51494362054674
229 1995 0.282727272727273 0.234976449596562 3.82025254824518
229 1996 0.328181818181818 0.458894955423549 4.67765173739133
229 1997 0.373636363636364 0.36580625080422 4.28663067655561
229 1998 0.419090909090909 0.0878473930958472 3.21561507777114
229 1999 0.464545454545455 0.183470344325195 3.56573163937027
229 2000 0.51 0.310716453176928 4.04386671297618
229 2001 0.555454545454545 0.438478190468708 4.52373940198638
229 2002 0.600909090909091 0.33795688230397 4.12564474924696
230 1994 0.0440909090909091 0.205079429716601 3.76945128315563
230 1995 0.0895454545454545 0.253478349506637 3.93736655590407
230 1996 0.135 0.481729889389672 4.82225944782603
230 1997 0.180454545454545 0.437234284415033 4.64895033917799
230 1998 0.225909090909091 0.498552907975569 4.84967953496893
230 1999 0.271363636363636 0.191692568124983 3.64661098672782
230 2000 0.316818181818182 0.278331017446748 3.96501604735393
230 2001 0.362272727272727 0.336433117525339 4.18461045753905
230 2002 0.407727272727273 0.485715992019917 4.74078300823232
231 1994 0.282727272727273 0.427331204306587 4.55528593373819
231 1995 0.328181818181818 0.236086236825262 3.81113332040467
231 1996 0.373636363636364 0.265260786060043 3.90820283994809
231 1997 0.419090909090909 0.250393194797697 3.82249614755478
231 1998 0.464545454545455 0.395497953061865 4.40150308082238
231 1999 0.51 0.183093390577049 3.54856822212982
231 2000 0.555454545454545 0.117322308725813 3.26320772538579
231 2001 0.600909090909091 0.311579573327152 4.00827851471116
231 2002 0.646363636363636 0.0700375821270782 3.07459775793697
234 1994 0.555454545454545 0.401313435459781 4.36413653996674
234 1995 0.600909090909091 0.241294654305031 3.73505444310282
234 1996 0.646363636363636 0.0694477741782105 3.04949724110069
234 1997 0.691818181818182 0.240500619274718 3.70956255494033
234 1998 0.737272727272727 0.357944166790459 4.14705212904027
234 1999 0.782727272727273 0.258686231836325 3.74847441545831
234 2000 0.828181818181818 0.314813460855689 3.96251101436619
234 2001 0.873636363636364 0.226676396915215 3.6129072586126
234 2002 0.919090909090909 0.243358853471504 3.66140299798957
235 1994 0.305454545454545 0.275157875942997 3.98610701306768
235 1995 0.350909090909091 0.347179181105491 4.21991795292899
235 1996 0.396363636363636 0.283178686236999 3.96389950040555
235 1997 0.441818181818182 0.160265085199805 3.49000669545599
235 1998 0.487272727272727 0.327577626287967 4.12250658010783
235 1999 0.532727272727273 0.560277062710993 5.00634622067128
235 2000 0.578181818181818 0.252728377592655 3.77769784153205
235 2001 0.623636363636364 0.132746062067851 3.30145989369143
235 2002 0.669090909090909 0.203285020579284 3.58876278313838
236 1994 0.180454545454545 0.188814097290762 3.6785869542093
236 1995 0.225909090909091 0.300974669153013 4.10234004360685
236 1996 0.271363636363636 0.472400869033293 4.74645999793918
236 1997 0.316818181818182 0.263241857687823 3.90693776640834
236 1998 0.362272727272727 0.24349341210292 3.85290199133506
236 1999 0.407727272727273 0.294554217996548 3.99893589088505
236 2000 0.453181818181818 0.685977518986899 5.52393791925066
236 2001 0.498636363636364 0.463921471194979 4.63033073437124
236 2002 0.544090909090909 0.218042038923006 3.67635971584108
237 1994 0.373636363636364 0.264676580448573 3.89767613271948
237 1995 0.419090909090909 0.267043114606895 3.90391715075825
237 1996 0.464545454545455 0.261047019206535 3.85692907372977
237 1997 0.51 0.455454098971171 4.5982784564342
237 1998 0.555454545454545 0.361500305736308 4.23069515174993
237 1999 0.600909090909091 0.156162188047701 3.42293479083727
237 2000 0.646363636363636 0.272941123342484 3.85575854107183
237 2001 0.691818181818182 0.36012713044788 4.18134590554659
237 2002 0.737272727272727 0.309947073432173 3.95446603115939
239 1994 0.135 0.297112750006835 4.08992837817632
239 1995 0.180454545454545 0.241257800277508 3.8702758910493
239 1996 0.225909090909091 0.199785225854762 3.69431506753538
239 1997 0.271363636363636 0.321063625915585 4.14978160591618
239 1998 0.316818181818182 0.190213828868184 3.62778169121668
239 1999 0.362272727272727 0.376653746104654 4.34583664834899
239 2000 0.407727272727273 0.278043196968633 3.95266856662687
239 2001 0.453181818181818 0.267089894534879 3.90329224784081
239 2002 0.498636363636364 0.0553290798103217 3.06313399252221
240 1994 0.612272727272727 0.26412942941785 3.82865090264557
240 1995 0.657727272727273 0.341732704693155 4.12260864482777
240 1996 0.703181818181818 0.391985843728506 4.2865495337681
240 1997 0.748636363636364 0.19935791718388 3.54648095162104
240 1998 0.794090909090909 0.375647261439695 4.20174573317842
240 1999 0.839545454545455 0.234375018796236 3.65033385296463
240 2000 0.885 0.408551235775364 4.31171866623589
240 2001 0.930454545454545 0.525217357459527 4.73118026492514
240 2002 0.975909090909091 0.310847308304119 3.89372589552996
241 1994 0.282727272727273 0.216730711342085 3.74606636836928
241 1995 0.328181818181818 0.223774275936129 3.77132773623466
241 1996 0.373636363636364 0.167671675573053 3.53001839742154
241 1997 0.419090909090909 0.262726073380898 3.89351500309149
241 1998 0.464545454545455 0.287694842530908 3.96651306863822
241 1999 0.51 0.240241476920935 3.76275210993093
241 2000 0.555454545454545 0.322362643203252 4.06900952083638
241 2001 0.600909090909091 0.300655388800284 3.97048874013672
241 2002 0.646363636363636 0.322700216857349 4.03900448881406
244 1994 0.112272727272727 0.445736909302193 4.67626871402923
244 1995 0.157727272727273 0.105273962695 3.35770855021656
244 1996 0.203181818181818 0.458080971686362 4.71001010490005
244 1997 0.248636363636364 0.409557734338064 4.49148633433545
244 1998 0.294090909090909 0.409080849241217 4.47844204937216
244 1999 0.339545454545455 0.228493817986683 3.77043480197327
244 2000 0.385 0.339301416562596 4.18712922680786
244 2001 0.430454545454545 0.14589386741999 3.43100184837007
244 2002 0.475909090909091 0.293923704641662 3.9866670297984
250 1994 0.475909090909091 0.517534770623887 4.85865429339859
250 1995 0.521363636363636 0.47069164458711 4.63805558716356
250 1996 0.566818181818182 0.141381838025133 3.37181445169895
250 1997 0.612272727272727 0.246075786177394 3.75365917151976
250 1998 0.657727272727273 0.261984144876619 3.81796587965467
250 1999 0.703181818181818 0.154846469947396 3.3665217718948
250 2000 0.748636363636364 0.407983931903165 4.35560380427155
250 2001 0.794090909090909 0.320754182913637 3.99596194182412
250 2002 0.839545454545455 0.354731504059909 4.08996963761657
251 1994 0.248636363636364 0.183006553530772 3.63400727009891
251 1995 0.294090909090909 0.177603528323605 3.58754500353287
251 1996 0.339545454545455 0.20254275768718 3.67022967164715
251 1997 0.385 0.344757209344923 4.22751127494875
251 1998 0.430454545454545 0.366940935512812 4.28667542124634
251 1999 0.475909090909091 0.24153912571691 3.80298730572616
251 2000 0.521363636363636 0.301104736133368 3.99101276449439
251 2001 0.566818181818182 0.264730446875857 3.85463711583276
251 2002 0.612272727272727 0.342756886449552 4.14534631663225
253 1994 0.248636363636364 0.200920839678153 3.71081676386317
253 1995 0.294090909090909 0.295051793590613 4.05374027108069
253 1996 0.339545454545455 0.191307231896436 3.62358003129244
253 1997 0.385 0.210862999751272 3.67949394944614
253 1998 0.430454545454545 0.262303919101887 3.87947284909646
253 1999 0.475909090909091 0.993186702000094 6.66984015404587
253 2000 0.521363636363636 0.357640646023224 4.23895375017846
253 2001 0.566818181818182 0.331208920057746 4.09461548442097
253 2002 0.612272727272727 0.396406648044367 4.34157333334921
254 1994 0.26 0.386208448235321 4.41239473006936
254 1995 0.305454545454545 0.242503575621616 3.84439215912478
254 1996 0.350909090909091 0.417473910480047 4.48755970937194
254 1997 0.396363636363636 0.265492084538926 3.90714253704222
254 1998 0.441818181818182 0.399762178088641 4.41352695752558
254 1999 0.487272727272727 0.339219912259844 4.1536321815409
254 2000 0.532727272727273 0.486964606312505 4.71952975791594
254 2001 0.578181818181818 0.335173451820023 4.10456816194809
254 2002 0.623636363636364 0.131194275144355 3.30766673039242
255 1994 0.430454545454545 0.110000755766415 3.29064806855349
255 1995 0.475909090909091 0.224041778707485 3.71450641271638
255 1996 0.521363636363636 0.0929991006565953 3.19189158444023
255 1997 0.566818181818182 0.141424708453981 3.35578041407496
255 1998 0.612272727272727 0.493119329300906 4.70904337477813
255 1999 0.657727272727273 0.168268030226518 3.43249912030727
255 2000 0.703181818181818 0.488687809818551 4.67040767552643
255 2001 0.748636363636364 0.0901042315821622 3.1053735596452
255 2002 0.794090909090909 0.179774384998496 3.44027805274017
256 1994 0.339545454545455 0.364479212836882 4.2961881470116
256 1995 0.385 0.0798332874678656 3.18325163028666
256 1996 0.430454545454545 0.267140696740994 3.90490657143318
256 1997 0.475909090909091 0.0973600535582243 3.24154015234791
256 1998 0.521363636363636 0.361106609181837 4.22782377443869
256 1999 0.566818181818182 0.0999865366859315 3.21129449016089
256 2000 0.612272727272727 0.378123666237366 4.26503006111673
256 2001 0.657727272727273 0.119339908190067 3.23625076602006
256 2002 0.703181818181818 0.252810175028388 3.75804004229811
257 1994 0.441818181818182 0.225470247581005 3.73261432369481
257 1995 0.487272727272727 0.466696241749972 4.65771667826531
257 1996 0.532727272727273 0.0503836514807934 3.01923024043739
257 1997 0.578181818181818 0.520039403514683 4.82288869248422
257 1998 0.623636363636364 0.645672613361038 5.31123468234155
257 1999 0.669090909090909 0.353828738071128 4.15335523778378
257 2000 0.714545454545455 0.377267116619007 4.24184174623458
257 2001 0.76 0.08422066004328 3.09241994260551
257 2002 0.805454545454545 0.18457981017394 3.47379878351667
258 1994 0.01 0.293948877941777 4.13883656933896
258 1995 0.0554545454545455 0.431164824742614 4.63793591016415
258 1996 0.100909090909091 0.362059319352416 4.38812734360537
258 1997 0.146363636363636 0.337555539895468 4.25526654336998
258 1998 0.191818181818182 0.436606920446194 4.6222898903993
258 1999 0.237272727272727 0.359470608251683 4.30269166880102
258 2000 0.282727272727273 0.0580558973774243 3.13695321112731
258 2001 0.328181818181818 0.278587377161376 3.97516080394632
258 2002 0.373636363636364 0.213148623709835 3.68707270870767
263 1994 0.0668181818181818 0.293551823982797 4.11464652829272
263 1995 0.112272727272727 0.533711113443975 5.03861248090873
263 1996 0.157727272727273 0.374387762372911 4.37954180659227
263 1997 0.203181818181818 0.437995826195169 4.64030054715479
263 1998 0.248636363636364 0.238200333983137 3.83572589203479
263 1999 0.294090909090909 0.268144052633153 3.95179153525681
263 2000 0.339545454545455 0.307589905616136 4.08226020123615
263 2001 0.385 0.183510331470466 3.5892963131034
263 2002 0.430454545454545 0.374940180714125 4.3056913066948
264 1994 0.555454545454545 0.118764982283827 3.31057795629
264 1995 0.600909090909091 0.263343555902743 3.82470546122634
264 1996 0.646363636363636 0.282794013550288 3.89721898433601
264 1997 0.691818181818182 0.388123064241947 4.2816195580101
264 1998 0.737272727272727 0.151261421612859 3.36445370968826
264 1999 0.782727272727273 0.609283019495019 5.09422083652986
264 2000 0.828181818181818 0.186614633622583 3.45630132853782
264 2001 0.873636363636364 0.353379082740493 4.0925793991509
264 2002 0.919090909090909 0.259131490693046 3.71062579138749
265 1994 0.589545454545455 0.789313938139173 5.85432427503235
265 1995 0.635 0.28606877930544 3.91605954904824
265 1996 0.680454545454545 0.140767260855292 3.33795756981259
265 1997 0.725909090909091 0.232802493438508 3.66963990611598
265 1998 0.771363636363636 0.25212556990304 3.73094749092038
265 1999 0.816818181818182 0.403157938471027 4.3061489853103
265 2000 0.862272727272727 0.23245771165413 3.64966143841917
265 2001 0.907727272727273 0.320691509829492 3.96175182913388
265 2002 0.953181818181818 0.378294181020861 4.15902395786396
